   2.0170000e+03   7.0000000e+00   2.4000000e+01   7.0000000e+00   0.0000000e+00   0.0000000e+00   0.0000000e+00
   2.0170000e+03   7.0000000e+00   2.4000000e+01   7.0000000e+00   1.0000000e+00   0.0000000e+00   0.0000000e+00
   2.0170000e+03   7.0000000e+00   2.4000000e+01   7.0000000e+00   2.0000000e+00   0.0000000e+00   0.0000000e+00
   2.0170000e+03   7.0000000e+00   2.4000000e+01   7.0000000e+00   3.0000000e+00   0.0000000e+00   0.0000000e+00
   2.0170000e+03   7.0000000e+00   2.4000000e+01   7.0000000e+00   4.0000000e+00   0.0000000e+00   0.0000000e+00
   2.0170000e+03   7.0000000e+00   2.4000000e+01   7.0000000e+00   5.0000000e+00   0.0000000e+00   0.0000000e+00
   2.0170000e+03   7.0000000e+00   2.4000000e+01   7.0000000e+00   6.0000000e+00   0.0000000e+00   0.0000000e+00
   2.0170000e+03   7.0000000e+00   2.4000000e+01   7.0000000e+00   7.0000000e+00   0.0000000e+00   0.0000000e+00
   2.0170000e+03   7.0000000e+00   2.4000000e+01   7.0000000e+00   8.0000000e+00   0.0000000e+00   0.0000000e+00
   2.0170000e+03   7.0000000e+00   2.4000000e+01   7.0000000e+00   9.0000000e+00   0.0000000e+00   0.0000000e+00
   2.0170000e+03   7.0000000e+00   2.4000000e+01   7.0000000e+00   1.0000000e+01   0.0000000e+00   2.5000004e-01
   2.0170000e+03   7.0000000e+00   2.4000000e+01   7.0000000e+00   1.1000000e+01   0.0000000e+00   3.5000000e-01
   2.0170000e+03   7.0000000e+00   2.4000000e+01   7.0000000e+00   1.2000000e+01   0.0000000e+00   0.0000000e+00
   2.0170000e+03   7.0000000e+00   2.4000000e+01   7.0000000e+00   1.3000000e+01   0.0000000e+00   0.0000000e+00
   2.0170000e+03   7.0000000e+00   2.4000000e+01   7.0000000e+00   1.4000000e+01   0.0000000e+00   0.0000000e+00
   2.0170000e+03   7.0000000e+00   2.4000000e+01   7.0000000e+00   1.5000000e+01   0.0000000e+00   0.0000000e+00
   2.0170000e+03   7.0000000e+00   2.4000000e+01   7.0000000e+00   1.6000000e+01   0.0000000e+00   0.0000000e+00
   2.0170000e+03   7.0000000e+00   2.4000000e+01   7.0000000e+00   1.7000000e+01   0.0000000e+00   0.0000000e+00
   2.0170000e+03   7.0000000e+00   2.4000000e+01   7.0000000e+00   1.8000000e+01   0.0000000e+00   0.0000000e+00
   2.0170000e+03   7.0000000e+00   2.4000000e+01   7.0000000e+00   1.9000000e+01   0.0000000e+00   0.0000000e+00
   2.0170000e+03   7.0000000e+00   2.4000000e+01   7.0000000e+00   2.0000000e+01   0.0000000e+00   0.0000000e+00
   2.0170000e+03   7.0000000e+00   2.4000000e+01   7.0000000e+00   2.1000000e+01   0.0000000e+00   0.0000000e+00
   2.0170000e+03   7.0000000e+00   2.4000000e+01   7.0000000e+00   2.2000000e+01   0.0000000e+00   0.0000000e+00
   2.0170000e+03   7.0000000e+00   2.4000000e+01   7.0000000e+00   2.3000000e+01   0.0000000e+00   0.0000000e+00
   2.0170000e+03   7.0000000e+00   2.4000000e+01   7.0000000e+00   2.4000000e+01   0.0000000e+00   0.0000000e+00
   2.0170000e+03   7.0000000e+00   2.4000000e+01   7.0000000e+00   2.5000000e+01   0.0000000e+00   0.0000000e+00
   2.0170000e+03   7.0000000e+00   2.4000000e+01   7.0000000e+00   2.6000000e+01   0.0000000e+00   0.0000000e+00
   2.0170000e+03   7.0000000e+00   2.4000000e+01   7.0000000e+00   2.7000000e+01   0.0000000e+00   0.0000000e+00
   2.0170000e+03   7.0000000e+00   2.4000000e+01   7.0000000e+00   2.8000000e+01   0.0000000e+00   0.0000000e+00
   2.0170000e+03   7.0000000e+00   2.4000000e+01   7.0000000e+00   2.9000000e+01   0.0000000e+00   0.0000000e+00
   2.0170000e+03   7.0000000e+00   2.4000000e+01   7.0000000e+00   3.0000000e+01   0.0000000e+00   0.0000000e+00
   2.0170000e+03   7.0000000e+00   2.4000000e+01   7.0000000e+00   3.1000000e+01   0.0000000e+00   0.0000000e+00
   2.0170000e+03   7.0000000e+00   2.4000000e+01   7.0000000e+00   3.2000000e+01   0.0000000e+00   0.0000000e+00
   2.0170000e+03   7.0000000e+00   2.4000000e+01   7.0000000e+00   3.3000000e+01   0.0000000e+00   0.0000000e+00
   2.0170000e+03   7.0000000e+00   2.4000000e+01   7.0000000e+00   3.4000000e+01   0.0000000e+00   0.0000000e+00
   2.0170000e+03   7.0000000e+00   2.4000000e+01   7.0000000e+00   3.5000000e+01   0.0000000e+00   0.0000000e+00
   2.0170000e+03   7.0000000e+00   2.4000000e+01   7.0000000e+00   3.6000000e+01   0.0000000e+00   0.0000000e+00
   2.0170000e+03   7.0000000e+00   2.4000000e+01   7.0000000e+00   3.7000000e+01   0.0000000e+00   0.0000000e+00
   2.0170000e+03   7.0000000e+00   2.4000000e+01   7.0000000e+00   3.8000000e+01   0.0000000e+00   0.0000000e+00
   2.0170000e+03   7.0000000e+00   2.4000000e+01   7.0000000e+00   3.9000000e+01   0.0000000e+00   0.0000000e+00
   2.0170000e+03   7.0000000e+00   2.4000000e+01   7.0000000e+00   4.0000000e+01   0.0000000e+00   0.0000000e+00
   2.0170000e+03   7.0000000e+00   2.4000000e+01   7.0000000e+00   4.1000000e+01   0.0000000e+00   0.0000000e+00
   2.0170000e+03   7.0000000e+00   2.4000000e+01   7.0000000e+00   4.2000000e+01   0.0000000e+00   0.0000000e+00
   2.0170000e+03   7.0000000e+00   2.4000000e+01   7.0000000e+00   4.3000000e+01   0.0000000e+00   0.0000000e+00
   2.0170000e+03   7.0000000e+00   2.4000000e+01   7.0000000e+00   4.4000000e+01   0.0000000e+00   0.0000000e+00
   2.0170000e+03   7.0000000e+00   2.4000000e+01   7.0000000e+00   4.5000000e+01   0.0000000e+00   0.0000000e+00
   2.0170000e+03   7.0000000e+00   2.4000000e+01   7.0000000e+00   4.6000000e+01   0.0000000e+00   0.0000000e+00
   2.0170000e+03   7.0000000e+00   2.4000000e+01   7.0000000e+00   4.7000000e+01   0.0000000e+00   0.0000000e+00
   2.0170000e+03   7.0000000e+00   2.4000000e+01   7.0000000e+00   4.8000000e+01   0.0000000e+00   0.0000000e+00
   2.0170000e+03   7.0000000e+00   2.4000000e+01   7.0000000e+00   4.9000000e+01   0.0000000e+00   1.0000000e+00
   2.0170000e+03   7.0000000e+00   2.4000000e+01   7.0000000e+00   5.0000000e+01   0.0000000e+00   2.6500000e+00
   2.0170000e+03   7.0000000e+00   2.4000000e+01   7.0000000e+00   5.1000000e+01   0.0000000e+00   2.7500000e+00
   2.0170000e+03   7.0000000e+00   2.4000000e+01   7.0000000e+00   5.2000000e+01   0.0000000e+00   1.9000000e+00
   2.0170000e+03   7.0000000e+00   2.4000000e+01   7.0000000e+00   5.3000000e+01   0.0000000e+00   1.2000000e+00
   2.0170000e+03   7.0000000e+00   2.4000000e+01   7.0000000e+00   5.4000000e+01   0.0000000e+00   2.2000001e+00
   2.0170000e+03   7.0000000e+00   2.4000000e+01   7.0000000e+00   5.5000000e+01   0.0000000e+00   3.0999999e+00
   2.0170000e+03   7.0000000e+00   2.4000000e+01   7.0000000e+00   5.6000000e+01   0.0000000e+00   1.9000000e+00
   2.0170000e+03   7.0000000e+00   2.4000000e+01   7.0000000e+00   5.7000000e+01   0.0000000e+00   9.4999997e-01
   2.0170000e+03   7.0000000e+00   2.4000000e+01   7.0000000e+00   5.8000000e+01   0.0000000e+00   6.0000000e-01
   2.0170000e+03   7.0000000e+00   2.4000000e+01   7.0000000e+00   5.9000000e+01   0.0000000e+00   3.5000000e-01
   2.0170000e+03   7.0000000e+00   2.4000000e+01   8.0000000e+00   0.0000000e+00   0.0000000e+00   2.4999997e-01
   2.0170000e+03   7.0000000e+00   2.4000000e+01   8.0000000e+00   1.0000000e+00   0.0000000e+00   8.4999996e-01
   2.0170000e+03   7.0000000e+00   2.4000000e+01   8.0000000e+00   2.0000000e+00   0.0000000e+00   9.5000000e-01
   2.0170000e+03   7.0000000e+00   2.4000000e+01   8.0000000e+00   3.0000000e+00   0.0000000e+00   6.0000000e-01
   2.0170000e+03   7.0000000e+00   2.4000000e+01   8.0000000e+00   4.0000000e+00   0.0000000e+00   6.0000000e-01
   2.0170000e+03   7.0000000e+00   2.4000000e+01   8.0000000e+00   5.0000000e+00   0.0000000e+00   6.0000000e-01
   2.0170000e+03   7.0000000e+00   2.4000000e+01   8.0000000e+00   6.0000000e+00   0.0000000e+00   1.3500000e+00
   2.0170000e+03   7.0000000e+00   2.4000000e+01   8.0000000e+00   7.0000000e+00   0.0000000e+00   2.4000000e+00
   2.0170000e+03   7.0000000e+00   2.4000000e+01   8.0000000e+00   8.0000000e+00   0.0000000e+00   2.4000000e+00
   2.0170000e+03   7.0000000e+00   2.4000000e+01   8.0000000e+00   9.0000000e+00   0.0000000e+00   1.8999999e+00
   2.0170000e+03   7.0000000e+00   2.4000000e+01   8.0000000e+00   1.0000000e+01   0.0000000e+00   1.2000000e+00
   2.0170000e+03   7.0000000e+00   2.4000000e+01   8.0000000e+00   1.1000000e+01   0.0000000e+00   9.4999997e-01
   2.0170000e+03   7.0000000e+00   2.4000000e+01   8.0000000e+00   1.2000000e+01   0.0000000e+00   3.4999996e-01
   2.0170000e+03   7.0000000e+00   2.4000000e+01   8.0000000e+00   1.3000000e+01   0.0000000e+00   0.0000000e+00
   2.0170000e+03   7.0000000e+00   2.4000000e+01   8.0000000e+00   1.4000000e+01   0.0000000e+00   0.0000000e+00
   2.0170000e+03   7.0000000e+00   2.4000000e+01   8.0000000e+00   1.5000000e+01   0.0000000e+00   0.0000000e+00
   2.0170000e+03   7.0000000e+00   2.4000000e+01   8.0000000e+00   1.6000000e+01   0.0000000e+00   2.5000000e-01
   2.0170000e+03   7.0000000e+00   2.4000000e+01   8.0000000e+00   1.7000000e+01   0.0000000e+00   3.5000003e-01
   2.0170000e+03   7.0000000e+00   2.4000000e+01   8.0000000e+00   1.8000000e+01   0.0000000e+00   0.0000000e+00
   2.0170000e+03   7.0000000e+00   2.4000000e+01   8.0000000e+00   1.9000000e+01   0.0000000e+00   2.5000000e-01
   2.0170000e+03   7.0000000e+00   2.4000000e+01   8.0000000e+00   2.0000000e+01   0.0000000e+00   6.0000000e-01
   2.0170000e+03   7.0000000e+00   2.4000000e+01   8.0000000e+00   2.1000000e+01   0.0000000e+00   8.5000000e-01
   2.0170000e+03   7.0000000e+00   2.4000000e+01   8.0000000e+00   2.2000000e+01   0.0000000e+00   1.4500000e+00
   2.0170000e+03   7.0000000e+00   2.4000000e+01   8.0000000e+00   2.3000000e+01   0.0000000e+00   1.3000000e+00
   2.0170000e+03   7.0000000e+00   2.4000000e+01   8.0000000e+00   2.4000000e+01   0.0000000e+00   6.0000000e-01
   2.0170000e+03   7.0000000e+00   2.4000000e+01   8.0000000e+00   2.5000000e+01   0.0000000e+00   6.0000000e-01
   2.0170000e+03   7.0000000e+00   2.4000000e+01   8.0000000e+00   2.6000000e+01   0.0000000e+00   6.0000000e-01
   2.0170000e+03   7.0000000e+00   2.4000000e+01   8.0000000e+00   2.7000000e+01   0.0000000e+00   6.0000000e-01
   2.0170000e+03   7.0000000e+00   2.4000000e+01   8.0000000e+00   2.8000000e+01   0.0000000e+00   3.5000003e-01
   2.0170000e+03   7.0000000e+00   2.4000000e+01   8.0000000e+00   2.9000000e+01   0.0000000e+00   2.4999996e-01
   2.0170000e+03   7.0000000e+00   2.4000000e+01   8.0000000e+00   3.0000000e+01   0.0000000e+00   3.5000000e-01
   2.0170000e+03   7.0000000e+00   2.4000000e+01   8.0000000e+00   3.1000000e+01   0.0000000e+00   0.0000000e+00
   2.0170000e+03   7.0000000e+00   2.4000000e+01   8.0000000e+00   3.2000000e+01   0.0000000e+00   0.0000000e+00
   2.0170000e+03   7.0000000e+00   2.4000000e+01   8.0000000e+00   3.3000000e+01   0.0000000e+00   2.5000000e-01
   2.0170000e+03   7.0000000e+00   2.4000000e+01   8.0000000e+00   3.4000000e+01   0.0000000e+00   3.5000000e-01
   2.0170000e+03   7.0000000e+00   2.4000000e+01   8.0000000e+00   3.5000000e+01   0.0000000e+00   0.0000000e+00
   2.0170000e+03   7.0000000e+00   2.4000000e+01   8.0000000e+00   3.6000000e+01   0.0000000e+00   0.0000000e+00
   2.0170000e+03   7.0000000e+00   2.4000000e+01   8.0000000e+00   3.7000000e+01   0.0000000e+00   0.0000000e+00
   2.0170000e+03   7.0000000e+00   2.4000000e+01   8.0000000e+00   3.8000000e+01   0.0000000e+00   0.0000000e+00
   2.0170000e+03   7.0000000e+00   2.4000000e+01   8.0000000e+00   3.9000000e+01   0.0000000e+00   0.0000000e+00
   2.0170000e+03   7.0000000e+00   2.4000000e+01   8.0000000e+00   4.0000000e+01   0.0000000e+00   0.0000000e+00
   2.0170000e+03   7.0000000e+00   2.4000000e+01   8.0000000e+00   4.1000000e+01   0.0000000e+00   0.0000000e+00
   2.0170000e+03   7.0000000e+00   2.4000000e+01   8.0000000e+00   4.2000000e+01   0.0000000e+00   2.5000003e-01
   2.0170000e+03   7.0000000e+00   2.4000000e+01   8.0000000e+00   4.3000000e+01   0.0000000e+00   3.4999996e-01
   2.0170000e+03   7.0000000e+00   2.4000000e+01   8.0000000e+00   4.4000000e+01   0.0000000e+00   0.0000000e+00
   2.0170000e+03   7.0000000e+00   2.4000000e+01   8.0000000e+00   4.5000000e+01   0.0000000e+00   0.0000000e+00
   2.0170000e+03   7.0000000e+00   2.4000000e+01   8.0000000e+00   4.6000000e+01   0.0000000e+00   2.4999996e-01
   2.0170000e+03   7.0000000e+00   2.4000000e+01   8.0000000e+00   4.7000000e+01   0.0000000e+00   8.5000000e-01
   2.0170000e+03   7.0000000e+00   2.4000000e+01   8.0000000e+00   4.8000000e+01   0.0000000e+00   1.4500000e+00
   2.0170000e+03   7.0000000e+00   2.4000000e+01   8.0000000e+00   4.9000000e+01   0.0000000e+00   2.0500000e+00
   2.0170000e+03   7.0000000e+00   2.4000000e+01   8.0000000e+00   5.0000000e+01   0.0000000e+00   2.4000000e+00
   2.0170000e+03   7.0000000e+00   2.4000000e+01   8.0000000e+00   5.1000000e+01   0.0000000e+00   2.6500000e+00
   2.0170000e+03   7.0000000e+00   2.4000000e+01   8.0000000e+00   5.2000000e+01   0.0000000e+00   3.5000000e+00
   2.0170000e+03   7.0000000e+00   2.4000000e+01   8.0000000e+00   5.3000000e+01   0.0000000e+00   4.2000000e+00
   2.0170000e+03   7.0000000e+00   2.4000000e+01   8.0000000e+00   5.4000000e+01   0.0000000e+00   3.6999999e+00
   2.0170000e+03   7.0000000e+00   2.4000000e+01   8.0000000e+00   5.5000000e+01   0.0000000e+00   3.7500000e+00
   2.0170000e+03   7.0000000e+00   2.4000000e+01   8.0000000e+00   5.6000000e+01   0.0000000e+00   5.0500000e+00
   2.0170000e+03   7.0000000e+00   2.4000000e+01   8.0000000e+00   5.7000000e+01   0.0000000e+00   4.6499999e+00
   2.0170000e+03   7.0000000e+00   2.4000000e+01   8.0000000e+00   5.8000000e+01   0.0000000e+00   3.3500000e+00
   2.0170000e+03   7.0000000e+00   2.4000000e+01   8.0000000e+00   5.9000000e+01   0.0000000e+00   3.2500000e+00
   2.0170000e+03   7.0000000e+00   2.4000000e+01   9.0000000e+00   0.0000000e+00   0.0000000e+00   3.6000000e+00
   2.0170000e+03   7.0000000e+00   2.4000000e+01   9.0000000e+00   1.0000000e+00   0.0000000e+00   3.1000000e+00
   2.0170000e+03   7.0000000e+00   2.4000000e+01   9.0000000e+00   2.0000000e+00   0.0000000e+00   1.6500001e+00
   2.0170000e+03   7.0000000e+00   2.4000000e+01   9.0000000e+00   3.0000000e+00   0.0000000e+00   6.0000000e-01
   2.0170000e+03   7.0000000e+00   2.4000000e+01   9.0000000e+00   4.0000000e+00   0.0000000e+00   6.0000000e-01
   2.0170000e+03   7.0000000e+00   2.4000000e+01   9.0000000e+00   5.0000000e+00   0.0000000e+00   6.0000000e-01
   2.0170000e+03   7.0000000e+00   2.4000000e+01   9.0000000e+00   6.0000000e+00   0.0000000e+00   3.5000000e-01
   2.0170000e+03   7.0000000e+00   2.4000000e+01   9.0000000e+00   7.0000000e+00   0.0000000e+00   2.5000000e-01
   2.0170000e+03   7.0000000e+00   2.4000000e+01   9.0000000e+00   8.0000000e+00   0.0000000e+00   3.5000000e-01
   2.0170000e+03   7.0000000e+00   2.4000000e+01   9.0000000e+00   9.0000000e+00   0.0000000e+00   2.5000000e-01
   2.0170000e+03   7.0000000e+00   2.4000000e+01   9.0000000e+00   1.0000000e+01   0.0000000e+00   3.4999997e-01
   2.0170000e+03   7.0000000e+00   2.4000000e+01   9.0000000e+00   1.1000000e+01   0.0000000e+00   2.5000004e-01
   2.0170000e+03   7.0000000e+00   2.4000000e+01   9.0000000e+00   1.2000000e+01   0.0000000e+00   2.6000000e+00
   2.0170000e+03   7.0000000e+00   2.4000000e+01   9.0000000e+00   1.3000000e+01   0.0000000e+00   5.8999999e+00
   2.0170000e+03   7.0000000e+00   2.4000000e+01   9.0000000e+00   1.4000000e+01   0.0000000e+00   7.5999998e+00
   2.0170000e+03   7.0000000e+00   2.4000000e+01   9.0000000e+00   1.5000000e+01   0.0000000e+00   7.0000000e+00
   2.0170000e+03   7.0000000e+00   2.4000000e+01   9.0000000e+00   1.6000000e+01   0.0000000e+00   2.7000002e+00
   2.0170000e+03   7.0000000e+00   2.4000000e+01   9.0000000e+00   1.7000000e+01   0.0000000e+00   1.0999999e+00
   2.0170000e+03   7.0000000e+00   2.4000000e+01   9.0000000e+00   1.8000000e+01   0.0000000e+00   2.3000000e+00
   2.0170000e+03   7.0000000e+00   2.4000000e+01   9.0000000e+00   1.9000000e+01   0.0000000e+00   2.7500000e+00
   2.0170000e+03   7.0000000e+00   2.4000000e+01   9.0000000e+00   2.0000000e+01   0.0000000e+00   1.9000000e+00
   2.0170000e+03   7.0000000e+00   2.4000000e+01   9.0000000e+00   2.1000000e+01   0.0000000e+00   1.2000000e+00
   2.0170000e+03   7.0000000e+00   2.4000000e+01   9.0000000e+00   2.2000000e+01   0.0000000e+00   1.9500000e+00
   2.0170000e+03   7.0000000e+00   2.4000000e+01   9.0000000e+00   2.3000000e+01   0.0000000e+00   2.5000000e+00
   2.0170000e+03   7.0000000e+00   2.4000000e+01   9.0000000e+00   2.4000000e+01   0.0000000e+00   1.2999999e+00
   2.0170000e+03   7.0000000e+00   2.4000000e+01   9.0000000e+00   2.5000000e+01   0.0000000e+00   6.0000000e-01
   2.0170000e+03   7.0000000e+00   2.4000000e+01   9.0000000e+00   2.6000000e+01   0.0000000e+00   8.5000000e-01
   2.0170000e+03   7.0000000e+00   2.4000000e+01   9.0000000e+00   2.7000000e+01   0.0000000e+00   6.9999994e-01
   2.0170000e+03   7.0000000e+00   2.4000000e+01   9.0000000e+00   2.8000000e+01   0.0000000e+00   5.0000009e-01
   2.0170000e+03   7.0000000e+00   2.4000000e+01   9.0000000e+00   2.9000000e+01   0.0000000e+00   9.5000000e-01
   2.0170000e+03   7.0000000e+00   2.4000000e+01   9.0000000e+00   3.0000000e+01   0.0000000e+00   6.0000000e-01
   2.0170000e+03   7.0000000e+00   2.4000000e+01   9.0000000e+00   3.1000000e+01   0.0000000e+00   6.0000000e-01
   2.0170000e+03   7.0000000e+00   2.4000000e+01   9.0000000e+00   3.2000000e+01   0.0000000e+00   6.0000000e-01
   2.0170000e+03   7.0000000e+00   2.4000000e+01   9.0000000e+00   3.3000000e+01   0.0000000e+00   3.5000003e-01
   2.0170000e+03   7.0000000e+00   2.4000000e+01   9.0000000e+00   3.4000000e+01   0.0000000e+00   0.0000000e+00
   2.0170000e+03   7.0000000e+00   2.4000000e+01   9.0000000e+00   3.5000000e+01   0.0000000e+00   0.0000000e+00
   2.0170000e+03   7.0000000e+00   2.4000000e+01   9.0000000e+00   3.6000000e+01   0.0000000e+00   2.5000000e-01
   2.0170000e+03   7.0000000e+00   2.4000000e+01   9.0000000e+00   3.7000000e+01   0.0000000e+00   3.5000000e-01
   2.0170000e+03   7.0000000e+00   2.4000000e+01   9.0000000e+00   3.8000000e+01   0.0000000e+00   0.0000000e+00
   2.0170000e+03   7.0000000e+00   2.4000000e+01   9.0000000e+00   3.9000000e+01   0.0000000e+00   0.0000000e+00
   2.0170000e+03   7.0000000e+00   2.4000000e+01   9.0000000e+00   4.0000000e+01   0.0000000e+00   0.0000000e+00
   2.0170000e+03   7.0000000e+00   2.4000000e+01   9.0000000e+00   4.1000000e+01   0.0000000e+00   0.0000000e+00
   2.0170000e+03   7.0000000e+00   2.4000000e+01   9.0000000e+00   4.2000000e+01   0.0000000e+00   0.0000000e+00
   2.0170000e+03   7.0000000e+00   2.4000000e+01   9.0000000e+00   4.3000000e+01   0.0000000e+00   0.0000000e+00
   2.0170000e+03   7.0000000e+00   2.4000000e+01   9.0000000e+00   4.4000000e+01   0.0000000e+00   0.0000000e+00
   2.0170000e+03   7.0000000e+00   2.4000000e+01   9.0000000e+00   4.5000000e+01   0.0000000e+00   0.0000000e+00
   2.0170000e+03   7.0000000e+00   2.4000000e+01   9.0000000e+00   4.6000000e+01   0.0000000e+00   0.0000000e+00
   2.0170000e+03   7.0000000e+00   2.4000000e+01   9.0000000e+00   4.7000000e+01   0.0000000e+00   2.4999997e-01
   2.0170000e+03   7.0000000e+00   2.4000000e+01   9.0000000e+00   4.8000000e+01   0.0000000e+00   3.5000004e-01
   2.0170000e+03   7.0000000e+00   2.4000000e+01   9.0000000e+00   4.9000000e+01   0.0000000e+00   0.0000000e+00
   2.0170000e+03   7.0000000e+00   2.4000000e+01   9.0000000e+00   5.0000000e+01   0.0000000e+00   0.0000000e+00
   2.0170000e+03   7.0000000e+00   2.4000000e+01   9.0000000e+00   5.1000000e+01   0.0000000e+00   0.0000000e+00
   2.0170000e+03   7.0000000e+00   2.4000000e+01   9.0000000e+00   5.2000000e+01   0.0000000e+00   0.0000000e+00
   2.0170000e+03   7.0000000e+00   2.4000000e+01   9.0000000e+00   5.3000000e+01   0.0000000e+00   0.0000000e+00
   2.0170000e+03   7.0000000e+00   2.4000000e+01   9.0000000e+00   5.4000000e+01   0.0000000e+00   0.0000000e+00
   2.0170000e+03   7.0000000e+00   2.4000000e+01   9.0000000e+00   5.5000000e+01   0.0000000e+00   0.0000000e+00
   2.0170000e+03   7.0000000e+00   2.4000000e+01   9.0000000e+00   5.6000000e+01   0.0000000e+00   0.0000000e+00
   2.0170000e+03   7.0000000e+00   2.4000000e+01   9.0000000e+00   5.7000000e+01   0.0000000e+00   0.0000000e+00
   2.0170000e+03   7.0000000e+00   2.4000000e+01   9.0000000e+00   5.8000000e+01   0.0000000e+00   0.0000000e+00
   2.0170000e+03   7.0000000e+00   2.4000000e+01   9.0000000e+00   5.9000000e+01   0.0000000e+00   2.4999996e-01
   2.0170000e+03   7.0000000e+00   2.4000000e+01   1.0000000e+01   0.0000000e+00   0.0000000e+00   6.0000000e-01
   2.0170000e+03   7.0000000e+00   2.4000000e+01   1.0000000e+01   1.0000000e+00   0.0000000e+00   6.0000000e-01
   2.0170000e+03   7.0000000e+00   2.4000000e+01   1.0000000e+01   2.0000000e+00   0.0000000e+00   6.0000000e-01
   2.0170000e+03   7.0000000e+00   2.4000000e+01   1.0000000e+01   3.0000000e+00   0.0000000e+00   6.0000000e-01
   2.0170000e+03   7.0000000e+00   2.4000000e+01   1.0000000e+01   4.0000000e+00   0.0000000e+00   6.0000000e-01
   2.0170000e+03   7.0000000e+00   2.4000000e+01   1.0000000e+01   5.0000000e+00   0.0000000e+00   3.5000000e-01
   2.0170000e+03   7.0000000e+00   2.4000000e+01   1.0000000e+01   6.0000000e+00   0.0000000e+00   2.5000000e-01
   2.0170000e+03   7.0000000e+00   2.4000000e+01   1.0000000e+01   7.0000000e+00   0.0000000e+00   1.1000000e+00
   2.0170000e+03   7.0000000e+00   2.4000000e+01   1.0000000e+01   8.0000000e+00   0.0000000e+00   2.8000000e+00
   2.0170000e+03   7.0000000e+00   2.4000000e+01   1.0000000e+01   9.0000000e+00   0.0000000e+00   4.7000001e+00
   2.0170000e+03   7.0000000e+00   2.4000000e+01   1.0000000e+01   1.0000000e+01   0.0000000e+00   5.9000001e+00
   2.0170000e+03   7.0000000e+00   2.4000000e+01   1.0000000e+01   1.1000000e+01   0.0000000e+00   6.1000000e+00
   2.0170000e+03   7.0000000e+00   2.4000000e+01   1.0000000e+01   1.2000000e+01   0.0000000e+00   4.1499998e+00
   2.0170000e+03   7.0000000e+00   2.4000000e+01   1.0000000e+01   1.3000000e+01   0.0000000e+00   2.6500000e+00
   2.0170000e+03   7.0000000e+00   2.4000000e+01   1.0000000e+01   1.4000000e+01   0.0000000e+00   4.0000000e+00
   2.0170000e+03   7.0000000e+00   2.4000000e+01   1.0000000e+01   1.5000000e+01   0.0000000e+00   4.6500001e+00
   2.0170000e+03   7.0000000e+00   2.4000000e+01   1.0000000e+01   1.6000000e+01   0.0000000e+00   2.8500001e+00
   2.0170000e+03   7.0000000e+00   2.4000000e+01   1.0000000e+01   1.7000000e+01   0.0000000e+00   1.3000000e+00
   2.0170000e+03   7.0000000e+00   2.4000000e+01   1.0000000e+01   1.8000000e+01   0.0000000e+00   6.0000000e-01
   2.0170000e+03   7.0000000e+00   2.4000000e+01   1.0000000e+01   1.9000000e+01   0.0000000e+00   3.5000004e-01
   2.0170000e+03   7.0000000e+00   2.4000000e+01   1.0000000e+01   2.0000000e+01   0.0000000e+00   5.0000000e-01
   2.0170000e+03   7.0000000e+00   2.4000000e+01   1.0000000e+01   2.1000000e+01   0.0000000e+00   3.4500000e+00
   2.0170000e+03   7.0000000e+00   2.4000000e+01   1.0000000e+01   2.2000000e+01   0.0000000e+00   6.1000000e+00
   2.0170000e+03   7.0000000e+00   2.4000000e+01   1.0000000e+01   2.3000000e+01   0.0000000e+00   5.1500000e+00
   2.0170000e+03   7.0000000e+00   2.4000000e+01   1.0000000e+01   2.4000000e+01   0.0000000e+00   4.8000000e+00
   2.0170000e+03   7.0000000e+00   2.4000000e+01   1.0000000e+01   2.5000000e+01   0.0000000e+00   3.8000000e+00
   2.0170000e+03   7.0000000e+00   2.4000000e+01   1.0000000e+01   2.6000000e+01   0.0000000e+00   1.8999999e+00
   2.0170000e+03   7.0000000e+00   2.4000000e+01   1.0000000e+01   2.7000000e+01   0.0000000e+00   1.2000000e+00
   2.0170000e+03   7.0000000e+00   2.4000000e+01   1.0000000e+01   2.8000000e+01   0.0000000e+00   9.5000000e-01
   2.0170000e+03   7.0000000e+00   2.4000000e+01   1.0000000e+01   2.9000000e+01   0.0000000e+00   3.5000003e-01
   2.0170000e+03   7.0000000e+00   2.4000000e+01   1.0000000e+01   3.0000000e+01   0.0000000e+00   2.4999996e-01
   2.0170000e+03   7.0000000e+00   2.4000000e+01   1.0000000e+01   3.1000000e+01   0.0000000e+00   6.0000000e-01
   2.0170000e+03   7.0000000e+00   2.4000000e+01   1.0000000e+01   3.2000000e+01   0.0000000e+00   6.0000000e-01
   2.0170000e+03   7.0000000e+00   2.4000000e+01   1.0000000e+01   3.3000000e+01   0.0000000e+00   3.5000004e-01
   2.0170000e+03   7.0000000e+00   2.4000000e+01   1.0000000e+01   3.4000000e+01   0.0000000e+00   2.5000000e-01
   2.0170000e+03   7.0000000e+00   2.4000000e+01   1.0000000e+01   3.5000000e+01   0.0000000e+00   3.5000000e-01
   2.0170000e+03   7.0000000e+00   2.4000000e+01   1.0000000e+01   3.6000000e+01   0.0000000e+00   0.0000000e+00
   2.0170000e+03   7.0000000e+00   2.4000000e+01   1.0000000e+01   3.7000000e+01   0.0000000e+00   0.0000000e+00
   2.0170000e+03   7.0000000e+00   2.4000000e+01   1.0000000e+01   3.8000000e+01   0.0000000e+00   2.5000000e-01
   2.0170000e+03   7.0000000e+00   2.4000000e+01   1.0000000e+01   3.9000000e+01   0.0000000e+00   3.5000000e-01
   2.0170000e+03   7.0000000e+00   2.4000000e+01   1.0000000e+01   4.0000000e+01   0.0000000e+00   0.0000000e+00
   2.0170000e+03   7.0000000e+00   2.4000000e+01   1.0000000e+01   4.1000000e+01   0.0000000e+00   0.0000000e+00
   2.0170000e+03   7.0000000e+00   2.4000000e+01   1.0000000e+01   4.2000000e+01   0.0000000e+00   0.0000000e+00
   2.0170000e+03   7.0000000e+00   2.4000000e+01   1.0000000e+01   4.3000000e+01   0.0000000e+00   0.0000000e+00
   2.0170000e+03   7.0000000e+00   2.4000000e+01   1.0000000e+01   4.4000000e+01   0.0000000e+00   0.0000000e+00
   2.0170000e+03   7.0000000e+00   2.4000000e+01   1.0000000e+01   4.5000000e+01   0.0000000e+00   2.5000000e-01
   2.0170000e+03   7.0000000e+00   2.4000000e+01   1.0000000e+01   4.6000000e+01   0.0000000e+00   3.5000003e-01
   2.0170000e+03   7.0000000e+00   2.4000000e+01   1.0000000e+01   4.7000000e+01   0.0000000e+00   0.0000000e+00
   2.0170000e+03   7.0000000e+00   2.4000000e+01   1.0000000e+01   4.8000000e+01   0.0000000e+00   0.0000000e+00
   2.0170000e+03   7.0000000e+00   2.4000000e+01   1.0000000e+01   4.9000000e+01   0.0000000e+00   0.0000000e+00
   2.0170000e+03   7.0000000e+00   2.4000000e+01   1.0000000e+01   5.0000000e+01   0.0000000e+00   0.0000000e+00
   2.0170000e+03   7.0000000e+00   2.4000000e+01   1.0000000e+01   5.1000000e+01   0.0000000e+00   0.0000000e+00
   2.0170000e+03   7.0000000e+00   2.4000000e+01   1.0000000e+01   5.2000000e+01   0.0000000e+00   0.0000000e+00
   2.0170000e+03   7.0000000e+00   2.4000000e+01   1.0000000e+01   5.3000000e+01   0.0000000e+00   0.0000000e+00
   2.0170000e+03   7.0000000e+00   2.4000000e+01   1.0000000e+01   5.4000000e+01   0.0000000e+00   5.0000006e-01
   2.0170000e+03   7.0000000e+00   2.4000000e+01   1.0000000e+01   5.5000000e+01   0.0000000e+00   1.4500000e+00
   2.0170000e+03   7.0000000e+00   2.4000000e+01   1.0000000e+01   5.6000000e+01   0.0000000e+00   2.0500000e+00
   2.0170000e+03   7.0000000e+00   2.4000000e+01   1.0000000e+01   5.7000000e+01   0.0000000e+00   4.9000003e+00
   2.0170000e+03   7.0000000e+00   2.4000000e+01   1.0000000e+01   5.8000000e+01   0.0000000e+00   9.6500002e+00
   2.0170000e+03   7.0000000e+00   2.4000000e+01   1.0000000e+01   5.9000000e+01   0.0000000e+00   1.2400000e+01
   2.0170000e+03   7.0000000e+00   2.4000000e+01   1.1000000e+01   0.0000000e+00   0.0000000e+00   1.1300000e+01
   2.0170000e+03   7.0000000e+00   2.4000000e+01   1.1000000e+01   1.0000000e+00   0.0000000e+00   7.3000001e+00
   2.0170000e+03   7.0000000e+00   2.4000000e+01   1.1000000e+01   2.0000000e+00   0.0000000e+00   9.1000000e+00
   2.0170000e+03   7.0000000e+00   2.4000000e+01   1.1000000e+01   3.0000000e+00   0.0000000e+00   1.3350000e+01
   2.0170000e+03   7.0000000e+00   2.4000000e+01   1.1000000e+01   4.0000000e+00   0.0000000e+00   1.3400000e+01
   2.0170000e+03   7.0000000e+00   2.4000000e+01   1.1000000e+01   5.0000000e+00   0.0000000e+00   1.6250000e+01
   2.0170000e+03   7.0000000e+00   2.4000000e+01   1.1000000e+01   6.0000000e+00   0.0000000e+00   1.9700000e+01
   2.0170000e+03   7.0000000e+00   2.4000000e+01   1.1000000e+01   7.0000000e+00   0.0000000e+00   1.1700000e+01
   2.0170000e+03   7.0000000e+00   2.4000000e+01   1.1000000e+01   8.0000000e+00   0.0000000e+00   6.1500001e+00
   2.0170000e+03   7.0000000e+00   2.4000000e+01   1.1000000e+01   9.0000000e+00   0.0000000e+00   9.4500004e+00
   2.0170000e+03   7.0000000e+00   2.4000000e+01   1.1000000e+01   1.0000000e+01   0.0000000e+00   1.3350000e+01
   2.0170000e+03   7.0000000e+00   2.4000000e+01   1.1000000e+01   1.1000000e+01   0.0000000e+00   1.4650000e+01
   2.0170000e+03   7.0000000e+00   2.4000000e+01   1.1000000e+01   1.2000000e+01   0.0000000e+00   1.2250000e+01
   2.0170000e+03   7.0000000e+00   2.4000000e+01   1.1000000e+01   1.3000000e+01   0.0000000e+00   9.4000000e+00
   2.0170000e+03   7.0000000e+00   2.4000000e+01   1.1000000e+01   1.4000000e+01   0.0000000e+00   1.3550000e+01
   2.0170000e+03   7.0000000e+00   2.4000000e+01   1.1000000e+01   1.5000000e+01   0.0000000e+00   1.8400000e+01
   2.0170000e+03   7.0000000e+00   2.4000000e+01   1.1000000e+01   1.6000000e+01   0.0000000e+00   1.6300000e+01
   2.0170000e+03   7.0000000e+00   2.4000000e+01   1.1000000e+01   1.7000000e+01   0.0000000e+00   9.6500002e+00
   2.0170000e+03   7.0000000e+00   2.4000000e+01   1.1000000e+01   1.8000000e+01   0.0000000e+00   6.9500000e+00
   2.0170000e+03   7.0000000e+00   2.4000000e+01   1.1000000e+01   1.9000000e+01   0.0000000e+00   5.3500000e+00
   2.0170000e+03   7.0000000e+00   2.4000000e+01   1.1000000e+01   2.0000000e+01   0.0000000e+00   2.6000000e+00
   2.0170000e+03   7.0000000e+00   2.4000000e+01   1.1000000e+01   2.1000000e+01   0.0000000e+00   1.2000000e+00
   2.0170000e+03   7.0000000e+00   2.4000000e+01   1.1000000e+01   2.2000000e+01   0.0000000e+00   9.5000000e-01
   2.0170000e+03   7.0000000e+00   2.4000000e+01   1.1000000e+01   2.3000000e+01   0.0000000e+00   3.5000000e-01
   2.0170000e+03   7.0000000e+00   2.4000000e+01   1.1000000e+01   2.4000000e+01   0.0000000e+00   5.0000000e-01
   2.0170000e+03   7.0000000e+00   2.4000000e+01   1.1000000e+01   2.5000000e+01   0.0000000e+00   6.9999994e-01
   2.0170000e+03   7.0000000e+00   2.4000000e+01   1.1000000e+01   2.6000000e+01   0.0000000e+00   2.5000004e-01
   2.0170000e+03   7.0000000e+00   2.4000000e+01   1.1000000e+01   2.7000000e+01   0.0000000e+00   1.8500000e+00
   2.0170000e+03   7.0000000e+00   2.4000000e+01   1.1000000e+01   2.8000000e+01   0.0000000e+00   2.1000002e+00
   2.0170000e+03   7.0000000e+00   2.4000000e+01   1.1000000e+01   2.9000000e+01   0.0000000e+00   4.9999991e-01
   2.0170000e+03   7.0000000e+00   2.4000000e+01   1.1000000e+01   3.0000000e+01   0.0000000e+00   7.0000000e-01
   2.0170000e+03   7.0000000e+00   2.4000000e+01   1.1000000e+01   3.1000000e+01   0.0000000e+00   0.0000000e+00
   2.0170000e+03   7.0000000e+00   2.4000000e+01   1.1000000e+01   3.2000000e+01   0.0000000e+00   0.0000000e+00
   2.0170000e+03   7.0000000e+00   2.4000000e+01   1.1000000e+01   3.3000000e+01   0.0000000e+00   2.5000000e-01
   2.0170000e+03   7.0000000e+00   2.4000000e+01   1.1000000e+01   3.4000000e+01   0.0000000e+00   6.0000000e-01
   2.0170000e+03   7.0000000e+00   2.4000000e+01   1.1000000e+01   3.5000000e+01   0.0000000e+00   6.0000000e-01
   2.0170000e+03   7.0000000e+00   2.4000000e+01   1.1000000e+01   3.6000000e+01   0.0000000e+00   3.5000000e-01
   2.0170000e+03   7.0000000e+00   2.4000000e+01   1.1000000e+01   3.7000000e+01   0.0000000e+00   0.0000000e+00
   2.0170000e+03   7.0000000e+00   2.4000000e+01   1.1000000e+01   3.8000000e+01   0.0000000e+00   2.5000000e-01
   2.0170000e+03   7.0000000e+00   2.4000000e+01   1.1000000e+01   3.9000000e+01   0.0000000e+00   3.4999997e-01
   2.0170000e+03   7.0000000e+00   2.4000000e+01   1.1000000e+01   4.0000000e+01   0.0000000e+00   0.0000000e+00
   2.0170000e+03   7.0000000e+00   2.4000000e+01   1.1000000e+01   4.1000000e+01   0.0000000e+00   2.5000000e-01
   2.0170000e+03   7.0000000e+00   2.4000000e+01   1.1000000e+01   4.2000000e+01   0.0000000e+00   6.0000000e-01
   2.0170000e+03   7.0000000e+00   2.4000000e+01   1.1000000e+01   4.3000000e+01   0.0000000e+00   3.4999996e-01
   2.0170000e+03   7.0000000e+00   2.4000000e+01   1.1000000e+01   4.4000000e+01   0.0000000e+00   0.0000000e+00
   2.0170000e+03   7.0000000e+00   2.4000000e+01   1.1000000e+01   4.5000000e+01   0.0000000e+00   0.0000000e+00
   2.0170000e+03   7.0000000e+00   2.4000000e+01   1.1000000e+01   4.6000000e+01   0.0000000e+00   4.9999991e-01
   2.0170000e+03   7.0000000e+00   2.4000000e+01   1.1000000e+01   4.7000000e+01   0.0000000e+00   1.7000000e+00
   2.0170000e+03   7.0000000e+00   2.4000000e+01   1.1000000e+01   4.8000000e+01   0.0000000e+00   2.4000000e+00
   2.0170000e+03   7.0000000e+00   2.4000000e+01   1.1000000e+01   4.9000000e+01   0.0000000e+00   2.4000000e+00
   2.0170000e+03   7.0000000e+00   2.4000000e+01   1.1000000e+01   5.0000000e+01   0.0000000e+00   2.1500000e+00
   2.0170000e+03   7.0000000e+00   2.4000000e+01   1.1000000e+01   5.1000000e+01   0.0000000e+00   1.8000000e+00
   2.0170000e+03   7.0000000e+00   2.4000000e+01   1.1000000e+01   5.2000000e+01   0.0000000e+00   1.8000000e+00
   2.0170000e+03   7.0000000e+00   2.4000000e+01   1.1000000e+01   5.3000000e+01   0.0000000e+00   4.0500003e+00
   2.0170000e+03   7.0000000e+00   2.4000000e+01   1.1000000e+01   5.4000000e+01   0.0000000e+00   1.4700001e+01
   2.0170000e+03   7.0000000e+00   2.4000000e+01   1.1000000e+01   5.5000000e+01   0.0000000e+00   2.1200000e+01
   2.0170000e+03   7.0000000e+00   2.4000000e+01   1.1000000e+01   5.6000000e+01   0.0000000e+00   1.1349999e+01
   2.0170000e+03   7.0000000e+00   2.4000000e+01   1.1000000e+01   5.7000000e+01   0.0000000e+00   4.6499999e+00
   2.0170000e+03   7.0000000e+00   2.4000000e+01   1.1000000e+01   5.8000000e+01   0.0000000e+00   3.8500000e+00
   2.0170000e+03   7.0000000e+00   2.4000000e+01   1.1000000e+01   5.9000000e+01   0.0000000e+00   4.6999999e+00
   2.0170000e+03   7.0000000e+00   2.4000000e+01   1.2000000e+01   0.0000000e+00   0.0000000e+00   7.6499996e+00
   2.0170000e+03   7.0000000e+00   2.4000000e+01   1.2000000e+01   1.0000000e+00   0.0000000e+00   1.2050000e+01
   2.0170000e+03   7.0000000e+00   2.4000000e+01   1.2000000e+01   2.0000000e+00   0.0000000e+00   1.2300000e+01
   2.0170000e+03   7.0000000e+00   2.4000000e+01   1.2000000e+01   3.0000000e+00   0.0000000e+00   8.9500002e+00
   2.0170000e+03   7.0000000e+00   2.4000000e+01   1.2000000e+01   4.0000000e+00   0.0000000e+00   5.7000000e+00
   2.0170000e+03   7.0000000e+00   2.4000000e+01   1.2000000e+01   5.0000000e+00   0.0000000e+00   3.8500000e+00
   2.0170000e+03   7.0000000e+00   2.4000000e+01   1.2000000e+01   6.0000000e+00   0.0000000e+00   4.7000000e+00
   2.0170000e+03   7.0000000e+00   2.4000000e+01   1.2000000e+01   7.0000000e+00   0.0000000e+00   5.9000000e+00
   2.0170000e+03   7.0000000e+00   2.4000000e+01   1.2000000e+01   8.0000000e+00   0.0000000e+00   7.6000000e+00
   2.0170000e+03   7.0000000e+00   2.4000000e+01   1.2000000e+01   9.0000000e+00   0.0000000e+00   8.5000000e+00
   2.0170000e+03   7.0000000e+00   2.4000000e+01   1.2000000e+01   1.0000000e+01   0.0000000e+00   7.2999999e+00
   2.0170000e+03   7.0000000e+00   2.4000000e+01   1.2000000e+01   1.1000000e+01   0.0000000e+00   6.6000000e+00
   2.0170000e+03   7.0000000e+00   2.4000000e+01   1.2000000e+01   1.2000000e+01   0.0000000e+00   5.8500000e+00
   2.0170000e+03   7.0000000e+00   2.4000000e+01   1.2000000e+01   1.3000000e+01   0.0000000e+00   4.5500000e+00
   2.0170000e+03   7.0000000e+00   2.4000000e+01   1.2000000e+01   1.4000000e+01   0.0000000e+00   3.9500000e+00
   2.0170000e+03   7.0000000e+00   2.4000000e+01   1.2000000e+01   1.5000000e+01   0.0000000e+00   3.8500000e+00
   2.0170000e+03   7.0000000e+00   2.4000000e+01   1.2000000e+01   1.6000000e+01   0.0000000e+00   4.6999999e+00
   2.0170000e+03   7.0000000e+00   2.4000000e+01   1.2000000e+01   1.7000000e+01   0.0000000e+00   6.3999998e+00
   2.0170000e+03   7.0000000e+00   2.4000000e+01   1.2000000e+01   1.8000000e+01   0.0000000e+00   6.8000000e+00
   2.0170000e+03   7.0000000e+00   2.4000000e+01   1.2000000e+01   1.9000000e+01   0.0000000e+00   5.4000000e+00
   2.0170000e+03   7.0000000e+00   2.4000000e+01   1.2000000e+01   2.0000000e+01   0.0000000e+00   5.4000000e+00
   2.0170000e+03   7.0000000e+00   2.4000000e+01   1.2000000e+01   2.1000000e+01   0.0000000e+00   4.4000000e+00
   2.0170000e+03   7.0000000e+00   2.4000000e+01   1.2000000e+01   2.2000000e+01   0.0000000e+00   2.7500000e+00
   2.0170000e+03   7.0000000e+00   2.4000000e+01   1.2000000e+01   2.3000000e+01   0.0000000e+00   2.9000000e+00
   2.0170000e+03   7.0000000e+00   2.4000000e+01   1.2000000e+01   2.4000000e+01   0.0000000e+00   4.3500001e+00
   2.0170000e+03   7.0000000e+00   2.4000000e+01   1.2000000e+01   2.5000000e+01   0.0000000e+00   4.1499998e+00
   2.0170000e+03   7.0000000e+00   2.4000000e+01   1.2000000e+01   2.6000000e+01   0.0000000e+00   2.4000000e+00
   2.0170000e+03   7.0000000e+00   2.4000000e+01   1.2000000e+01   2.7000000e+01   0.0000000e+00   3.1500001e+00
   2.0170000e+03   7.0000000e+00   2.4000000e+01   1.2000000e+01   2.8000000e+01   0.0000000e+00   5.7000003e+00
   2.0170000e+03   7.0000000e+00   2.4000000e+01   1.2000000e+01   2.9000000e+01   0.0000000e+00   7.5500000e+00
   2.0170000e+03   7.0000000e+00   2.4000000e+01   1.2000000e+01   3.0000000e+01   0.0000000e+00   6.7000001e+00
   2.0170000e+03   7.0000000e+00   2.4000000e+01   1.2000000e+01   3.1000000e+01   0.0000000e+00   6.2500000e+00
   2.0170000e+03   7.0000000e+00   2.4000000e+01   1.2000000e+01   3.2000000e+01   0.0000000e+00   7.1000000e+00
   2.0170000e+03   7.0000000e+00   2.4000000e+01   1.2000000e+01   3.3000000e+01   0.0000000e+00   9.0499998e+00
   2.0170000e+03   7.0000000e+00   2.4000000e+01   1.2000000e+01   3.4000000e+01   0.0000000e+00   1.1800000e+01
   2.0170000e+03   7.0000000e+00   2.4000000e+01   1.2000000e+01   3.5000000e+01   0.0000000e+00   1.7200000e+01
   2.0170000e+03   7.0000000e+00   2.4000000e+01   1.2000000e+01   3.6000000e+01   0.0000000e+00   1.9300000e+01
   2.0170000e+03   7.0000000e+00   2.4000000e+01   1.2000000e+01   3.7000000e+01   0.0000000e+00   1.4650000e+01
   2.0170000e+03   7.0000000e+00   2.4000000e+01   1.2000000e+01   3.8000000e+01   0.0000000e+00   1.6500000e+01
   2.0170000e+03   7.0000000e+00   2.4000000e+01   1.2000000e+01   3.9000000e+01   0.0000000e+00   1.5850000e+01
   2.0170000e+03   7.0000000e+00   2.4000000e+01   1.2000000e+01   4.0000000e+01   0.0000000e+00   1.0250000e+01
   2.0170000e+03   7.0000000e+00   2.4000000e+01   1.2000000e+01   4.1000000e+01   0.0000000e+00   5.7999997e+00
   2.0170000e+03   7.0000000e+00   2.4000000e+01   1.2000000e+01   4.2000000e+01   0.0000000e+00   5.5000004e+00
   2.0170000e+03   7.0000000e+00   2.4000000e+01   1.2000000e+01   4.3000000e+01   0.0000000e+00   8.5000000e+00
   2.0170000e+03   7.0000000e+00   2.4000000e+01   1.2000000e+01   4.4000000e+01   0.0000000e+00   8.0500000e+00
   2.0170000e+03   7.0000000e+00   2.4000000e+01   1.2000000e+01   4.5000000e+01   0.0000000e+00   7.9000001e+00
   2.0170000e+03   7.0000000e+00   2.4000000e+01   1.2000000e+01   4.6000000e+01   0.0000000e+00   5.2000000e+00
   2.0170000e+03   7.0000000e+00   2.4000000e+01   1.2000000e+01   4.7000000e+01   0.0000000e+00   2.1500000e+00
   2.0170000e+03   7.0000000e+00   2.4000000e+01   1.2000000e+01   4.8000000e+01   0.0000000e+00   1.8000000e+00
   2.0170000e+03   7.0000000e+00   2.4000000e+01   1.2000000e+01   4.9000000e+01   0.0000000e+00   2.0500000e+00
   2.0170000e+03   7.0000000e+00   2.4000000e+01   1.2000000e+01   5.0000000e+01   0.0000000e+00   3.1500000e+00
   2.0170000e+03   7.0000000e+00   2.4000000e+01   1.2000000e+01   5.1000000e+01   0.0000000e+00   5.7000000e+00
   2.0170000e+03   7.0000000e+00   2.4000000e+01   1.2000000e+01   5.2000000e+01   0.0000000e+00   8.5500000e+00
   2.0170000e+03   7.0000000e+00   2.4000000e+01   1.2000000e+01   5.3000000e+01   0.0000000e+00   1.0100000e+01
   2.0170000e+03   7.0000000e+00   2.4000000e+01   1.2000000e+01   5.4000000e+01   0.0000000e+00   1.3050000e+01
   2.0170000e+03   7.0000000e+00   2.4000000e+01   1.2000000e+01   5.5000000e+01   0.0000000e+00   1.7450000e+01
   2.0170000e+03   7.0000000e+00   2.4000000e+01   1.2000000e+01   5.6000000e+01   0.0000000e+00   1.7700000e+01
   2.0170000e+03   7.0000000e+00   2.4000000e+01   1.2000000e+01   5.7000000e+01   0.0000000e+00   1.6350000e+01
   2.0170000e+03   7.0000000e+00   2.4000000e+01   1.2000000e+01   5.8000000e+01   0.0000000e+00   1.9900000e+01
   2.0170000e+03   7.0000000e+00   2.4000000e+01   1.2000000e+01   5.9000000e+01   0.0000000e+00   2.1150000e+01
   2.0170000e+03   7.0000000e+00   2.4000000e+01   1.3000000e+01   0.0000000e+00   0.0000000e+00   1.3750000e+01
   2.0170000e+03   7.0000000e+00   2.4000000e+01   1.3000000e+01   1.0000000e+00   0.0000000e+00   7.8000000e+00
   2.0170000e+03   7.0000000e+00   2.4000000e+01   1.3000000e+01   2.0000000e+00   0.0000000e+00   6.0500003e+00
   2.0170000e+03   7.0000000e+00   2.4000000e+01   1.3000000e+01   3.0000000e+00   0.0000000e+00   2.8500000e+00
   2.0170000e+03   7.0000000e+00   2.4000000e+01   1.3000000e+01   4.0000000e+00   0.0000000e+00   1.8000000e+00
   2.0170000e+03   7.0000000e+00   2.4000000e+01   1.3000000e+01   5.0000000e+00   0.0000000e+00   1.8000000e+00
   2.0170000e+03   7.0000000e+00   2.4000000e+01   1.3000000e+01   6.0000000e+00   0.0000000e+00   1.5500000e+00
   2.0170000e+03   7.0000000e+00   2.4000000e+01   1.3000000e+01   7.0000000e+00   0.0000000e+00   9.5000000e-01
   2.0170000e+03   7.0000000e+00   2.4000000e+01   1.3000000e+01   8.0000000e+00   0.0000000e+00   6.0000000e-01
   2.0170000e+03   7.0000000e+00   2.4000000e+01   1.3000000e+01   9.0000000e+00   0.0000000e+00   6.0000000e-01
   2.0170000e+03   7.0000000e+00   2.4000000e+01   1.3000000e+01   1.0000000e+01   0.0000000e+00   3.4999996e-01
   2.0170000e+03   7.0000000e+00   2.4000000e+01   1.3000000e+01   1.1000000e+01   0.0000000e+00   2.5000000e-01
   2.0170000e+03   7.0000000e+00   2.4000000e+01   1.3000000e+01   1.2000000e+01   0.0000000e+00   6.0000000e-01
   2.0170000e+03   7.0000000e+00   2.4000000e+01   1.3000000e+01   1.3000000e+01   0.0000000e+00   6.0000000e-01
   2.0170000e+03   7.0000000e+00   2.4000000e+01   1.3000000e+01   1.4000000e+01   0.0000000e+00   6.0000000e-01
   2.0170000e+03   7.0000000e+00   2.4000000e+01   1.3000000e+01   1.5000000e+01   0.0000000e+00   3.5000003e-01
   2.0170000e+03   7.0000000e+00   2.4000000e+01   1.3000000e+01   1.6000000e+01   0.0000000e+00   0.0000000e+00
   2.0170000e+03   7.0000000e+00   2.4000000e+01   1.3000000e+01   1.7000000e+01   0.0000000e+00   2.5000000e-01
   2.0170000e+03   7.0000000e+00   2.4000000e+01   1.3000000e+01   1.8000000e+01   0.0000000e+00   6.0000000e-01
   2.0170000e+03   7.0000000e+00   2.4000000e+01   1.3000000e+01   1.9000000e+01   0.0000000e+00   3.5000004e-01
   2.0170000e+03   7.0000000e+00   2.4000000e+01   1.3000000e+01   2.0000000e+01   0.0000000e+00   2.5000000e-01
   2.0170000e+03   7.0000000e+00   2.4000000e+01   1.3000000e+01   2.1000000e+01   0.0000000e+00   6.0000000e-01
   2.0170000e+03   7.0000000e+00   2.4000000e+01   1.3000000e+01   2.2000000e+01   0.0000000e+00   8.5000000e-01
   2.0170000e+03   7.0000000e+00   2.4000000e+01   1.3000000e+01   2.3000000e+01   0.0000000e+00   1.2000000e+00
   2.0170000e+03   7.0000000e+00   2.4000000e+01   1.3000000e+01   2.4000000e+01   0.0000000e+00   1.2000000e+00
   2.0170000e+03   7.0000000e+00   2.4000000e+01   1.3000000e+01   2.5000000e+01   0.0000000e+00   7.2000000e+00
   2.0170000e+03   7.0000000e+00   2.4000000e+01   1.3000000e+01   2.6000000e+01   0.0000000e+00   1.8600000e+01
   2.0170000e+03   7.0000000e+00   2.4000000e+01   1.3000000e+01   2.7000000e+01   0.0000000e+00   2.0800000e+01
   2.0170000e+03   7.0000000e+00   2.4000000e+01   1.3000000e+01   2.8000000e+01   0.0000000e+00   1.3500000e+01
   2.0170000e+03   7.0000000e+00   2.4000000e+01   1.3000000e+01   2.9000000e+01   0.0000000e+00   5.4500002e+00
   2.0170000e+03   7.0000000e+00   2.4000000e+01   1.3000000e+01   3.0000000e+01   0.0000000e+00   2.2500001e+00
   2.0170000e+03   7.0000000e+00   2.4000000e+01   1.3000000e+01   3.1000000e+01   0.0000000e+00   1.2000000e+00
   2.0170000e+03   7.0000000e+00   2.4000000e+01   1.3000000e+01   3.2000000e+01   0.0000000e+00   9.5000003e-01
   2.0170000e+03   7.0000000e+00   2.4000000e+01   1.3000000e+01   3.3000000e+01   0.0000000e+00   8.4999996e-01
   2.0170000e+03   7.0000000e+00   2.4000000e+01   1.3000000e+01   3.4000000e+01   0.0000000e+00   9.5000000e-01
   2.0170000e+03   7.0000000e+00   2.4000000e+01   1.3000000e+01   3.5000000e+01   0.0000000e+00   3.5000000e-01
   2.0170000e+03   7.0000000e+00   2.4000000e+01   1.3000000e+01   3.6000000e+01   0.0000000e+00   2.5000000e-01
   2.0170000e+03   7.0000000e+00   2.4000000e+01   1.3000000e+01   3.7000000e+01   0.0000000e+00   6.0000000e-01
   2.0170000e+03   7.0000000e+00   2.4000000e+01   1.3000000e+01   3.8000000e+01   0.0000000e+00   6.0000000e-01
   2.0170000e+03   7.0000000e+00   2.4000000e+01   1.3000000e+01   3.9000000e+01   0.0000000e+00   6.0000000e-01
   2.0170000e+03   7.0000000e+00   2.4000000e+01   1.3000000e+01   4.0000000e+01   0.0000000e+00   8.5000003e-01
   2.0170000e+03   7.0000000e+00   2.4000000e+01   1.3000000e+01   4.1000000e+01   0.0000000e+00   1.2000000e+00
   2.0170000e+03   7.0000000e+00   2.4000000e+01   1.3000000e+01   4.2000000e+01   0.0000000e+00   9.5000000e-01
   2.0170000e+03   7.0000000e+00   2.4000000e+01   1.3000000e+01   4.3000000e+01   0.0000000e+00   6.0000000e-01
   2.0170000e+03   7.0000000e+00   2.4000000e+01   1.3000000e+01   4.4000000e+01   0.0000000e+00   6.0000000e-01
   2.0170000e+03   7.0000000e+00   2.4000000e+01   1.3000000e+01   4.5000000e+01   0.0000000e+00   3.5000000e-01
   2.0170000e+03   7.0000000e+00   2.4000000e+01   1.3000000e+01   4.6000000e+01   0.0000000e+00   0.0000000e+00
   2.0170000e+03   7.0000000e+00   2.4000000e+01   1.3000000e+01   4.7000000e+01   0.0000000e+00   2.4999996e-01
   2.0170000e+03   7.0000000e+00   2.4000000e+01   1.3000000e+01   4.8000000e+01   0.0000000e+00   3.5000000e-01
   2.0170000e+03   7.0000000e+00   2.4000000e+01   1.3000000e+01   4.9000000e+01   0.0000000e+00   0.0000000e+00
   2.0170000e+03   7.0000000e+00   2.4000000e+01   1.3000000e+01   5.0000000e+01   0.0000000e+00   0.0000000e+00
   2.0170000e+03   7.0000000e+00   2.4000000e+01   1.3000000e+01   5.1000000e+01   0.0000000e+00   2.5000000e-01
   2.0170000e+03   7.0000000e+00   2.4000000e+01   1.3000000e+01   5.2000000e+01   0.0000000e+00   3.5000000e-01
   2.0170000e+03   7.0000000e+00   2.4000000e+01   1.3000000e+01   5.3000000e+01   0.0000000e+00   5.0000000e-01
   2.0170000e+03   7.0000000e+00   2.4000000e+01   1.3000000e+01   5.4000000e+01   0.0000000e+00   6.9999994e-01
   2.0170000e+03   7.0000000e+00   2.4000000e+01   1.3000000e+01   5.5000000e+01   0.0000000e+00   2.5000004e-01
   2.0170000e+03   7.0000000e+00   2.4000000e+01   1.3000000e+01   5.6000000e+01   0.0000000e+00   3.5000000e-01
   2.0170000e+03   7.0000000e+00   2.4000000e+01   1.3000000e+01   5.7000000e+01   0.0000000e+00   0.0000000e+00
   2.0170000e+03   7.0000000e+00   2.4000000e+01   1.3000000e+01   5.8000000e+01   0.0000000e+00   2.5000004e-01
   2.0170000e+03   7.0000000e+00   2.4000000e+01   1.3000000e+01   5.9000000e+01   0.0000000e+00   3.5000000e-01
   2.0170000e+03   7.0000000e+00   2.4000000e+01   1.4000000e+01   0.0000000e+00   0.0000000e+00   0.0000000e+00
   2.0170000e+03   7.0000000e+00   2.4000000e+01   1.4000000e+01   1.0000000e+00   0.0000000e+00   0.0000000e+00
   2.0170000e+03   7.0000000e+00   2.4000000e+01   1.4000000e+01   2.0000000e+00   0.0000000e+00   0.0000000e+00
   2.0170000e+03   7.0000000e+00   2.4000000e+01   1.4000000e+01   3.0000000e+00   0.0000000e+00   0.0000000e+00
   2.0170000e+03   7.0000000e+00   2.4000000e+01   1.4000000e+01   4.0000000e+00   0.0000000e+00   0.0000000e+00
   2.0170000e+03   7.0000000e+00   2.4000000e+01   1.4000000e+01   5.0000000e+00   0.0000000e+00   0.0000000e+00
   2.0170000e+03   7.0000000e+00   2.4000000e+01   1.4000000e+01   6.0000000e+00   0.0000000e+00   0.0000000e+00
   2.0170000e+03   7.0000000e+00   2.4000000e+01   1.4000000e+01   7.0000000e+00   0.0000000e+00   2.5000000e-01
   2.0170000e+03   7.0000000e+00   2.4000000e+01   1.4000000e+01   8.0000000e+00   0.0000000e+00   3.4999997e-01
   2.0170000e+03   7.0000000e+00   2.4000000e+01   1.4000000e+01   9.0000000e+00   0.0000000e+00   0.0000000e+00
   2.0170000e+03   7.0000000e+00   2.4000000e+01   1.4000000e+01   1.0000000e+01   0.0000000e+00   0.0000000e+00
   2.0170000e+03   7.0000000e+00   2.4000000e+01   1.4000000e+01   1.1000000e+01   0.0000000e+00   0.0000000e+00
   2.0170000e+03   7.0000000e+00   2.4000000e+01   1.4000000e+01   1.2000000e+01   0.0000000e+00   0.0000000e+00
   2.0170000e+03   7.0000000e+00   2.4000000e+01   1.4000000e+01   1.3000000e+01   0.0000000e+00   0.0000000e+00
   2.0170000e+03   7.0000000e+00   2.4000000e+01   1.4000000e+01   1.4000000e+01   0.0000000e+00   0.0000000e+00
   2.0170000e+03   7.0000000e+00   2.4000000e+01   1.4000000e+01   1.5000000e+01   0.0000000e+00   0.0000000e+00
   2.0170000e+03   7.0000000e+00   2.4000000e+01   1.4000000e+01   1.6000000e+01   0.0000000e+00   0.0000000e+00
   2.0170000e+03   7.0000000e+00   2.4000000e+01   1.4000000e+01   1.7000000e+01   0.0000000e+00   0.0000000e+00
   2.0170000e+03   7.0000000e+00   2.4000000e+01   1.4000000e+01   1.8000000e+01   0.0000000e+00   0.0000000e+00
   2.0170000e+03   7.0000000e+00   2.4000000e+01   1.4000000e+01   1.9000000e+01   0.0000000e+00   0.0000000e+00
   2.0170000e+03   7.0000000e+00   2.4000000e+01   1.4000000e+01   2.0000000e+01   0.0000000e+00   0.0000000e+00
   2.0170000e+03   7.0000000e+00   2.4000000e+01   1.4000000e+01   2.1000000e+01   0.0000000e+00   0.0000000e+00
   2.0170000e+03   7.0000000e+00   2.4000000e+01   1.4000000e+01   2.2000000e+01   0.0000000e+00   0.0000000e+00
   2.0170000e+03   7.0000000e+00   2.4000000e+01   1.4000000e+01   2.3000000e+01   0.0000000e+00   0.0000000e+00
   2.0170000e+03   7.0000000e+00   2.4000000e+01   1.4000000e+01   2.4000000e+01   0.0000000e+00   0.0000000e+00
   2.0170000e+03   7.0000000e+00   2.4000000e+01   1.4000000e+01   2.5000000e+01   0.0000000e+00   0.0000000e+00
   2.0170000e+03   7.0000000e+00   2.4000000e+01   1.4000000e+01   2.6000000e+01   0.0000000e+00   0.0000000e+00
   2.0170000e+03   7.0000000e+00   2.4000000e+01   1.4000000e+01   2.7000000e+01   0.0000000e+00   0.0000000e+00
   2.0170000e+03   7.0000000e+00   2.4000000e+01   1.4000000e+01   2.8000000e+01   0.0000000e+00   0.0000000e+00
   2.0170000e+03   7.0000000e+00   2.4000000e+01   1.4000000e+01   2.9000000e+01   0.0000000e+00   0.0000000e+00
   2.0170000e+03   7.0000000e+00   2.4000000e+01   1.4000000e+01   3.0000000e+01   0.0000000e+00   0.0000000e+00
   2.0170000e+03   7.0000000e+00   2.4000000e+01   1.4000000e+01   3.1000000e+01   0.0000000e+00   0.0000000e+00
   2.0170000e+03   7.0000000e+00   2.4000000e+01   1.4000000e+01   3.2000000e+01   0.0000000e+00   2.4999996e-01
   2.0170000e+03   7.0000000e+00   2.4000000e+01   1.4000000e+01   3.3000000e+01   0.0000000e+00   3.5000000e-01
   2.0170000e+03   7.0000000e+00   2.4000000e+01   1.4000000e+01   3.4000000e+01   0.0000000e+00   0.0000000e+00
   2.0170000e+03   7.0000000e+00   2.4000000e+01   1.4000000e+01   3.5000000e+01   0.0000000e+00   0.0000000e+00
   2.0170000e+03   7.0000000e+00   2.4000000e+01   1.4000000e+01   3.6000000e+01   0.0000000e+00   0.0000000e+00
   2.0170000e+03   7.0000000e+00   2.4000000e+01   1.4000000e+01   3.7000000e+01   0.0000000e+00   0.0000000e+00
   2.0170000e+03   7.0000000e+00   2.4000000e+01   1.4000000e+01   3.8000000e+01   0.0000000e+00   0.0000000e+00
   2.0170000e+03   7.0000000e+00   2.4000000e+01   1.4000000e+01   3.9000000e+01   0.0000000e+00   0.0000000e+00
   2.0170000e+03   7.0000000e+00   2.4000000e+01   1.4000000e+01   4.0000000e+01   0.0000000e+00   0.0000000e+00
   2.0170000e+03   7.0000000e+00   2.4000000e+01   1.4000000e+01   4.1000000e+01   0.0000000e+00   0.0000000e+00
   2.0170000e+03   7.0000000e+00   2.4000000e+01   1.4000000e+01   4.2000000e+01   0.0000000e+00   0.0000000e+00
   2.0170000e+03   7.0000000e+00   2.4000000e+01   1.4000000e+01   4.3000000e+01   0.0000000e+00   0.0000000e+00
   2.0170000e+03   7.0000000e+00   2.4000000e+01   1.4000000e+01   4.4000000e+01   0.0000000e+00   0.0000000e+00
   2.0170000e+03   7.0000000e+00   2.4000000e+01   1.4000000e+01   4.5000000e+01   0.0000000e+00   0.0000000e+00
   2.0170000e+03   7.0000000e+00   2.4000000e+01   1.4000000e+01   4.6000000e+01   0.0000000e+00   0.0000000e+00
   2.0170000e+03   7.0000000e+00   2.4000000e+01   1.4000000e+01   4.7000000e+01   0.0000000e+00   0.0000000e+00
   2.0170000e+03   7.0000000e+00   2.4000000e+01   1.4000000e+01   4.8000000e+01   0.0000000e+00   0.0000000e+00
   2.0170000e+03   7.0000000e+00   2.4000000e+01   1.4000000e+01   4.9000000e+01   0.0000000e+00   0.0000000e+00
   2.0170000e+03   7.0000000e+00   2.4000000e+01   1.4000000e+01   5.0000000e+01   0.0000000e+00   0.0000000e+00
   2.0170000e+03   7.0000000e+00   2.4000000e+01   1.4000000e+01   5.1000000e+01   0.0000000e+00   0.0000000e+00
   2.0170000e+03   7.0000000e+00   2.4000000e+01   1.4000000e+01   5.2000000e+01   0.0000000e+00   0.0000000e+00
   2.0170000e+03   7.0000000e+00   2.4000000e+01   1.4000000e+01   5.3000000e+01   0.0000000e+00   0.0000000e+00
   2.0170000e+03   7.0000000e+00   2.4000000e+01   1.4000000e+01   5.4000000e+01   0.0000000e+00   0.0000000e+00
   2.0170000e+03   7.0000000e+00   2.4000000e+01   1.4000000e+01   5.5000000e+01   0.0000000e+00   0.0000000e+00
   2.0170000e+03   7.0000000e+00   2.4000000e+01   1.4000000e+01   5.6000000e+01   0.0000000e+00   0.0000000e+00
   2.0170000e+03   7.0000000e+00   2.4000000e+01   1.4000000e+01   5.7000000e+01   0.0000000e+00   0.0000000e+00
   2.0170000e+03   7.0000000e+00   2.4000000e+01   1.4000000e+01   5.8000000e+01   0.0000000e+00   0.0000000e+00
   2.0170000e+03   7.0000000e+00   2.4000000e+01   1.4000000e+01   5.9000000e+01   0.0000000e+00   0.0000000e+00
   2.0170000e+03   7.0000000e+00   2.4000000e+01   1.5000000e+01   0.0000000e+00   0.0000000e+00   0.0000000e+00
   2.0170000e+03   7.0000000e+00   2.4000000e+01   1.5000000e+01   1.0000000e+00   0.0000000e+00   0.0000000e+00
   2.0170000e+03   7.0000000e+00   2.4000000e+01   1.5000000e+01   2.0000000e+00   0.0000000e+00   0.0000000e+00
   2.0170000e+03   7.0000000e+00   2.4000000e+01   1.5000000e+01   3.0000000e+00   0.0000000e+00   0.0000000e+00
   2.0170000e+03   7.0000000e+00   2.4000000e+01   1.5000000e+01   4.0000000e+00   0.0000000e+00   0.0000000e+00
   2.0170000e+03   7.0000000e+00   2.4000000e+01   1.5000000e+01   5.0000000e+00   0.0000000e+00   0.0000000e+00
   2.0170000e+03   7.0000000e+00   2.4000000e+01   1.5000000e+01   6.0000000e+00   0.0000000e+00   0.0000000e+00
   2.0170000e+03   7.0000000e+00   2.4000000e+01   1.5000000e+01   7.0000000e+00   0.0000000e+00   0.0000000e+00
   2.0170000e+03   7.0000000e+00   2.4000000e+01   1.5000000e+01   8.0000000e+00   0.0000000e+00   0.0000000e+00
   2.0170000e+03   7.0000000e+00   2.4000000e+01   1.5000000e+01   9.0000000e+00   0.0000000e+00   0.0000000e+00
   2.0170000e+03   7.0000000e+00   2.4000000e+01   1.5000000e+01   1.0000000e+01   0.0000000e+00   0.0000000e+00
   2.0170000e+03   7.0000000e+00   2.4000000e+01   1.5000000e+01   1.1000000e+01   0.0000000e+00   0.0000000e+00
   2.0170000e+03   7.0000000e+00   2.4000000e+01   1.5000000e+01   1.2000000e+01   0.0000000e+00   0.0000000e+00
   2.0170000e+03   7.0000000e+00   2.4000000e+01   1.5000000e+01   1.3000000e+01   0.0000000e+00   0.0000000e+00
   2.0170000e+03   7.0000000e+00   2.4000000e+01   1.5000000e+01   1.4000000e+01   0.0000000e+00   0.0000000e+00
   2.0170000e+03   7.0000000e+00   2.4000000e+01   1.5000000e+01   1.5000000e+01   0.0000000e+00   0.0000000e+00
   2.0170000e+03   7.0000000e+00   2.4000000e+01   1.5000000e+01   1.6000000e+01   0.0000000e+00   0.0000000e+00
   2.0170000e+03   7.0000000e+00   2.4000000e+01   1.5000000e+01   1.7000000e+01   0.0000000e+00   0.0000000e+00
   2.0170000e+03   7.0000000e+00   2.4000000e+01   1.5000000e+01   1.8000000e+01   0.0000000e+00   0.0000000e+00
   2.0170000e+03   7.0000000e+00   2.4000000e+01   1.5000000e+01   1.9000000e+01   0.0000000e+00   2.5000000e-01
   2.0170000e+03   7.0000000e+00   2.4000000e+01   1.5000000e+01   2.0000000e+01   0.0000000e+00   3.5000000e-01
   2.0170000e+03   7.0000000e+00   2.4000000e+01   1.5000000e+01   2.1000000e+01   0.0000000e+00   0.0000000e+00
   2.0170000e+03   7.0000000e+00   2.4000000e+01   1.5000000e+01   2.2000000e+01   0.0000000e+00   0.0000000e+00
   2.0170000e+03   7.0000000e+00   2.4000000e+01   1.5000000e+01   2.3000000e+01   0.0000000e+00   0.0000000e+00
   2.0170000e+03   7.0000000e+00   2.4000000e+01   1.5000000e+01   2.4000000e+01   0.0000000e+00   0.0000000e+00
   2.0170000e+03   7.0000000e+00   2.4000000e+01   1.5000000e+01   2.5000000e+01   0.0000000e+00   0.0000000e+00
   2.0170000e+03   7.0000000e+00   2.4000000e+01   1.5000000e+01   2.6000000e+01   0.0000000e+00   0.0000000e+00
   2.0170000e+03   7.0000000e+00   2.4000000e+01   1.5000000e+01   2.7000000e+01   0.0000000e+00   0.0000000e+00
   2.0170000e+03   7.0000000e+00   2.4000000e+01   1.5000000e+01   2.8000000e+01   0.0000000e+00   0.0000000e+00
   2.0170000e+03   7.0000000e+00   2.4000000e+01   1.5000000e+01   2.9000000e+01   0.0000000e+00   0.0000000e+00
   2.0170000e+03   7.0000000e+00   2.4000000e+01   1.5000000e+01   3.0000000e+01   0.0000000e+00   0.0000000e+00
   2.0170000e+03   7.0000000e+00   2.4000000e+01   1.5000000e+01   3.1000000e+01   0.0000000e+00   0.0000000e+00
   2.0170000e+03   7.0000000e+00   2.4000000e+01   1.5000000e+01   3.2000000e+01   0.0000000e+00   0.0000000e+00
   2.0170000e+03   7.0000000e+00   2.4000000e+01   1.5000000e+01   3.3000000e+01   0.0000000e+00   0.0000000e+00
   2.0170000e+03   7.0000000e+00   2.4000000e+01   1.5000000e+01   3.4000000e+01   0.0000000e+00   0.0000000e+00
   2.0170000e+03   7.0000000e+00   2.4000000e+01   1.5000000e+01   3.5000000e+01   0.0000000e+00   0.0000000e+00
   2.0170000e+03   7.0000000e+00   2.4000000e+01   1.5000000e+01   3.6000000e+01   0.0000000e+00   0.0000000e+00
   2.0170000e+03   7.0000000e+00   2.4000000e+01   1.5000000e+01   3.7000000e+01   0.0000000e+00   0.0000000e+00
   2.0170000e+03   7.0000000e+00   2.4000000e+01   1.5000000e+01   3.8000000e+01   0.0000000e+00   0.0000000e+00
   2.0170000e+03   7.0000000e+00   2.4000000e+01   1.5000000e+01   3.9000000e+01   0.0000000e+00   0.0000000e+00
   2.0170000e+03   7.0000000e+00   2.4000000e+01   1.5000000e+01   4.0000000e+01   0.0000000e+00   0.0000000e+00
   2.0170000e+03   7.0000000e+00   2.4000000e+01   1.5000000e+01   4.1000000e+01   0.0000000e+00   0.0000000e+00
   2.0170000e+03   7.0000000e+00   2.4000000e+01   1.5000000e+01   4.2000000e+01   0.0000000e+00   0.0000000e+00
   2.0170000e+03   7.0000000e+00   2.4000000e+01   1.5000000e+01   4.3000000e+01   0.0000000e+00   0.0000000e+00
   2.0170000e+03   7.0000000e+00   2.4000000e+01   1.5000000e+01   4.4000000e+01   0.0000000e+00   2.4999997e-01
   2.0170000e+03   7.0000000e+00   2.4000000e+01   1.5000000e+01   4.5000000e+01   0.0000000e+00   6.0000000e-01
   2.0170000e+03   7.0000000e+00   2.4000000e+01   1.5000000e+01   4.6000000e+01   0.0000000e+00   6.0000000e-01
   2.0170000e+03   7.0000000e+00   2.4000000e+01   1.5000000e+01   4.7000000e+01   0.0000000e+00   8.4999997e-01
   2.0170000e+03   7.0000000e+00   2.4000000e+01   1.5000000e+01   4.8000000e+01   0.0000000e+00   1.2000000e+00
   2.0170000e+03   7.0000000e+00   2.4000000e+01   1.5000000e+01   4.9000000e+01   0.0000000e+00   7.0000000e-01
   2.0170000e+03   7.0000000e+00   2.4000000e+01   1.5000000e+01   5.0000000e+01   0.0000000e+00   2.5000000e-01
   2.0170000e+03   7.0000000e+00   2.4000000e+01   1.5000000e+01   5.1000000e+01   0.0000000e+00   6.0000000e-01
   2.0170000e+03   7.0000000e+00   2.4000000e+01   1.5000000e+01   5.2000000e+01   0.0000000e+00   3.5000000e-01
   2.0170000e+03   7.0000000e+00   2.4000000e+01   1.5000000e+01   5.3000000e+01   0.0000000e+00   2.5000000e-01
   2.0170000e+03   7.0000000e+00   2.4000000e+01   1.5000000e+01   5.4000000e+01   0.0000000e+00   6.0000000e-01
   2.0170000e+03   7.0000000e+00   2.4000000e+01   1.5000000e+01   5.5000000e+01   0.0000000e+00   3.4999997e-01
   2.0170000e+03   7.0000000e+00   2.4000000e+01   1.5000000e+01   5.6000000e+01   0.0000000e+00   2.5000004e-01
   2.0170000e+03   7.0000000e+00   2.4000000e+01   1.5000000e+01   5.7000000e+01   0.0000000e+00   6.0000000e-01
   2.0170000e+03   7.0000000e+00   2.4000000e+01   1.5000000e+01   5.8000000e+01   0.0000000e+00   3.5000003e-01
   2.0170000e+03   7.0000000e+00   2.4000000e+01   1.5000000e+01   5.9000000e+01   0.0000000e+00   2.4999996e-01
   2.0170000e+03   7.0000000e+00   2.4000000e+01   1.6000000e+01   0.0000000e+00   0.0000000e+00   6.0000000e-01
   2.0170000e+03   7.0000000e+00   2.4000000e+01   1.6000000e+01   1.0000000e+00   0.0000000e+00   8.4999997e-01
   2.0170000e+03   7.0000000e+00   2.4000000e+01   1.6000000e+01   2.0000000e+00   0.0000000e+00   1.2000000e+00
   2.0170000e+03   7.0000000e+00   2.4000000e+01   1.6000000e+01   3.0000000e+00   0.0000000e+00   1.4500000e+00
   2.0170000e+03   7.0000000e+00   2.4000000e+01   1.6000000e+01   4.0000000e+00   0.0000000e+00   1.3000000e+00
   2.0170000e+03   7.0000000e+00   2.4000000e+01   1.6000000e+01   5.0000000e+00   0.0000000e+00   6.0000000e-01
   2.0170000e+03   7.0000000e+00   2.4000000e+01   1.6000000e+01   6.0000000e+00   0.0000000e+00   6.0000000e-01
   2.0170000e+03   7.0000000e+00   2.4000000e+01   1.6000000e+01   7.0000000e+00   0.0000000e+00   8.5000000e-01
   2.0170000e+03   7.0000000e+00   2.4000000e+01   1.6000000e+01   8.0000000e+00   0.0000000e+00   1.2000000e+00
   2.0170000e+03   7.0000000e+00   2.4000000e+01   1.6000000e+01   9.0000000e+00   0.0000000e+00   1.2000000e+00
   2.0170000e+03   7.0000000e+00   2.4000000e+01   1.6000000e+01   1.0000000e+01   0.0000000e+00   9.4999996e-01
   2.0170000e+03   7.0000000e+00   2.4000000e+01   1.6000000e+01   1.1000000e+01   0.0000000e+00   3.5000000e-01
   2.0170000e+03   7.0000000e+00   2.4000000e+01   1.6000000e+01   1.2000000e+01   0.0000000e+00   2.5000003e-01
   2.0170000e+03   7.0000000e+00   2.4000000e+01   1.6000000e+01   1.3000000e+01   0.0000000e+00   3.4999996e-01
   2.0170000e+03   7.0000000e+00   2.4000000e+01   1.6000000e+01   1.4000000e+01   0.0000000e+00   2.5000000e-01
   2.0170000e+03   7.0000000e+00   2.4000000e+01   1.6000000e+01   1.5000000e+01   0.0000000e+00   6.0000000e-01
   2.0170000e+03   7.0000000e+00   2.4000000e+01   1.6000000e+01   1.6000000e+01   0.0000000e+00   3.5000004e-01
   2.0170000e+03   7.0000000e+00   2.4000000e+01   1.6000000e+01   1.7000000e+01   0.0000000e+00   2.5000000e-01
   2.0170000e+03   7.0000000e+00   2.4000000e+01   1.6000000e+01   1.8000000e+01   0.0000000e+00   6.0000000e-01
   2.0170000e+03   7.0000000e+00   2.4000000e+01   1.6000000e+01   1.9000000e+01   0.0000000e+00   6.0000000e-01
   2.0170000e+03   7.0000000e+00   2.4000000e+01   1.6000000e+01   2.0000000e+01   0.0000000e+00   8.5000000e-01
   2.0170000e+03   7.0000000e+00   2.4000000e+01   1.6000000e+01   2.1000000e+01   0.0000000e+00   9.5000000e-01
   2.0170000e+03   7.0000000e+00   2.4000000e+01   1.6000000e+01   2.2000000e+01   0.0000000e+00   8.5000000e-01
   2.0170000e+03   7.0000000e+00   2.4000000e+01   1.6000000e+01   2.3000000e+01   0.0000000e+00   9.4999997e-01
   2.0170000e+03   7.0000000e+00   2.4000000e+01   1.6000000e+01   2.4000000e+01   0.0000000e+00   8.5000004e-01
   2.0170000e+03   7.0000000e+00   2.4000000e+01   1.6000000e+01   2.5000000e+01   0.0000000e+00   1.2000000e+00
   2.0170000e+03   7.0000000e+00   2.4000000e+01   1.6000000e+01   2.6000000e+01   0.0000000e+00   1.4500000e+00
   2.0170000e+03   7.0000000e+00   2.4000000e+01   1.6000000e+01   2.7000000e+01   0.0000000e+00   1.8000000e+00
   2.0170000e+03   7.0000000e+00   2.4000000e+01   1.6000000e+01   2.8000000e+01   0.0000000e+00   2.8000000e+00
   2.0170000e+03   7.0000000e+00   2.4000000e+01   1.6000000e+01   2.9000000e+01   0.0000000e+00   4.4500000e+00
   2.0170000e+03   7.0000000e+00   2.4000000e+01   1.6000000e+01   3.0000000e+01   0.0000000e+00   5.0500000e+00
   2.0170000e+03   7.0000000e+00   2.4000000e+01   1.6000000e+01   3.1000000e+01   0.0000000e+00   6.9000000e+00
   2.0170000e+03   7.0000000e+00   2.4000000e+01   1.6000000e+01   3.2000000e+01   0.0000000e+00   1.0250000e+01
   2.0170000e+03   7.0000000e+00   2.4000000e+01   1.6000000e+01   3.3000000e+01   0.0000000e+00   1.0750000e+01
   2.0170000e+03   7.0000000e+00   2.4000000e+01   1.6000000e+01   3.4000000e+01   0.0000000e+00   7.7500000e+00
   2.0170000e+03   7.0000000e+00   2.4000000e+01   1.6000000e+01   3.5000000e+01   0.0000000e+00   5.5000000e+00
   2.0170000e+03   7.0000000e+00   2.4000000e+01   1.6000000e+01   3.6000000e+01   0.0000000e+00   4.8000000e+00
   2.0170000e+03   7.0000000e+00   2.4000000e+01   1.6000000e+01   3.7000000e+01   0.0000000e+00   5.0500000e+00
   2.0170000e+03   7.0000000e+00   2.4000000e+01   1.6000000e+01   3.8000000e+01   0.0000000e+00   6.6500000e+00
   2.0170000e+03   7.0000000e+00   2.4000000e+01   1.6000000e+01   3.9000000e+01   0.0000000e+00   7.1500000e+00
   2.0170000e+03   7.0000000e+00   2.4000000e+01   1.6000000e+01   4.0000000e+01   0.0000000e+00   5.6500000e+00
   2.0170000e+03   7.0000000e+00   2.4000000e+01   1.6000000e+01   4.1000000e+01   0.0000000e+00   5.2499999e+00
   2.0170000e+03   7.0000000e+00   2.4000000e+01   1.6000000e+01   4.2000000e+01   0.0000000e+00   3.7000000e+00
   2.0170000e+03   7.0000000e+00   2.4000000e+01   1.6000000e+01   4.3000000e+01   0.0000000e+00   2.5000001e+00
   2.0170000e+03   7.0000000e+00   2.4000000e+01   1.6000000e+01   4.4000000e+01   0.0000000e+00   2.0500000e+00
   2.0170000e+03   7.0000000e+00   2.4000000e+01   1.6000000e+01   4.5000000e+01   0.0000000e+00   1.6500000e+00
   2.0170000e+03   7.0000000e+00   2.4000000e+01   1.6000000e+01   4.6000000e+01   0.0000000e+00   6.0000000e-01
   2.0170000e+03   7.0000000e+00   2.4000000e+01   1.6000000e+01   4.7000000e+01   0.0000000e+00   6.0000000e-01
   2.0170000e+03   7.0000000e+00   2.4000000e+01   1.6000000e+01   4.8000000e+01   0.0000000e+00   6.0000000e-01
   2.0170000e+03   7.0000000e+00   2.4000000e+01   1.6000000e+01   4.9000000e+01   0.0000000e+00   6.0000000e-01
   2.0170000e+03   7.0000000e+00   2.4000000e+01   1.6000000e+01   5.0000000e+01   0.0000000e+00   6.0000000e-01
   2.0170000e+03   7.0000000e+00   2.4000000e+01   1.6000000e+01   5.1000000e+01   0.0000000e+00   8.5000000e-01
   2.0170000e+03   7.0000000e+00   2.4000000e+01   1.6000000e+01   5.2000000e+01   0.0000000e+00   9.5000000e-01
   2.0170000e+03   7.0000000e+00   2.4000000e+01   1.6000000e+01   5.3000000e+01   0.0000000e+00   8.5000000e-01
   2.0170000e+03   7.0000000e+00   2.4000000e+01   1.6000000e+01   5.4000000e+01   0.0000000e+00   1.2000000e+00
   2.0170000e+03   7.0000000e+00   2.4000000e+01   1.6000000e+01   5.5000000e+01   0.0000000e+00   1.7000001e+00
   2.0170000e+03   7.0000000e+00   2.4000000e+01   1.6000000e+01   5.6000000e+01   0.0000000e+00   2.6500000e+00
   2.0170000e+03   7.0000000e+00   2.4000000e+01   1.6000000e+01   5.7000000e+01   0.0000000e+00   2.7500000e+00
   2.0170000e+03   7.0000000e+00   2.4000000e+01   1.6000000e+01   5.8000000e+01   0.0000000e+00   2.6500000e+00
   2.0170000e+03   7.0000000e+00   2.4000000e+01   1.6000000e+01   5.9000000e+01   0.0000000e+00   3.0000000e+00
   2.0170000e+03   7.0000000e+00   2.4000000e+01   1.7000000e+01   0.0000000e+00   0.0000000e+00   3.9999999e+00
   2.0170000e+03   7.0000000e+00   2.4000000e+01   1.7000000e+01   1.0000000e+00   0.0000000e+00   4.9000001e+00
   2.0170000e+03   7.0000000e+00   2.4000000e+01   1.7000000e+01   2.0000000e+00   0.0000000e+00   3.7000000e+00
   2.0170000e+03   7.0000000e+00   2.4000000e+01   1.7000000e+01   3.0000000e+00   0.0000000e+00   3.4999999e+00
   2.0170000e+03   7.0000000e+00   2.4000000e+01   1.7000000e+01   4.0000000e+00   0.0000000e+00   3.9500000e+00
   2.0170000e+03   7.0000000e+00   2.4000000e+01   1.7000000e+01   5.0000000e+00   0.0000000e+00   3.6000000e+00
   2.0170000e+03   7.0000000e+00   2.4000000e+01   1.7000000e+01   6.0000000e+00   0.0000000e+00   3.1000000e+00
   2.0170000e+03   7.0000000e+00   2.4000000e+01   1.7000000e+01   7.0000000e+00   0.0000000e+00   2.6500000e+00
   2.0170000e+03   7.0000000e+00   2.4000000e+01   1.7000000e+01   8.0000000e+00   0.0000000e+00   2.4999999e+00
   2.0170000e+03   7.0000000e+00   2.4000000e+01   1.7000000e+01   9.0000000e+00   0.0000000e+00   1.8000000e+00
   2.0170000e+03   7.0000000e+00   2.4000000e+01   1.7000000e+01   1.0000000e+01   0.0000000e+00   1.8000000e+00
   2.0170000e+03   7.0000000e+00   2.4000000e+01   1.7000000e+01   1.1000000e+01   0.0000000e+00   1.8000000e+00
   2.0170000e+03   7.0000000e+00   2.4000000e+01   1.7000000e+01   1.2000000e+01   0.0000000e+00   1.8000000e+00
   2.0170000e+03   7.0000000e+00   2.4000000e+01   1.7000000e+01   1.3000000e+01   0.0000000e+00   1.8000000e+00
   2.0170000e+03   7.0000000e+00   2.4000000e+01   1.7000000e+01   1.4000000e+01   0.0000000e+00   1.5500000e+00
   2.0170000e+03   7.0000000e+00   2.4000000e+01   1.7000000e+01   1.5000000e+01   0.0000000e+00   1.4500000e+00
   2.0170000e+03   7.0000000e+00   2.4000000e+01   1.7000000e+01   1.6000000e+01   0.0000000e+00   2.3000000e+00
   2.0170000e+03   7.0000000e+00   2.4000000e+01   1.7000000e+01   1.7000000e+01   0.0000000e+00   3.0000000e+00
   2.0170000e+03   7.0000000e+00   2.4000000e+01   1.7000000e+01   1.8000000e+01   0.0000000e+00   2.5000001e+00
   2.0170000e+03   7.0000000e+00   2.4000000e+01   1.7000000e+01   1.9000000e+01   0.0000000e+00   1.5500000e+00
   2.0170000e+03   7.0000000e+00   2.4000000e+01   1.7000000e+01   2.0000000e+01   0.0000000e+00   9.5000000e-01
   2.0170000e+03   7.0000000e+00   2.4000000e+01   1.7000000e+01   2.1000000e+01   0.0000000e+00   6.0000000e-01
   2.0170000e+03   7.0000000e+00   2.4000000e+01   1.7000000e+01   2.2000000e+01   0.0000000e+00   8.5000000e-01
   2.0170000e+03   7.0000000e+00   2.4000000e+01   1.7000000e+01   2.3000000e+01   0.0000000e+00   7.0000000e-01
   2.0170000e+03   7.0000000e+00   2.4000000e+01   1.7000000e+01   2.4000000e+01   0.0000000e+00   7.5000000e-01
   2.0170000e+03   7.0000000e+00   2.4000000e+01   1.7000000e+01   2.5000000e+01   0.0000000e+00   2.3000001e+00
   2.0170000e+03   7.0000000e+00   2.4000000e+01   1.7000000e+01   2.6000000e+01   0.0000000e+00   2.4999999e+00
   2.0170000e+03   7.0000000e+00   2.4000000e+01   1.7000000e+01   2.7000000e+01   0.0000000e+00   1.3000000e+00
   2.0170000e+03   7.0000000e+00   2.4000000e+01   1.7000000e+01   2.8000000e+01   0.0000000e+00   3.5000003e-01
   2.0170000e+03   7.0000000e+00   2.4000000e+01   1.7000000e+01   2.9000000e+01   0.0000000e+00   2.4999996e-01
   2.0170000e+03   7.0000000e+00   2.4000000e+01   1.7000000e+01   3.0000000e+01   0.0000000e+00   3.5000000e-01
   2.0170000e+03   7.0000000e+00   2.4000000e+01   1.7000000e+01   3.1000000e+01   0.0000000e+00   0.0000000e+00
   2.0170000e+03   7.0000000e+00   2.4000000e+01   1.7000000e+01   3.2000000e+01   0.0000000e+00   2.4999996e-01
   2.0170000e+03   7.0000000e+00   2.4000000e+01   1.7000000e+01   3.3000000e+01   0.0000000e+00   3.5000000e-01
   2.0170000e+03   7.0000000e+00   2.4000000e+01   1.7000000e+01   3.4000000e+01   0.0000000e+00   0.0000000e+00
   2.0170000e+03   7.0000000e+00   2.4000000e+01   1.7000000e+01   3.5000000e+01   0.0000000e+00   0.0000000e+00
   2.0170000e+03   7.0000000e+00   2.4000000e+01   1.7000000e+01   3.6000000e+01   0.0000000e+00   0.0000000e+00
   2.0170000e+03   7.0000000e+00   2.4000000e+01   1.7000000e+01   3.7000000e+01   0.0000000e+00   0.0000000e+00
   2.0170000e+03   7.0000000e+00   2.4000000e+01   1.7000000e+01   3.8000000e+01   0.0000000e+00   0.0000000e+00
   2.0170000e+03   7.0000000e+00   2.4000000e+01   1.7000000e+01   3.9000000e+01   0.0000000e+00   2.5000003e-01
   2.0170000e+03   7.0000000e+00   2.4000000e+01   1.7000000e+01   4.0000000e+01   0.0000000e+00   3.4999996e-01
   2.0170000e+03   7.0000000e+00   2.4000000e+01   1.7000000e+01   4.1000000e+01   0.0000000e+00   0.0000000e+00
   2.0170000e+03   7.0000000e+00   2.4000000e+01   1.7000000e+01   4.2000000e+01   0.0000000e+00   0.0000000e+00
   2.0170000e+03   7.0000000e+00   2.4000000e+01   1.7000000e+01   4.3000000e+01   0.0000000e+00   0.0000000e+00
   2.0170000e+03   7.0000000e+00   2.4000000e+01   1.7000000e+01   4.4000000e+01   0.0000000e+00   0.0000000e+00
   2.0170000e+03   7.0000000e+00   2.4000000e+01   1.7000000e+01   4.5000000e+01   0.0000000e+00   0.0000000e+00
   2.0170000e+03   7.0000000e+00   2.4000000e+01   1.7000000e+01   4.6000000e+01   0.0000000e+00   0.0000000e+00
   2.0170000e+03   7.0000000e+00   2.4000000e+01   1.7000000e+01   4.7000000e+01   0.0000000e+00   0.0000000e+00
   2.0170000e+03   7.0000000e+00   2.4000000e+01   1.7000000e+01   4.8000000e+01   0.0000000e+00   0.0000000e+00
   2.0170000e+03   7.0000000e+00   2.4000000e+01   1.7000000e+01   4.9000000e+01   0.0000000e+00   0.0000000e+00
   2.0170000e+03   7.0000000e+00   2.4000000e+01   1.7000000e+01   5.0000000e+01   0.0000000e+00   0.0000000e+00
   2.0170000e+03   7.0000000e+00   2.4000000e+01   1.7000000e+01   5.1000000e+01   0.0000000e+00   0.0000000e+00
   2.0170000e+03   7.0000000e+00   2.4000000e+01   1.7000000e+01   5.2000000e+01   0.0000000e+00   0.0000000e+00
   2.0170000e+03   7.0000000e+00   2.4000000e+01   1.7000000e+01   5.3000000e+01   0.0000000e+00   0.0000000e+00
   2.0170000e+03   7.0000000e+00   2.4000000e+01   1.7000000e+01   5.4000000e+01   0.0000000e+00   2.5000004e-01
   2.0170000e+03   7.0000000e+00   2.4000000e+01   1.7000000e+01   5.5000000e+01   0.0000000e+00   3.5000000e-01
   2.0170000e+03   7.0000000e+00   2.4000000e+01   1.7000000e+01   5.6000000e+01   0.0000000e+00   0.0000000e+00
   2.0170000e+03   7.0000000e+00   2.4000000e+01   1.7000000e+01   5.7000000e+01   0.0000000e+00   0.0000000e+00
   2.0170000e+03   7.0000000e+00   2.4000000e+01   1.7000000e+01   5.8000000e+01   0.0000000e+00   0.0000000e+00
   2.0170000e+03   7.0000000e+00   2.4000000e+01   1.7000000e+01   5.9000000e+01   0.0000000e+00   0.0000000e+00
   2.0170000e+03   7.0000000e+00   2.4000000e+01   1.8000000e+01   0.0000000e+00   0.0000000e+00   0.0000000e+00
   2.0170000e+03   7.0000000e+00   2.4000000e+01   1.8000000e+01   1.0000000e+00   0.0000000e+00   0.0000000e+00
   2.0170000e+03   7.0000000e+00   2.4000000e+01   1.8000000e+01   2.0000000e+00   0.0000000e+00   2.4999997e-01
   2.0170000e+03   7.0000000e+00   2.4000000e+01   1.8000000e+01   3.0000000e+00   0.0000000e+00   3.5000004e-01
   2.0170000e+03   7.0000000e+00   2.4000000e+01   1.8000000e+01   4.0000000e+00   0.0000000e+00   0.0000000e+00
   2.0170000e+03   7.0000000e+00   2.4000000e+01   1.8000000e+01   5.0000000e+00   0.0000000e+00   0.0000000e+00
   2.0170000e+03   7.0000000e+00   2.4000000e+01   1.8000000e+01   6.0000000e+00   0.0000000e+00   0.0000000e+00
   2.0170000e+03   7.0000000e+00   2.4000000e+01   1.8000000e+01   7.0000000e+00   0.0000000e+00   0.0000000e+00
   2.0170000e+03   7.0000000e+00   2.4000000e+01   1.8000000e+01   8.0000000e+00   0.0000000e+00   0.0000000e+00
   2.0170000e+03   7.0000000e+00   2.4000000e+01   1.8000000e+01   9.0000000e+00   0.0000000e+00   0.0000000e+00
   2.0170000e+03   7.0000000e+00   2.4000000e+01   1.8000000e+01   1.0000000e+01   0.0000000e+00   0.0000000e+00
   2.0170000e+03   7.0000000e+00   2.4000000e+01   1.8000000e+01   1.1000000e+01   0.0000000e+00   0.0000000e+00
   2.0170000e+03   7.0000000e+00   2.4000000e+01   1.8000000e+01   1.2000000e+01   0.0000000e+00   0.0000000e+00
   2.0170000e+03   7.0000000e+00   2.4000000e+01   1.8000000e+01   1.3000000e+01   0.0000000e+00   0.0000000e+00
   2.0170000e+03   7.0000000e+00   2.4000000e+01   1.8000000e+01   1.4000000e+01   0.0000000e+00   0.0000000e+00
   2.0170000e+03   7.0000000e+00   2.4000000e+01   1.8000000e+01   1.5000000e+01   0.0000000e+00   0.0000000e+00
   2.0170000e+03   7.0000000e+00   2.4000000e+01   1.8000000e+01   1.6000000e+01   0.0000000e+00   0.0000000e+00
   2.0170000e+03   7.0000000e+00   2.4000000e+01   1.8000000e+01   1.7000000e+01   0.0000000e+00   0.0000000e+00
   2.0170000e+03   7.0000000e+00   2.4000000e+01   1.8000000e+01   1.8000000e+01   0.0000000e+00   0.0000000e+00
   2.0170000e+03   7.0000000e+00   2.4000000e+01   1.8000000e+01   1.9000000e+01   0.0000000e+00   0.0000000e+00
   2.0170000e+03   7.0000000e+00   2.4000000e+01   1.8000000e+01   2.0000000e+01   0.0000000e+00   0.0000000e+00
   2.0170000e+03   7.0000000e+00   2.4000000e+01   1.8000000e+01   2.1000000e+01   0.0000000e+00   0.0000000e+00
   2.0170000e+03   7.0000000e+00   2.4000000e+01   1.8000000e+01   2.2000000e+01   0.0000000e+00   0.0000000e+00
   2.0170000e+03   7.0000000e+00   2.4000000e+01   1.8000000e+01   2.3000000e+01   0.0000000e+00   0.0000000e+00
   2.0170000e+03   7.0000000e+00   2.4000000e+01   1.8000000e+01   2.4000000e+01   0.0000000e+00   0.0000000e+00
   2.0170000e+03   7.0000000e+00   2.4000000e+01   1.8000000e+01   2.5000000e+01   0.0000000e+00   0.0000000e+00
   2.0170000e+03   7.0000000e+00   2.4000000e+01   1.8000000e+01   2.6000000e+01   0.0000000e+00   0.0000000e+00
   2.0170000e+03   7.0000000e+00   2.4000000e+01   1.8000000e+01   2.7000000e+01   0.0000000e+00   0.0000000e+00
   2.0170000e+03   7.0000000e+00   2.4000000e+01   1.8000000e+01   2.8000000e+01   0.0000000e+00   2.5000004e-01
   2.0170000e+03   7.0000000e+00   2.4000000e+01   1.8000000e+01   2.9000000e+01   0.0000000e+00   3.5000000e-01
   2.0170000e+03   7.0000000e+00   2.4000000e+01   1.8000000e+01   3.0000000e+01   0.0000000e+00   0.0000000e+00
   2.0170000e+03   7.0000000e+00   2.4000000e+01   1.8000000e+01   3.1000000e+01   0.0000000e+00   2.4999996e-01
   2.0170000e+03   7.0000000e+00   2.4000000e+01   1.8000000e+01   3.2000000e+01   0.0000000e+00   8.5000000e-01
   2.0170000e+03   7.0000000e+00   2.4000000e+01   1.8000000e+01   3.3000000e+01   0.0000000e+00   1.4500000e+00
   2.0170000e+03   7.0000000e+00   2.4000000e+01   1.8000000e+01   3.4000000e+01   0.0000000e+00   1.8000000e+00
   2.0170000e+03   7.0000000e+00   2.4000000e+01   1.8000000e+01   3.5000000e+01   0.0000000e+00   1.5500000e+00
   2.0170000e+03   7.0000000e+00   2.4000000e+01   1.8000000e+01   3.6000000e+01   0.0000000e+00   7.0000000e-01
   2.0170000e+03   7.0000000e+00   2.4000000e+01   1.8000000e+01   3.7000000e+01   0.0000000e+00   5.0000000e-01
   2.0170000e+03   7.0000000e+00   2.4000000e+01   1.8000000e+01   3.8000000e+01   0.0000000e+00   9.4999997e-01
   2.0170000e+03   7.0000000e+00   2.4000000e+01   1.8000000e+01   3.9000000e+01   0.0000000e+00   6.0000000e-01
   2.0170000e+03   7.0000000e+00   2.4000000e+01   1.8000000e+01   4.0000000e+01   0.0000000e+00   3.5000000e-01
   2.0170000e+03   7.0000000e+00   2.4000000e+01   1.8000000e+01   4.1000000e+01   0.0000000e+00   2.5000003e-01
   2.0170000e+03   7.0000000e+00   2.4000000e+01   1.8000000e+01   4.2000000e+01   0.0000000e+00   3.4999996e-01
   2.0170000e+03   7.0000000e+00   2.4000000e+01   1.8000000e+01   4.3000000e+01   0.0000000e+00   2.5000000e-01
   2.0170000e+03   7.0000000e+00   2.4000000e+01   1.8000000e+01   4.4000000e+01   0.0000000e+00   3.5000003e-01
   2.0170000e+03   7.0000000e+00   2.4000000e+01   1.8000000e+01   4.5000000e+01   0.0000000e+00   0.0000000e+00
   2.0170000e+03   7.0000000e+00   2.4000000e+01   1.8000000e+01   4.6000000e+01   0.0000000e+00   5.0000000e-01
   2.0170000e+03   7.0000000e+00   2.4000000e+01   1.8000000e+01   4.7000000e+01   0.0000000e+00   1.2000000e+00
   2.0170000e+03   7.0000000e+00   2.4000000e+01   1.8000000e+01   4.8000000e+01   0.0000000e+00   9.5000004e-01
   2.0170000e+03   7.0000000e+00   2.4000000e+01   1.8000000e+01   4.9000000e+01   0.0000000e+00   6.0000000e-01
   2.0170000e+03   7.0000000e+00   2.4000000e+01   1.8000000e+01   5.0000000e+01   0.0000000e+00   3.5000000e-01
   2.0170000e+03   7.0000000e+00   2.4000000e+01   1.8000000e+01   5.1000000e+01   0.0000000e+00   2.5000000e-01
   2.0170000e+03   7.0000000e+00   2.4000000e+01   1.8000000e+01   5.2000000e+01   0.0000000e+00   3.5000000e-01
   2.0170000e+03   7.0000000e+00   2.4000000e+01   1.8000000e+01   5.3000000e+01   0.0000000e+00   0.0000000e+00
   2.0170000e+03   7.0000000e+00   2.4000000e+01   1.8000000e+01   5.4000000e+01   0.0000000e+00   0.0000000e+00
   2.0170000e+03   7.0000000e+00   2.4000000e+01   1.8000000e+01   5.5000000e+01   0.0000000e+00   0.0000000e+00
   2.0170000e+03   7.0000000e+00   2.4000000e+01   1.8000000e+01   5.6000000e+01   0.0000000e+00   0.0000000e+00
   2.0170000e+03   7.0000000e+00   2.4000000e+01   1.8000000e+01   5.7000000e+01   0.0000000e+00   0.0000000e+00
   2.0170000e+03   7.0000000e+00   2.4000000e+01   1.8000000e+01   5.8000000e+01   0.0000000e+00   2.4999997e-01
   2.0170000e+03   7.0000000e+00   2.4000000e+01   1.8000000e+01   5.9000000e+01   0.0000000e+00   3.5000004e-01
   2.0170000e+03   7.0000000e+00   2.4000000e+01   1.9000000e+01   0.0000000e+00   0.0000000e+00   0.0000000e+00
   2.0170000e+03   7.0000000e+00   2.4000000e+01   1.9000000e+01   1.0000000e+00   0.0000000e+00   0.0000000e+00
   2.0170000e+03   7.0000000e+00   2.4000000e+01   1.9000000e+01   2.0000000e+00   0.0000000e+00   0.0000000e+00
   2.0170000e+03   7.0000000e+00   2.4000000e+01   1.9000000e+01   3.0000000e+00   0.0000000e+00   0.0000000e+00
   2.0170000e+03   7.0000000e+00   2.4000000e+01   1.9000000e+01   4.0000000e+00   0.0000000e+00   0.0000000e+00
   2.0170000e+03   7.0000000e+00   2.4000000e+01   1.9000000e+01   5.0000000e+00   0.0000000e+00   0.0000000e+00
   2.0170000e+03   7.0000000e+00   2.4000000e+01   1.9000000e+01   6.0000000e+00   0.0000000e+00   0.0000000e+00
   2.0170000e+03   7.0000000e+00   2.4000000e+01   1.9000000e+01   7.0000000e+00   0.0000000e+00   0.0000000e+00
   2.0170000e+03   7.0000000e+00   2.4000000e+01   1.9000000e+01   8.0000000e+00   0.0000000e+00   0.0000000e+00
   2.0170000e+03   7.0000000e+00   2.4000000e+01   1.9000000e+01   9.0000000e+00   0.0000000e+00   0.0000000e+00
   2.0170000e+03   7.0000000e+00   2.4000000e+01   1.9000000e+01   1.0000000e+01   0.0000000e+00   0.0000000e+00
   2.0170000e+03   7.0000000e+00   2.4000000e+01   1.9000000e+01   1.1000000e+01   0.0000000e+00   0.0000000e+00
   2.0170000e+03   7.0000000e+00   2.4000000e+01   1.9000000e+01   1.2000000e+01   0.0000000e+00   0.0000000e+00
   2.0170000e+03   7.0000000e+00   2.4000000e+01   1.9000000e+01   1.3000000e+01   0.0000000e+00   0.0000000e+00
   2.0170000e+03   7.0000000e+00   2.4000000e+01   1.9000000e+01   1.4000000e+01   0.0000000e+00   0.0000000e+00
   2.0170000e+03   7.0000000e+00   2.4000000e+01   1.9000000e+01   1.5000000e+01   0.0000000e+00   0.0000000e+00
   2.0170000e+03   7.0000000e+00   2.4000000e+01   1.9000000e+01   1.6000000e+01   0.0000000e+00   0.0000000e+00
   2.0170000e+03   7.0000000e+00   2.4000000e+01   1.9000000e+01   1.7000000e+01   0.0000000e+00   2.5000000e-01
   2.0170000e+03   7.0000000e+00   2.4000000e+01   1.9000000e+01   1.8000000e+01   0.0000000e+00   3.5000003e-01
   2.0170000e+03   7.0000000e+00   2.4000000e+01   1.9000000e+01   1.9000000e+01   0.0000000e+00   0.0000000e+00
   2.0170000e+03   7.0000000e+00   2.4000000e+01   1.9000000e+01   2.0000000e+01   0.0000000e+00   0.0000000e+00
   2.0170000e+03   7.0000000e+00   2.4000000e+01   1.9000000e+01   2.1000000e+01   0.0000000e+00   0.0000000e+00
   2.0170000e+03   7.0000000e+00   2.4000000e+01   1.9000000e+01   2.2000000e+01   0.0000000e+00   0.0000000e+00
   2.0170000e+03   7.0000000e+00   2.4000000e+01   1.9000000e+01   2.3000000e+01   0.0000000e+00   0.0000000e+00
   2.0170000e+03   7.0000000e+00   2.4000000e+01   1.9000000e+01   2.4000000e+01   0.0000000e+00   0.0000000e+00
   2.0170000e+03   7.0000000e+00   2.4000000e+01   1.9000000e+01   2.5000000e+01   0.0000000e+00   0.0000000e+00
   2.0170000e+03   7.0000000e+00   2.4000000e+01   1.9000000e+01   2.6000000e+01   0.0000000e+00   0.0000000e+00
   2.0170000e+03   7.0000000e+00   2.4000000e+01   1.9000000e+01   2.7000000e+01   0.0000000e+00   0.0000000e+00
   2.0170000e+03   7.0000000e+00   2.4000000e+01   1.9000000e+01   2.8000000e+01   0.0000000e+00   0.0000000e+00
   2.0170000e+03   7.0000000e+00   2.4000000e+01   1.9000000e+01   2.9000000e+01   0.0000000e+00   2.4999997e-01
   2.0170000e+03   7.0000000e+00   2.4000000e+01   1.9000000e+01   3.0000000e+01   0.0000000e+00   6.0000000e-01