   2.0170000e+03   7.0000000e+00   2.4000000e+01   0.0000000e+00   0.0000000e+00   0.0000000e+00  4.25380641632863
   2.0170000e+03   7.0000000e+00   2.4000000e+01   0.0000000e+00   1.0000000e+00   0.0000000e+00  4.95245647130808
   2.0170000e+03   7.0000000e+00   2.4000000e+01   0.0000000e+00   2.0000000e+00   0.0000000e+00  8.41925306716538
   2.0170000e+03   7.0000000e+00   2.4000000e+01   0.0000000e+00   3.0000000e+00   0.0000000e+00  4.93901605248086
   2.0170000e+03   7.0000000e+00   2.4000000e+01   0.0000000e+00   4.0000000e+00   0.0000000e+00  5.31777710912342
   2.0170000e+03   7.0000000e+00   2.4000000e+01   0.0000000e+00   5.0000000e+00   0.0000000e+00  5.07131206443929
   2.0170000e+03   7.0000000e+00   2.4000000e+01   0.0000000e+00   6.0000000e+00   0.0000000e+00  0.823778598343236
   2.0170000e+03   7.0000000e+00   2.4000000e+01   0.0000000e+00   7.0000000e+00   0.0000000e+00  1.99716656015063
   2.0170000e+03   7.0000000e+00   2.4000000e+01   0.0000000e+00   8.0000000e+00   0.0000000e+00  0.456887256429970
   2.0170000e+03   7.0000000e+00   2.4000000e+01   0.0000000e+00   9.0000000e+00   0.0000000e+00  0.492430601373586
   2.0170000e+03   7.0000000e+00   2.4000000e+01   0.0000000e+00   1.0000000e+01   0.0000000e+00  0.736032619188496
   2.0170000e+03   7.0000000e+00   2.4000000e+01   0.0000000e+00   1.1000000e+01   0.0000000e+00  0.286080165538528
   2.0170000e+03   7.0000000e+00   2.4000000e+01   0.0000000e+00   1.2000000e+01   0.0000000e+00  0.0664083057097955
   2.0170000e+03   7.0000000e+00   2.4000000e+01   0.0000000e+00   1.3000000e+01   0.0000000e+00  1.72251948798386
   2.0170000e+03   7.0000000e+00   2.4000000e+01   0.0000000e+00   1.4000000e+01   0.0000000e+00  4.72110437460279
   2.0170000e+03   7.0000000e+00   2.4000000e+01   0.0000000e+00   1.5000000e+01   0.0000000e+00  11.3365203407085
   2.0170000e+03   7.0000000e+00   2.4000000e+01   0.0000000e+00   1.6000000e+01   0.0000000e+00  2.93204624538984
   2.0170000e+03   7.0000000e+00   2.4000000e+01   0.0000000e+00   1.7000000e+01   0.0000000e+00  1.89190161099327
   2.0170000e+03   7.0000000e+00   2.4000000e+01   0.0000000e+00   1.8000000e+01   0.0000000e+00  0.0166225316744766
   2.0170000e+03   7.0000000e+00   2.4000000e+01   0.0000000e+00   1.9000000e+01   0.0000000e+00  0
   2.0170000e+03   7.0000000e+00   2.4000000e+01   0.0000000e+00   2.0000000e+01   0.0000000e+00  0
   2.0170000e+03   7.0000000e+00   2.4000000e+01   0.0000000e+00   2.1000000e+01   0.0000000e+00  0
   2.0170000e+03   7.0000000e+00   2.4000000e+01   0.0000000e+00   2.2000000e+01   0.0000000e+00  0
   2.0170000e+03   7.0000000e+00   2.4000000e+01   0.0000000e+00   2.3000000e+01   0.0000000e+00  0
   2.0170000e+03   7.0000000e+00   2.4000000e+01   0.0000000e+00   2.4000000e+01   0.0000000e+00  0
   2.0170000e+03   7.0000000e+00   2.4000000e+01   0.0000000e+00   2.5000000e+01   0.0000000e+00  0
   2.0170000e+03   7.0000000e+00   2.4000000e+01   0.0000000e+00   2.6000000e+01   0.0000000e+00  0.000123951729044056
   2.0170000e+03   7.0000000e+00   2.4000000e+01   0.0000000e+00   2.7000000e+01   0.0000000e+00  0
   2.0170000e+03   7.0000000e+00   2.4000000e+01   0.0000000e+00   2.8000000e+01   0.0000000e+00  0
   2.0170000e+03   7.0000000e+00   2.4000000e+01   0.0000000e+00   2.9000000e+01   0.0000000e+00  0
   2.0170000e+03   7.0000000e+00   2.4000000e+01   0.0000000e+00   3.0000000e+01   0.0000000e+00  0
   2.0170000e+03   7.0000000e+00   2.4000000e+01   0.0000000e+00   3.1000000e+01   0.0000000e+00  0
   2.0170000e+03   7.0000000e+00   2.4000000e+01   0.0000000e+00   3.2000000e+01   0.0000000e+00  0.0143218745162980
   2.0170000e+03   7.0000000e+00   2.4000000e+01   0.0000000e+00   3.3000000e+01   0.0000000e+00  0
   2.0170000e+03   7.0000000e+00   2.4000000e+01   0.0000000e+00   3.4000000e+01   0.0000000e+00  0
   2.0170000e+03   7.0000000e+00   2.4000000e+01   0.0000000e+00   3.5000000e+01   0.0000000e+00  0
   2.0170000e+03   7.0000000e+00   2.4000000e+01   0.0000000e+00   3.6000000e+01   0.0000000e+00  0
   2.0170000e+03   7.0000000e+00   2.4000000e+01   0.0000000e+00   3.7000000e+01   0.0000000e+00  0
   2.0170000e+03   7.0000000e+00   2.4000000e+01   0.0000000e+00   3.8000000e+01   0.0000000e+00  0
   2.0170000e+03   7.0000000e+00   2.4000000e+01   0.0000000e+00   3.9000000e+01   0.0000000e+00  0
   2.0170000e+03   7.0000000e+00   2.4000000e+01   0.0000000e+00   4.0000000e+01   0.0000000e+00  0
   2.0170000e+03   7.0000000e+00   2.4000000e+01   0.0000000e+00   4.1000000e+01   0.0000000e+00  0
   2.0170000e+03   7.0000000e+00   2.4000000e+01   0.0000000e+00   4.2000000e+01   0.0000000e+00  0
   2.0170000e+03   7.0000000e+00   2.4000000e+01   0.0000000e+00   4.3000000e+01   0.0000000e+00  0
   2.0170000e+03   7.0000000e+00   2.4000000e+01   0.0000000e+00   4.4000000e+01   0.0000000e+00  0
   2.0170000e+03   7.0000000e+00   2.4000000e+01   0.0000000e+00   4.5000000e+01   0.0000000e+00  0
   2.0170000e+03   7.0000000e+00   2.4000000e+01   0.0000000e+00   4.6000000e+01   0.0000000e+00  0
   2.0170000e+03   7.0000000e+00   2.4000000e+01   0.0000000e+00   4.7000000e+01   0.0000000e+00  1.06537088004415
   2.0170000e+03   7.0000000e+00   2.4000000e+01   0.0000000e+00   4.8000000e+01   0.0000000e+00  0.768635153727769
   2.0170000e+03   7.0000000e+00   2.4000000e+01   0.0000000e+00   4.9000000e+01   0.0000000e+00  1.85936678712078
   2.0170000e+03   7.0000000e+00   2.4000000e+01   0.0000000e+00   5.0000000e+01   0.0000000e+00  3.72897004725034
   2.0170000e+03   7.0000000e+00   2.4000000e+01   0.0000000e+00   5.1000000e+01   0.0000000e+00  3.94526405659771
   2.0170000e+03   7.0000000e+00   2.4000000e+01   0.0000000e+00   5.2000000e+01   0.0000000e+00  4.23753030980735
   2.0170000e+03   7.0000000e+00   2.4000000e+01   0.0000000e+00   5.3000000e+01   0.0000000e+00  2.05061593309944
   2.0170000e+03   7.0000000e+00   2.4000000e+01   0.0000000e+00   5.4000000e+01   0.0000000e+00  3.19212756678122
   2.0170000e+03   7.0000000e+00   2.4000000e+01   0.0000000e+00   5.5000000e+01   0.0000000e+00  4.69301615143454
   2.0170000e+03   7.0000000e+00   2.4000000e+01   0.0000000e+00   5.6000000e+01   0.0000000e+00  2.41601381473453
   2.0170000e+03   7.0000000e+00   2.4000000e+01   0.0000000e+00   5.7000000e+01   0.0000000e+00  1.65012682492630
   2.0170000e+03   7.0000000e+00   2.4000000e+01   0.0000000e+00   5.8000000e+01   0.0000000e+00  5.12404380520837
   2.0170000e+03   7.0000000e+00   2.4000000e+01   0.0000000e+00   5.9000000e+01   0.0000000e+00  7.31704101189381
   2.0170000e+03   7.0000000e+00   2.4000000e+01   1.0000000e+00   0.0000000e+00   0.0000000e+00  7.94987413635188
   2.0170000e+03   7.0000000e+00   2.4000000e+01   1.0000000e+00   1.0000000e+00   0.0000000e+00  4.98902577882392
   2.0170000e+03   7.0000000e+00   2.4000000e+01   1.0000000e+00   2.0000000e+00   0.0000000e+00  0
   2.0170000e+03   7.0000000e+00   2.4000000e+01   1.0000000e+00   3.0000000e+00   0.0000000e+00  0
   2.0170000e+03   7.0000000e+00   2.4000000e+01   1.0000000e+00   4.0000000e+00   0.0000000e+00  0
   2.0170000e+03   7.0000000e+00   2.4000000e+01   1.0000000e+00   5.0000000e+00   0.0000000e+00  0
   2.0170000e+03   7.0000000e+00   2.4000000e+01   1.0000000e+00   6.0000000e+00   0.0000000e+00  0
   2.0170000e+03   7.0000000e+00   2.4000000e+01   1.0000000e+00   7.0000000e+00   0.0000000e+00  0
   2.0170000e+03   7.0000000e+00   2.4000000e+01   1.0000000e+00   8.0000000e+00   0.0000000e+00  0
   2.0170000e+03   7.0000000e+00   2.4000000e+01   1.0000000e+00   9.0000000e+00   0.0000000e+00  0
   2.0170000e+03   7.0000000e+00   2.4000000e+01   1.0000000e+00   1.0000000e+01   0.0000000e+00  0
   2.0170000e+03   7.0000000e+00   2.4000000e+01   1.0000000e+00   1.1000000e+01   0.0000000e+00  0
   2.0170000e+03   7.0000000e+00   2.4000000e+01   1.0000000e+00   1.2000000e+01   0.0000000e+00  0
   2.0170000e+03   7.0000000e+00   2.4000000e+01   1.0000000e+00   1.3000000e+01   0.0000000e+00  0
   2.0170000e+03   7.0000000e+00   2.4000000e+01   1.0000000e+00   1.4000000e+01   0.0000000e+00  0
   2.0170000e+03   7.0000000e+00   2.4000000e+01   1.0000000e+00   1.5000000e+01   0.0000000e+00  0
   2.0170000e+03   7.0000000e+00   2.4000000e+01   1.0000000e+00   1.6000000e+01   0.0000000e+00  0
   2.0170000e+03   7.0000000e+00   2.4000000e+01   1.0000000e+00   1.7000000e+01   0.0000000e+00  0
   2.0170000e+03   7.0000000e+00   2.4000000e+01   1.0000000e+00   1.8000000e+01   0.0000000e+00  0
   2.0170000e+03   7.0000000e+00   2.4000000e+01   1.0000000e+00   1.9000000e+01   0.0000000e+00  0
   2.0170000e+03   7.0000000e+00   2.4000000e+01   1.0000000e+00   2.0000000e+01   0.0000000e+00  0
   2.0170000e+03   7.0000000e+00   2.4000000e+01   1.0000000e+00   2.1000000e+01   0.0000000e+00  0
   2.0170000e+03   7.0000000e+00   2.4000000e+01   1.0000000e+00   2.2000000e+01   0.0000000e+00  0
   2.0170000e+03   7.0000000e+00   2.4000000e+01   1.0000000e+00   2.3000000e+01   0.0000000e+00  0
   2.0170000e+03   7.0000000e+00   2.4000000e+01   1.0000000e+00   2.4000000e+01   0.0000000e+00  0.657645309522841
   2.0170000e+03   7.0000000e+00   2.4000000e+01   1.0000000e+00   2.5000000e+01   0.0000000e+00  1.11444926152707
   2.0170000e+03   7.0000000e+00   2.4000000e+01   1.0000000e+00   2.6000000e+01   0.0000000e+00  0
   2.0170000e+03   7.0000000e+00   2.4000000e+01   1.0000000e+00   2.7000000e+01   0.0000000e+00  0
   2.0170000e+03   7.0000000e+00   2.4000000e+01   1.0000000e+00   2.8000000e+01   0.0000000e+00  0.851054341829106
   2.0170000e+03   7.0000000e+00   2.4000000e+01   1.0000000e+00   2.9000000e+01   0.0000000e+00  1.61349359388905
   2.0170000e+03   7.0000000e+00   2.4000000e+01   1.0000000e+00   3.0000000e+01   0.0000000e+00  0.455631832053595
   2.0170000e+03   7.0000000e+00   2.4000000e+01   1.0000000e+00   3.1000000e+01   0.0000000e+00  3.51950756568983
   2.0170000e+03   7.0000000e+00   2.4000000e+01   1.0000000e+00   3.2000000e+01   0.0000000e+00  0.907607234215893
   2.0170000e+03   7.0000000e+00   2.4000000e+01   1.0000000e+00   3.3000000e+01   0.0000000e+00  0.954746570668475
   2.0170000e+03   7.0000000e+00   2.4000000e+01   1.0000000e+00   3.4000000e+01   0.0000000e+00  0.0112821083247921
   2.0170000e+03   7.0000000e+00   2.4000000e+01   1.0000000e+00   3.5000000e+01   0.0000000e+00  0
   2.0170000e+03   7.0000000e+00   2.4000000e+01   1.0000000e+00   3.6000000e+01   0.0000000e+00  0
   2.0170000e+03   7.0000000e+00   2.4000000e+01   1.0000000e+00   3.7000000e+01   0.0000000e+00  0
   2.0170000e+03   7.0000000e+00   2.4000000e+01   1.0000000e+00   3.8000000e+01   0.0000000e+00  0
   2.0170000e+03   7.0000000e+00   2.4000000e+01   1.0000000e+00   3.9000000e+01   0.0000000e+00  0
   2.0170000e+03   7.0000000e+00   2.4000000e+01   1.0000000e+00   4.0000000e+01   0.0000000e+00  0
   2.0170000e+03   7.0000000e+00   2.4000000e+01   1.0000000e+00   4.1000000e+01   0.0000000e+00  0
   2.0170000e+03   7.0000000e+00   2.4000000e+01   1.0000000e+00   4.2000000e+01   0.0000000e+00  0
   2.0170000e+03   7.0000000e+00   2.4000000e+01   1.0000000e+00   4.3000000e+01   0.0000000e+00  0
   2.0170000e+03   7.0000000e+00   2.4000000e+01   1.0000000e+00   4.4000000e+01   0.0000000e+00  0
   2.0170000e+03   7.0000000e+00   2.4000000e+01   1.0000000e+00   4.5000000e+01   0.0000000e+00  0
   2.0170000e+03   7.0000000e+00   2.4000000e+01   1.0000000e+00   4.6000000e+01   0.0000000e+00  0.569409236501766
   2.0170000e+03   7.0000000e+00   2.4000000e+01   1.0000000e+00   4.7000000e+01   0.0000000e+00  1.49017869503166
   2.0170000e+03   7.0000000e+00   2.4000000e+01   1.0000000e+00   4.8000000e+01   0.0000000e+00  1.46112414535526
   2.0170000e+03   7.0000000e+00   2.4000000e+01   1.0000000e+00   4.9000000e+01   0.0000000e+00  0.750847906209508
   2.0170000e+03   7.0000000e+00   2.4000000e+01   1.0000000e+00   5.0000000e+01   0.0000000e+00  0
   2.0170000e+03   7.0000000e+00   2.4000000e+01   1.0000000e+00   5.1000000e+01   0.0000000e+00  1.25213668963806
   2.0170000e+03   7.0000000e+00   2.4000000e+01   1.0000000e+00   5.2000000e+01   0.0000000e+00  0
   2.0170000e+03   7.0000000e+00   2.4000000e+01   1.0000000e+00   5.3000000e+01   0.0000000e+00  0
   2.0170000e+03   7.0000000e+00   2.4000000e+01   1.0000000e+00   5.4000000e+01   0.0000000e+00  0
   2.0170000e+03   7.0000000e+00   2.4000000e+01   1.0000000e+00   5.5000000e+01   0.0000000e+00  0
   2.0170000e+03   7.0000000e+00   2.4000000e+01   1.0000000e+00   5.6000000e+01   0.0000000e+00  0
   2.0170000e+03   7.0000000e+00   2.4000000e+01   1.0000000e+00   5.7000000e+01   0.0000000e+00  2.49712191799349
   2.0170000e+03   7.0000000e+00   2.4000000e+01   1.0000000e+00   5.8000000e+01   0.0000000e+00  3.30198308609876
   2.0170000e+03   7.0000000e+00   2.4000000e+01   1.0000000e+00   5.9000000e+01   0.0000000e+00  7.70883984492576
   2.0170000e+03   7.0000000e+00   2.4000000e+01   2.0000000e+00   0.0000000e+00   0.0000000e+00  6.75031645388352
   2.0170000e+03   7.0000000e+00   2.4000000e+01   2.0000000e+00   1.0000000e+00   0.0000000e+00  5.24876081141506
   2.0170000e+03   7.0000000e+00   2.4000000e+01   2.0000000e+00   2.0000000e+00   0.0000000e+00  4.51220562957225
   2.0170000e+03   7.0000000e+00   2.4000000e+01   2.0000000e+00   3.0000000e+00   0.0000000e+00  4.79718263916262
   2.0170000e+03   7.0000000e+00   2.4000000e+01   2.0000000e+00   4.0000000e+00   0.0000000e+00  8.12666343396384
   2.0170000e+03   7.0000000e+00   2.4000000e+01   2.0000000e+00   5.0000000e+00   0.0000000e+00  8.02428135432559
   2.0170000e+03   7.0000000e+00   2.4000000e+01   2.0000000e+00   6.0000000e+00   0.0000000e+00  6.79097924212455
   2.0170000e+03   7.0000000e+00   2.4000000e+01   2.0000000e+00   7.0000000e+00   0.0000000e+00  14.7442598997108
   2.0170000e+03   7.0000000e+00   2.4000000e+01   2.0000000e+00   8.0000000e+00   0.0000000e+00  10.1692195923923
   2.0170000e+03   7.0000000e+00   2.4000000e+01   2.0000000e+00   9.0000000e+00   0.0000000e+00  9.30574824601845
   2.0170000e+03   7.0000000e+00   2.4000000e+01   2.0000000e+00   1.0000000e+01   0.0000000e+00  16.6181258078452
   2.0170000e+03   7.0000000e+00   2.4000000e+01   2.0000000e+00   1.1000000e+01   0.0000000e+00  6.65549572507517
   2.0170000e+03   7.0000000e+00   2.4000000e+01   2.0000000e+00   1.2000000e+01   0.0000000e+00  10.4449323146590
   2.0170000e+03   7.0000000e+00   2.4000000e+01   2.0000000e+00   1.3000000e+01   0.0000000e+00  6.55234918613607
   2.0170000e+03   7.0000000e+00   2.4000000e+01   2.0000000e+00   1.4000000e+01   0.0000000e+00  2.70345906355163
   2.0170000e+03   7.0000000e+00   2.4000000e+01   2.0000000e+00   1.5000000e+01   0.0000000e+00  4.58533013611622
   2.0170000e+03   7.0000000e+00   2.4000000e+01   2.0000000e+00   1.6000000e+01   0.0000000e+00  3.33908764428080
   2.0170000e+03   7.0000000e+00   2.4000000e+01   2.0000000e+00   1.7000000e+01   0.0000000e+00  1.20846205972936
   2.0170000e+03   7.0000000e+00   2.4000000e+01   2.0000000e+00   1.8000000e+01   0.0000000e+00  3.75861681390066
   2.0170000e+03   7.0000000e+00   2.4000000e+01   2.0000000e+00   1.9000000e+01   0.0000000e+00  2.31521201823893
   2.0170000e+03   7.0000000e+00   2.4000000e+01   2.0000000e+00   2.0000000e+01   0.0000000e+00  4.28694768540097
   2.0170000e+03   7.0000000e+00   2.4000000e+01   2.0000000e+00   2.1000000e+01   0.0000000e+00  2.89571069197655
   2.0170000e+03   7.0000000e+00   2.4000000e+01   2.0000000e+00   2.2000000e+01   0.0000000e+00  3.96378851559753
   2.0170000e+03   7.0000000e+00   2.4000000e+01   2.0000000e+00   2.3000000e+01   0.0000000e+00  7.93259537090964
   2.0170000e+03   7.0000000e+00   2.4000000e+01   2.0000000e+00   2.4000000e+01   0.0000000e+00  6.33224043549299
   2.0170000e+03   7.0000000e+00   2.4000000e+01   2.0000000e+00   2.5000000e+01   0.0000000e+00  5.39417240458614
   2.0170000e+03   7.0000000e+00   2.4000000e+01   2.0000000e+00   2.6000000e+01   0.0000000e+00  5.20764477470439
   2.0170000e+03   7.0000000e+00   2.4000000e+01   2.0000000e+00   2.7000000e+01   0.0000000e+00  3.20364247238208
   2.0170000e+03   7.0000000e+00   2.4000000e+01   2.0000000e+00   2.8000000e+01   0.0000000e+00  1.68544193206201
   2.0170000e+03   7.0000000e+00   2.4000000e+01   2.0000000e+00   2.9000000e+01   0.0000000e+00  0.901284738777115
   2.0170000e+03   7.0000000e+00   2.4000000e+01   2.0000000e+00   3.0000000e+01   0.0000000e+00  0.664773703694228
   2.0170000e+03   7.0000000e+00   2.4000000e+01   2.0000000e+00   3.1000000e+01   0.0000000e+00  1.37490016632303
   2.0170000e+03   7.0000000e+00   2.4000000e+01   2.0000000e+00   3.2000000e+01   0.0000000e+00  1.95259833931479
   2.0170000e+03   7.0000000e+00   2.4000000e+01   2.0000000e+00   3.3000000e+01   0.0000000e+00  0.193491431550968
   2.0170000e+03   7.0000000e+00   2.4000000e+01   2.0000000e+00   3.4000000e+01   0.0000000e+00  0.182053699006019
   2.0170000e+03   7.0000000e+00   2.4000000e+01   2.0000000e+00   3.5000000e+01   0.0000000e+00  0.899338524486086
   2.0170000e+03   7.0000000e+00   2.4000000e+01   2.0000000e+00   3.6000000e+01   0.0000000e+00  2.01291522863282
   2.0170000e+03   7.0000000e+00   2.4000000e+01   2.0000000e+00   3.7000000e+01   0.0000000e+00  0.402657499368211
   2.0170000e+03   7.0000000e+00   2.4000000e+01   2.0000000e+00   3.8000000e+01   0.0000000e+00  0.187689531307771
   2.0170000e+03   7.0000000e+00   2.4000000e+01   2.0000000e+00   3.9000000e+01   0.0000000e+00  3.30425229094723
   2.0170000e+03   7.0000000e+00   2.4000000e+01   2.0000000e+00   4.0000000e+01   0.0000000e+00  5.59482140849147
   2.0170000e+03   7.0000000e+00   2.4000000e+01   2.0000000e+00   4.1000000e+01   0.0000000e+00  4.72636345160013
   2.0170000e+03   7.0000000e+00   2.4000000e+01   2.0000000e+00   4.2000000e+01   0.0000000e+00  4.04195361449982
   2.0170000e+03   7.0000000e+00   2.4000000e+01   2.0000000e+00   4.3000000e+01   0.0000000e+00  5.86583556427368
   2.0170000e+03   7.0000000e+00   2.4000000e+01   2.0000000e+00   4.4000000e+01   0.0000000e+00  2.90631575142215
   2.0170000e+03   7.0000000e+00   2.4000000e+01   2.0000000e+00   4.5000000e+01   0.0000000e+00  3.07456771749229
   2.0170000e+03   7.0000000e+00   2.4000000e+01   2.0000000e+00   4.6000000e+01   0.0000000e+00  1.52560384590310
   2.0170000e+03   7.0000000e+00   2.4000000e+01   2.0000000e+00   4.7000000e+01   0.0000000e+00  1.71005049575860
   2.0170000e+03   7.0000000e+00   2.4000000e+01   2.0000000e+00   4.8000000e+01   0.0000000e+00  0
   2.0170000e+03   7.0000000e+00   2.4000000e+01   2.0000000e+00   4.9000000e+01   0.0000000e+00  0
   2.0170000e+03   7.0000000e+00   2.4000000e+01   2.0000000e+00   5.0000000e+01   0.0000000e+00  0.440766454881791
   2.0170000e+03   7.0000000e+00   2.4000000e+01   2.0000000e+00   5.1000000e+01   0.0000000e+00  1.71733370271973
   2.0170000e+03   7.0000000e+00   2.4000000e+01   2.0000000e+00   5.2000000e+01   0.0000000e+00  2.97915728029810
   2.0170000e+03   7.0000000e+00   2.4000000e+01   2.0000000e+00   5.3000000e+01   0.0000000e+00  0.604598036761275
   2.0170000e+03   7.0000000e+00   2.4000000e+01   2.0000000e+00   5.4000000e+01   0.0000000e+00  0.104358291445708
   2.0170000e+03   7.0000000e+00   2.4000000e+01   2.0000000e+00   5.5000000e+01   0.0000000e+00  0
   2.0170000e+03   7.0000000e+00   2.4000000e+01   2.0000000e+00   5.6000000e+01   0.0000000e+00  0
   2.0170000e+03   7.0000000e+00   2.4000000e+01   2.0000000e+00   5.7000000e+01   0.0000000e+00  0
   2.0170000e+03   7.0000000e+00   2.4000000e+01   2.0000000e+00   5.8000000e+01   0.0000000e+00  0
   2.0170000e+03   7.0000000e+00   2.4000000e+01   2.0000000e+00   5.9000000e+01   0.0000000e+00  0
   2.0170000e+03   7.0000000e+00   2.4000000e+01   3.0000000e+00   0.0000000e+00   0.0000000e+00  0
   2.0170000e+03   7.0000000e+00   2.4000000e+01   3.0000000e+00   1.0000000e+00   0.0000000e+00  0
   2.0170000e+03   7.0000000e+00   2.4000000e+01   3.0000000e+00   2.0000000e+00   0.0000000e+00  0
   2.0170000e+03   7.0000000e+00   2.4000000e+01   3.0000000e+00   3.0000000e+00   0.0000000e+00  0
   2.0170000e+03   7.0000000e+00   2.4000000e+01   3.0000000e+00   4.0000000e+00   0.0000000e+00  0
   2.0170000e+03   7.0000000e+00   2.4000000e+01   3.0000000e+00   5.0000000e+00   0.0000000e+00  0
   2.0170000e+03   7.0000000e+00   2.4000000e+01   3.0000000e+00   6.0000000e+00   0.0000000e+00  0
   2.0170000e+03   7.0000000e+00   2.4000000e+01   3.0000000e+00   7.0000000e+00   0.0000000e+00  0
   2.0170000e+03   7.0000000e+00   2.4000000e+01   3.0000000e+00   8.0000000e+00   0.0000000e+00  0
   2.0170000e+03   7.0000000e+00   2.4000000e+01   3.0000000e+00   9.0000000e+00   0.0000000e+00  0
   2.0170000e+03   7.0000000e+00   2.4000000e+01   3.0000000e+00   1.0000000e+01   0.0000000e+00  0
   2.0170000e+03   7.0000000e+00   2.4000000e+01   3.0000000e+00   1.1000000e+01   0.0000000e+00  0
   2.0170000e+03   7.0000000e+00   2.4000000e+01   3.0000000e+00   1.2000000e+01   0.0000000e+00  0
   2.0170000e+03   7.0000000e+00   2.4000000e+01   3.0000000e+00   1.3000000e+01   0.0000000e+00  0
   2.0170000e+03   7.0000000e+00   2.4000000e+01   3.0000000e+00   1.4000000e+01   0.0000000e+00  0.304363107533891
   2.0170000e+03   7.0000000e+00   2.4000000e+01   3.0000000e+00   1.5000000e+01   0.0000000e+00  0
   2.0170000e+03   7.0000000e+00   2.4000000e+01   3.0000000e+00   1.6000000e+01   0.0000000e+00  0
   2.0170000e+03   7.0000000e+00   2.4000000e+01   3.0000000e+00   1.7000000e+01   0.0000000e+00  0
   2.0170000e+03   7.0000000e+00   2.4000000e+01   3.0000000e+00   1.8000000e+01   0.0000000e+00  0
   2.0170000e+03   7.0000000e+00   2.4000000e+01   3.0000000e+00   1.9000000e+01   0.0000000e+00  0
   2.0170000e+03   7.0000000e+00   2.4000000e+01   3.0000000e+00   2.0000000e+01   0.0000000e+00  0
   2.0170000e+03   7.0000000e+00   2.4000000e+01   3.0000000e+00   2.1000000e+01   0.0000000e+00  0
   2.0170000e+03   7.0000000e+00   2.4000000e+01   3.0000000e+00   2.2000000e+01   0.0000000e+00  0
   2.0170000e+03   7.0000000e+00   2.4000000e+01   3.0000000e+00   2.3000000e+01   0.0000000e+00  0
   2.0170000e+03   7.0000000e+00   2.4000000e+01   3.0000000e+00   2.4000000e+01   0.0000000e+00  0.00946615037558116
   2.0170000e+03   7.0000000e+00   2.4000000e+01   3.0000000e+00   2.5000000e+01   0.0000000e+00  3.02777048148551
   2.0170000e+03   7.0000000e+00   2.4000000e+01   3.0000000e+00   2.6000000e+01   0.0000000e+00  3.81290307291318
   2.0170000e+03   7.0000000e+00   2.4000000e+01   3.0000000e+00   2.7000000e+01   0.0000000e+00  3.07310969358075
   2.0170000e+03   7.0000000e+00   2.4000000e+01   3.0000000e+00   2.8000000e+01   0.0000000e+00  2.77490028340570
   2.0170000e+03   7.0000000e+00   2.4000000e+01   3.0000000e+00   2.9000000e+01   0.0000000e+00  2.79091960352285
   2.0170000e+03   7.0000000e+00   2.4000000e+01   3.0000000e+00   3.0000000e+01   0.0000000e+00  2.26370028258548
   2.0170000e+03   7.0000000e+00   2.4000000e+01   3.0000000e+00   3.1000000e+01   0.0000000e+00  3.06787429496188
   2.0170000e+03   7.0000000e+00   2.4000000e+01   3.0000000e+00   3.2000000e+01   0.0000000e+00  7.72906286619841
   2.0170000e+03   7.0000000e+00   2.4000000e+01   3.0000000e+00   3.3000000e+01   0.0000000e+00  2.43154090459617
   2.0170000e+03   7.0000000e+00   2.4000000e+01   3.0000000e+00   3.4000000e+01   0.0000000e+00  0.776389479199116
   2.0170000e+03   7.0000000e+00   2.4000000e+01   3.0000000e+00   3.5000000e+01   0.0000000e+00  2.02910816316600
   2.0170000e+03   7.0000000e+00   2.4000000e+01   3.0000000e+00   3.6000000e+01   0.0000000e+00  3.33778558382548
   2.0170000e+03   7.0000000e+00   2.4000000e+01   3.0000000e+00   3.7000000e+01   0.0000000e+00  1.60900364072320
   2.0170000e+03   7.0000000e+00   2.4000000e+01   3.0000000e+00   3.8000000e+01   0.0000000e+00  1.15410772737644
   2.0170000e+03   7.0000000e+00   2.4000000e+01   3.0000000e+00   3.9000000e+01   0.0000000e+00  0.377359582783295
   2.0170000e+03   7.0000000e+00   2.4000000e+01   3.0000000e+00   4.0000000e+01   0.0000000e+00  1.53130786037575
   2.0170000e+03   7.0000000e+00   2.4000000e+01   3.0000000e+00   4.1000000e+01   0.0000000e+00  3.97741003379998
   2.0170000e+03   7.0000000e+00   2.4000000e+01   3.0000000e+00   4.2000000e+01   0.0000000e+00  2.59649651763650
   2.0170000e+03   7.0000000e+00   2.4000000e+01   3.0000000e+00   4.3000000e+01   0.0000000e+00  4.70253612939933
   2.0170000e+03   7.0000000e+00   2.4000000e+01   3.0000000e+00   4.4000000e+01   0.0000000e+00  1.06427127419148
   2.0170000e+03   7.0000000e+00   2.4000000e+01   3.0000000e+00   4.5000000e+01   0.0000000e+00  0.570792521570531
   2.0170000e+03   7.0000000e+00   2.4000000e+01   3.0000000e+00   4.6000000e+01   0.0000000e+00  3.58878881405648
   2.0170000e+03   7.0000000e+00   2.4000000e+01   3.0000000e+00   4.7000000e+01   0.0000000e+00  0.000943262205364796
   2.0170000e+03   7.0000000e+00   2.4000000e+01   3.0000000e+00   4.8000000e+01   0.0000000e+00  0
   2.0170000e+03   7.0000000e+00   2.4000000e+01   3.0000000e+00   4.9000000e+01   0.0000000e+00  0
   2.0170000e+03   7.0000000e+00   2.4000000e+01   3.0000000e+00   5.0000000e+01   0.0000000e+00  0.0747622930659252
   2.0170000e+03   7.0000000e+00   2.4000000e+01   3.0000000e+00   5.1000000e+01   0.0000000e+00  0
   2.0170000e+03   7.0000000e+00   2.4000000e+01   3.0000000e+00   5.2000000e+01   0.0000000e+00  0.659109996148515
   2.0170000e+03   7.0000000e+00   2.4000000e+01   3.0000000e+00   5.3000000e+01   0.0000000e+00  0.760838460222162
   2.0170000e+03   7.0000000e+00   2.4000000e+01   3.0000000e+00   5.4000000e+01   0.0000000e+00  0.000135697225347659
   2.0170000e+03   7.0000000e+00   2.4000000e+01   3.0000000e+00   5.5000000e+01   0.0000000e+00  0
   2.0170000e+03   7.0000000e+00   2.4000000e+01   3.0000000e+00   5.6000000e+01   0.0000000e+00  0
   2.0170000e+03   7.0000000e+00   2.4000000e+01   3.0000000e+00   5.7000000e+01   0.0000000e+00  0.0507720333821331
   2.0170000e+03   7.0000000e+00   2.4000000e+01   3.0000000e+00   5.8000000e+01   0.0000000e+00  0
   2.0170000e+03   7.0000000e+00   2.4000000e+01   3.0000000e+00   5.9000000e+01   0.0000000e+00  0
   2.0170000e+03   7.0000000e+00   2.4000000e+01   4.0000000e+00   0.0000000e+00   0.0000000e+00  0
   2.0170000e+03   7.0000000e+00   2.4000000e+01   4.0000000e+00   1.0000000e+00   0.0000000e+00  0
   2.0170000e+03   7.0000000e+00   2.4000000e+01   4.0000000e+00   2.0000000e+00   0.0000000e+00  0
   2.0170000e+03   7.0000000e+00   2.4000000e+01   4.0000000e+00   3.0000000e+00   0.0000000e+00  0
   2.0170000e+03   7.0000000e+00   2.4000000e+01   4.0000000e+00   4.0000000e+00   0.0000000e+00  0
   2.0170000e+03   7.0000000e+00   2.4000000e+01   4.0000000e+00   5.0000000e+00   0.0000000e+00  0
   2.0170000e+03   7.0000000e+00   2.4000000e+01   4.0000000e+00   6.0000000e+00   0.0000000e+00  0
   2.0170000e+03   7.0000000e+00   2.4000000e+01   4.0000000e+00   7.0000000e+00   0.0000000e+00  0
   2.0170000e+03   7.0000000e+00   2.4000000e+01   4.0000000e+00   8.0000000e+00   0.0000000e+00  0
   2.0170000e+03   7.0000000e+00   2.4000000e+01   4.0000000e+00   9.0000000e+00   0.0000000e+00  0
   2.0170000e+03   7.0000000e+00   2.4000000e+01   4.0000000e+00   1.0000000e+01   0.0000000e+00  0
   2.0170000e+03   7.0000000e+00   2.4000000e+01   4.0000000e+00   1.1000000e+01   0.0000000e+00  0
   2.0170000e+03   7.0000000e+00   2.4000000e+01   4.0000000e+00   1.2000000e+01   0.0000000e+00  0.0422637686578117
   2.0170000e+03   7.0000000e+00   2.4000000e+01   4.0000000e+00   1.3000000e+01   0.0000000e+00  0
   2.0170000e+03   7.0000000e+00   2.4000000e+01   4.0000000e+00   1.4000000e+01   0.0000000e+00  1.30432056005127
   2.0170000e+03   7.0000000e+00   2.4000000e+01   4.0000000e+00   1.5000000e+01   0.0000000e+00  0.900807463906939
   2.0170000e+03   7.0000000e+00   2.4000000e+01   4.0000000e+00   1.6000000e+01   0.0000000e+00  1.05612603130170
   2.0170000e+03   7.0000000e+00   2.4000000e+01   4.0000000e+00   1.7000000e+01   0.0000000e+00  1.93739916974449
   2.0170000e+03   7.0000000e+00   2.4000000e+01   4.0000000e+00   1.8000000e+01   0.0000000e+00  8.03071711597722
   2.0170000e+03   7.0000000e+00   2.4000000e+01   4.0000000e+00   1.9000000e+01   0.0000000e+00  4.37239924858887
   2.0170000e+03   7.0000000e+00   2.4000000e+01   4.0000000e+00   2.0000000e+01   0.0000000e+00  6.32761102255269
   2.0170000e+03   7.0000000e+00   2.4000000e+01   4.0000000e+00   2.1000000e+01   0.0000000e+00  1.31577225564380
   2.0170000e+03   7.0000000e+00   2.4000000e+01   4.0000000e+00   2.2000000e+01   0.0000000e+00  14.4500137726492
   2.0170000e+03   7.0000000e+00   2.4000000e+01   4.0000000e+00   2.3000000e+01   0.0000000e+00  15.7751593726077
   2.0170000e+03   7.0000000e+00   2.4000000e+01   4.0000000e+00   2.4000000e+01   0.0000000e+00  10.4202363624924
   2.0170000e+03   7.0000000e+00   2.4000000e+01   4.0000000e+00   2.5000000e+01   0.0000000e+00  13.3550555879064
   2.0170000e+03   7.0000000e+00   2.4000000e+01   4.0000000e+00   2.6000000e+01   0.0000000e+00  15.3941915804970
   2.0170000e+03   7.0000000e+00   2.4000000e+01   4.0000000e+00   2.7000000e+01   0.0000000e+00  8.89926579920377
   2.0170000e+03   7.0000000e+00   2.4000000e+01   4.0000000e+00   2.8000000e+01   0.0000000e+00  6.60535267330614
   2.0170000e+03   7.0000000e+00   2.4000000e+01   4.0000000e+00   2.9000000e+01   0.0000000e+00  4.52348209378260
   2.0170000e+03   7.0000000e+00   2.4000000e+01   4.0000000e+00   3.0000000e+01   0.0000000e+00  0.539087498944884
   2.0170000e+03   7.0000000e+00   2.4000000e+01   4.0000000e+00   3.1000000e+01   0.0000000e+00  8.64647272387943
   2.0170000e+03   7.0000000e+00   2.4000000e+01   4.0000000e+00   3.2000000e+01   0.0000000e+00  6.08403777957375
   2.0170000e+03   7.0000000e+00   2.4000000e+01   4.0000000e+00   3.3000000e+01   0.0000000e+00  5.37516298628791
   2.0170000e+03   7.0000000e+00   2.4000000e+01   4.0000000e+00   3.4000000e+01   0.0000000e+00  0.187874075038140
   2.0170000e+03   7.0000000e+00   2.4000000e+01   4.0000000e+00   3.5000000e+01   0.0000000e+00  1.53721425308940
   2.0170000e+03   7.0000000e+00   2.4000000e+01   4.0000000e+00   3.6000000e+01   0.0000000e+00  2.46169358701874
   2.0170000e+03   7.0000000e+00   2.4000000e+01   4.0000000e+00   3.7000000e+01   0.0000000e+00  1.68283704190036
   2.0170000e+03   7.0000000e+00   2.4000000e+01   4.0000000e+00   3.8000000e+01   0.0000000e+00  0.167811713988347
   2.0170000e+03   7.0000000e+00   2.4000000e+01   4.0000000e+00   3.9000000e+01   0.0000000e+00  0
   2.0170000e+03   7.0000000e+00   2.4000000e+01   4.0000000e+00   4.0000000e+01   0.0000000e+00  0.000109488524001203
   2.0170000e+03   7.0000000e+00   2.4000000e+01   4.0000000e+00   4.1000000e+01   0.0000000e+00  0
   2.0170000e+03   7.0000000e+00   2.4000000e+01   4.0000000e+00   4.2000000e+01   0.0000000e+00  1.07590468884423
   2.0170000e+03   7.0000000e+00   2.4000000e+01   4.0000000e+00   4.3000000e+01   0.0000000e+00  0.438605271551179
   2.0170000e+03   7.0000000e+00   2.4000000e+01   4.0000000e+00   4.4000000e+01   0.0000000e+00  0.303164224805414
   2.0170000e+03   7.0000000e+00   2.4000000e+01   4.0000000e+00   4.5000000e+01   0.0000000e+00  1.36609682816629
   2.0170000e+03   7.0000000e+00   2.4000000e+01   4.0000000e+00   4.6000000e+01   0.0000000e+00  2.52821061023736
   2.0170000e+03   7.0000000e+00   2.4000000e+01   4.0000000e+00   4.7000000e+01   0.0000000e+00  2.66968023154631
   2.0170000e+03   7.0000000e+00   2.4000000e+01   4.0000000e+00   4.8000000e+01   0.0000000e+00  1.55100744814656
   2.0170000e+03   7.0000000e+00   2.4000000e+01   4.0000000e+00   4.9000000e+01   0.0000000e+00  1.42486304986515
   2.0170000e+03   7.0000000e+00   2.4000000e+01   4.0000000e+00   5.0000000e+01   0.0000000e+00  1.47424806545883
   2.0170000e+03   7.0000000e+00   2.4000000e+01   4.0000000e+00   5.1000000e+01   0.0000000e+00  3.04511418173340
   2.0170000e+03   7.0000000e+00   2.4000000e+01   4.0000000e+00   5.2000000e+01   0.0000000e+00  4.22314279035651
   2.0170000e+03   7.0000000e+00   2.4000000e+01   4.0000000e+00   5.3000000e+01   0.0000000e+00  1.46314971934132
   2.0170000e+03   7.0000000e+00   2.4000000e+01   4.0000000e+00   5.4000000e+01   0.0000000e+00  0.890363490340302
   2.0170000e+03   7.0000000e+00   2.4000000e+01   4.0000000e+00   5.5000000e+01   0.0000000e+00  4.99991339444122
   2.0170000e+03   7.0000000e+00   2.4000000e+01   4.0000000e+00   5.6000000e+01   0.0000000e+00  0.569426352067446
   2.0170000e+03   7.0000000e+00   2.4000000e+01   4.0000000e+00   5.7000000e+01   0.0000000e+00  0.549112575487107
   2.0170000e+03   7.0000000e+00   2.4000000e+01   4.0000000e+00   5.8000000e+01   0.0000000e+00  2.01369371135941
   2.0170000e+03   7.0000000e+00   2.4000000e+01   4.0000000e+00   5.9000000e+01   0.0000000e+00  0
   2.0170000e+03   7.0000000e+00   2.4000000e+01   5.0000000e+00   0.0000000e+00   0.0000000e+00  0
   2.0170000e+03   7.0000000e+00   2.4000000e+01   5.0000000e+00   1.0000000e+00   0.0000000e+00  0
   2.0170000e+03   7.0000000e+00   2.4000000e+01   5.0000000e+00   2.0000000e+00   0.0000000e+00  0.496812154474269
   2.0170000e+03   7.0000000e+00   2.4000000e+01   5.0000000e+00   3.0000000e+00   0.0000000e+00  2.68337866383817
   2.0170000e+03   7.0000000e+00   2.4000000e+01   5.0000000e+00   4.0000000e+00   0.0000000e+00  2.19643232837046
   2.0170000e+03   7.0000000e+00   2.4000000e+01   5.0000000e+00   5.0000000e+00   0.0000000e+00  2.74036751358003
   2.0170000e+03   7.0000000e+00   2.4000000e+01   5.0000000e+00   6.0000000e+00   0.0000000e+00  3.21527707672333
   2.0170000e+03   7.0000000e+00   2.4000000e+01   5.0000000e+00   7.0000000e+00   0.0000000e+00  2.64237174686744
   2.0170000e+03   7.0000000e+00   2.4000000e+01   5.0000000e+00   8.0000000e+00   0.0000000e+00  2.52383711154316
   2.0170000e+03   7.0000000e+00   2.4000000e+01   5.0000000e+00   9.0000000e+00   0.0000000e+00  4.01032411922383
   2.0170000e+03   7.0000000e+00   2.4000000e+01   5.0000000e+00   1.0000000e+01   0.0000000e+00  6.68199821635225
   2.0170000e+03   7.0000000e+00   2.4000000e+01   5.0000000e+00   1.1000000e+01   0.0000000e+00  2.16672068208257
   2.0170000e+03   7.0000000e+00   2.4000000e+01   5.0000000e+00   1.2000000e+01   0.0000000e+00  0.206672620283974
   2.0170000e+03   7.0000000e+00   2.4000000e+01   5.0000000e+00   1.3000000e+01   0.0000000e+00  0.382565928932336
   2.0170000e+03   7.0000000e+00   2.4000000e+01   5.0000000e+00   1.4000000e+01   0.0000000e+00  3.15355416499280
   2.0170000e+03   7.0000000e+00   2.4000000e+01   5.0000000e+00   1.5000000e+01   0.0000000e+00  4.92617637682825
   2.0170000e+03   7.0000000e+00   2.4000000e+01   5.0000000e+00   1.6000000e+01   0.0000000e+00  7.38054114732510
   2.0170000e+03   7.0000000e+00   2.4000000e+01   5.0000000e+00   1.7000000e+01   0.0000000e+00  11.1334859015616
   2.0170000e+03   7.0000000e+00   2.4000000e+01   5.0000000e+00   1.8000000e+01   0.0000000e+00  10.4851156032778
   2.0170000e+03   7.0000000e+00   2.4000000e+01   5.0000000e+00   1.9000000e+01   0.0000000e+00  15.2804561450786
   2.0170000e+03   7.0000000e+00   2.4000000e+01   5.0000000e+00   2.0000000e+01   0.0000000e+00  7.60408924566766
   2.0170000e+03   7.0000000e+00   2.4000000e+01   5.0000000e+00   2.1000000e+01   0.0000000e+00  7.17446018080188
   2.0170000e+03   7.0000000e+00   2.4000000e+01   5.0000000e+00   2.2000000e+01   0.0000000e+00  10.3531876664988
   2.0170000e+03   7.0000000e+00   2.4000000e+01   5.0000000e+00   2.3000000e+01   0.0000000e+00  18.1034210601016
   2.0170000e+03   7.0000000e+00   2.4000000e+01   5.0000000e+00   2.4000000e+01   0.0000000e+00  22.5078047025433
   2.0170000e+03   7.0000000e+00   2.4000000e+01   5.0000000e+00   2.5000000e+01   0.0000000e+00  17.4170662322429
   2.0170000e+03   7.0000000e+00   2.4000000e+01   5.0000000e+00   2.6000000e+01   0.0000000e+00  29.2421927006514
   2.0170000e+03   7.0000000e+00   2.4000000e+01   5.0000000e+00   2.7000000e+01   0.0000000e+00  18.2272858269561
   2.0170000e+03   7.0000000e+00   2.4000000e+01   5.0000000e+00   2.8000000e+01   0.0000000e+00  15.5367031409151
   2.0170000e+03   7.0000000e+00   2.4000000e+01   5.0000000e+00   2.9000000e+01   0.0000000e+00  9.32775330031029
   2.0170000e+03   7.0000000e+00   2.4000000e+01   5.0000000e+00   3.0000000e+01   0.0000000e+00  2.12815826533434
   2.0170000e+03   7.0000000e+00   2.4000000e+01   5.0000000e+00   3.1000000e+01   0.0000000e+00  1.48699575795951
   2.0170000e+03   7.0000000e+00   2.4000000e+01   5.0000000e+00   3.2000000e+01   0.0000000e+00  0
   2.0170000e+03   7.0000000e+00   2.4000000e+01   5.0000000e+00   3.3000000e+01   0.0000000e+00  0
   2.0170000e+03   7.0000000e+00   2.4000000e+01   5.0000000e+00   3.4000000e+01   0.0000000e+00  0
   2.0170000e+03   7.0000000e+00   2.4000000e+01   5.0000000e+00   3.5000000e+01   0.0000000e+00  0
   2.0170000e+03   7.0000000e+00   2.4000000e+01   5.0000000e+00   3.6000000e+01   0.0000000e+00  0
   2.0170000e+03   7.0000000e+00   2.4000000e+01   5.0000000e+00   3.7000000e+01   0.0000000e+00  0
   2.0170000e+03   7.0000000e+00   2.4000000e+01   5.0000000e+00   3.8000000e+01   0.0000000e+00  0
   2.0170000e+03   7.0000000e+00   2.4000000e+01   5.0000000e+00   3.9000000e+01   0.0000000e+00  0
   2.0170000e+03   7.0000000e+00   2.4000000e+01   5.0000000e+00   4.0000000e+01   0.0000000e+00  0.109806219237477
   2.0170000e+03   7.0000000e+00   2.4000000e+01   5.0000000e+00   4.1000000e+01   0.0000000e+00  1.01739322048962
   2.0170000e+03   7.0000000e+00   2.4000000e+01   5.0000000e+00   4.2000000e+01   0.0000000e+00  0
   2.0170000e+03   7.0000000e+00   2.4000000e+01   5.0000000e+00   4.3000000e+01   0.0000000e+00  2.13739544536428
   2.0170000e+03   7.0000000e+00   2.4000000e+01   5.0000000e+00   4.4000000e+01   0.0000000e+00  2.32581139975500
   2.0170000e+03   7.0000000e+00   2.4000000e+01   5.0000000e+00   4.5000000e+01   0.0000000e+00  5.62730960806248
   2.0170000e+03   7.0000000e+00   2.4000000e+01   5.0000000e+00   4.6000000e+01   0.0000000e+00  7.65111351609290
   2.0170000e+03   7.0000000e+00   2.4000000e+01   5.0000000e+00   4.7000000e+01   0.0000000e+00  17.1156107485377
   2.0170000e+03   7.0000000e+00   2.4000000e+01   5.0000000e+00   4.8000000e+01   0.0000000e+00  15.5880441183008
   2.0170000e+03   7.0000000e+00   2.4000000e+01   5.0000000e+00   4.9000000e+01   0.0000000e+00  6.83079873621514
   2.0170000e+03   7.0000000e+00   2.4000000e+01   5.0000000e+00   5.0000000e+01   0.0000000e+00  4.76402129444644
   2.0170000e+03   7.0000000e+00   2.4000000e+01   5.0000000e+00   5.1000000e+01   0.0000000e+00  0.837054181407354
   2.0170000e+03   7.0000000e+00   2.4000000e+01   5.0000000e+00   5.2000000e+01   0.0000000e+00  0.758425983391344
   2.0170000e+03   7.0000000e+00   2.4000000e+01   5.0000000e+00   5.3000000e+01   0.0000000e+00  0
   2.0170000e+03   7.0000000e+00   2.4000000e+01   5.0000000e+00   5.4000000e+01   0.0000000e+00  0
   2.0170000e+03   7.0000000e+00   2.4000000e+01   5.0000000e+00   5.5000000e+01   0.0000000e+00  0
   2.0170000e+03   7.0000000e+00   2.4000000e+01   5.0000000e+00   5.6000000e+01   0.0000000e+00  0
   2.0170000e+03   7.0000000e+00   2.4000000e+01   5.0000000e+00   5.7000000e+01   0.0000000e+00  0
   2.0170000e+03   7.0000000e+00   2.4000000e+01   5.0000000e+00   5.8000000e+01   0.0000000e+00  0
   2.0170000e+03   7.0000000e+00   2.4000000e+01   5.0000000e+00   5.9000000e+01   0.0000000e+00  0
   2.0170000e+03   7.0000000e+00   2.4000000e+01   6.0000000e+00   0.0000000e+00   0.0000000e+00  0
   2.0170000e+03   7.0000000e+00   2.4000000e+01   6.0000000e+00   1.0000000e+00   0.0000000e+00  0
   2.0170000e+03   7.0000000e+00   2.4000000e+01   6.0000000e+00   2.0000000e+00   0.0000000e+00  0
   2.0170000e+03   7.0000000e+00   2.4000000e+01   6.0000000e+00   3.0000000e+00   0.0000000e+00  0
   2.0170000e+03   7.0000000e+00   2.4000000e+01   6.0000000e+00   4.0000000e+00   0.0000000e+00  0
   2.0170000e+03   7.0000000e+00   2.4000000e+01   6.0000000e+00   5.0000000e+00   0.0000000e+00  0
   2.0170000e+03   7.0000000e+00   2.4000000e+01   6.0000000e+00   6.0000000e+00   0.0000000e+00  0
   2.0170000e+03   7.0000000e+00   2.4000000e+01   6.0000000e+00   7.0000000e+00   0.0000000e+00  0
   2.0170000e+03   7.0000000e+00   2.4000000e+01   6.0000000e+00   8.0000000e+00   0.0000000e+00  0
   2.0170000e+03   7.0000000e+00   2.4000000e+01   6.0000000e+00   9.0000000e+00   0.0000000e+00  0
   2.0170000e+03   7.0000000e+00   2.4000000e+01   6.0000000e+00   1.0000000e+01   0.0000000e+00  0.0452696587584190
   2.0170000e+03   7.0000000e+00   2.4000000e+01   6.0000000e+00   1.1000000e+01   0.0000000e+00  1.44149235336817
   2.0170000e+03   7.0000000e+00   2.4000000e+01   6.0000000e+00   1.2000000e+01   0.0000000e+00  2.68124589235970
   2.0170000e+03   7.0000000e+00   2.4000000e+01   6.0000000e+00   1.3000000e+01   0.0000000e+00  5.22133702270165
   2.0170000e+03   7.0000000e+00   2.4000000e+01   6.0000000e+00   1.4000000e+01   0.0000000e+00  12.2452545347995
   2.0170000e+03   7.0000000e+00   2.4000000e+01   6.0000000e+00   1.5000000e+01   0.0000000e+00  4.21967789486769
   2.0170000e+03   7.0000000e+00   2.4000000e+01   6.0000000e+00   1.6000000e+01   0.0000000e+00  4.68956860606355
   2.0170000e+03   7.0000000e+00   2.4000000e+01   6.0000000e+00   1.7000000e+01   0.0000000e+00  1.21889434028216
   2.0170000e+03   7.0000000e+00   2.4000000e+01   6.0000000e+00   1.8000000e+01   0.0000000e+00  0.695487290200246
   2.0170000e+03   7.0000000e+00   2.4000000e+01   6.0000000e+00   1.9000000e+01   0.0000000e+00  1.24834800133189
   2.0170000e+03   7.0000000e+00   2.4000000e+01   6.0000000e+00   2.0000000e+01   0.0000000e+00  1.30360187130420
   2.0170000e+03   7.0000000e+00   2.4000000e+01   6.0000000e+00   2.1000000e+01   0.0000000e+00  1.87915664795986
   2.0170000e+03   7.0000000e+00   2.4000000e+01   6.0000000e+00   2.2000000e+01   0.0000000e+00  2.86560480862259
   2.0170000e+03   7.0000000e+00   2.4000000e+01   6.0000000e+00   2.3000000e+01   0.0000000e+00  12.8108366821075
   2.0170000e+03   7.0000000e+00   2.4000000e+01   6.0000000e+00   2.4000000e+01   0.0000000e+00  15.2416528862065
   2.0170000e+03   7.0000000e+00   2.4000000e+01   6.0000000e+00   2.5000000e+01   0.0000000e+00  20.3829044755665
   2.0170000e+03   7.0000000e+00   2.4000000e+01   6.0000000e+00   2.6000000e+01   0.0000000e+00  21.2512434281516
   2.0170000e+03   7.0000000e+00   2.4000000e+01   6.0000000e+00   2.7000000e+01   0.0000000e+00  10.2881565827734
   2.0170000e+03   7.0000000e+00   2.4000000e+01   6.0000000e+00   2.8000000e+01   0.0000000e+00  7.53971720527158
   2.0170000e+03   7.0000000e+00   2.4000000e+01   6.0000000e+00   2.9000000e+01   0.0000000e+00  9.22497020288590
   2.0170000e+03   7.0000000e+00   2.4000000e+01   6.0000000e+00   3.0000000e+01   0.0000000e+00  13.0065191919786
   2.0170000e+03   7.0000000e+00   2.4000000e+01   6.0000000e+00   3.1000000e+01   0.0000000e+00  6.61586038104973
   2.0170000e+03   7.0000000e+00   2.4000000e+01   6.0000000e+00   3.2000000e+01   0.0000000e+00  6.57350019520607
   2.0170000e+03   7.0000000e+00   2.4000000e+01   6.0000000e+00   3.3000000e+01   0.0000000e+00  12.4465025919212
   2.0170000e+03   7.0000000e+00   2.4000000e+01   6.0000000e+00   3.4000000e+01   0.0000000e+00  7.85940514144444
   2.0170000e+03   7.0000000e+00   2.4000000e+01   6.0000000e+00   3.5000000e+01   0.0000000e+00  12.3950845549704
   2.0170000e+03   7.0000000e+00   2.4000000e+01   6.0000000e+00   3.6000000e+01   0.0000000e+00  9.39972575664864
   2.0170000e+03   7.0000000e+00   2.4000000e+01   6.0000000e+00   3.7000000e+01   0.0000000e+00  9.91326196896607
   2.0170000e+03   7.0000000e+00   2.4000000e+01   6.0000000e+00   3.8000000e+01   0.0000000e+00  4.03464789536299
   2.0170000e+03   7.0000000e+00   2.4000000e+01   6.0000000e+00   3.9000000e+01   0.0000000e+00  5.43812669690715