   2.0170000e+03   8.0000000e+00   8.0000000e+00   4.0000000e+00   0.0000000e+00   0.0000000e+00   0.0000000e+00
   2.0170000e+03   8.0000000e+00   8.0000000e+00   4.0000000e+00   1.0000000e+00   0.0000000e+00   0.0000000e+00
   2.0170000e+03   8.0000000e+00   8.0000000e+00   4.0000000e+00   2.0000000e+00   0.0000000e+00   0.0000000e+00
   2.0170000e+03   8.0000000e+00   8.0000000e+00   4.0000000e+00   3.0000000e+00   0.0000000e+00   0.0000000e+00
   2.0170000e+03   8.0000000e+00   8.0000000e+00   4.0000000e+00   4.0000000e+00   0.0000000e+00   0.0000000e+00
   2.0170000e+03   8.0000000e+00   8.0000000e+00   4.0000000e+00   5.0000000e+00   0.0000000e+00   0.0000000e+00
   2.0170000e+03   8.0000000e+00   8.0000000e+00   4.0000000e+00   6.0000000e+00   0.0000000e+00   0.0000000e+00
   2.0170000e+03   8.0000000e+00   8.0000000e+00   4.0000000e+00   7.0000000e+00   0.0000000e+00   0.0000000e+00
   2.0170000e+03   8.0000000e+00   8.0000000e+00   4.0000000e+00   8.0000000e+00   0.0000000e+00   0.0000000e+00
   2.0170000e+03   8.0000000e+00   8.0000000e+00   4.0000000e+00   9.0000000e+00   0.0000000e+00   0.0000000e+00
   2.0170000e+03   8.0000000e+00   8.0000000e+00   4.0000000e+00   1.0000000e+01   0.0000000e+00   0.0000000e+00
   2.0170000e+03   8.0000000e+00   8.0000000e+00   4.0000000e+00   1.1000000e+01   0.0000000e+00   0.0000000e+00
   2.0170000e+03   8.0000000e+00   8.0000000e+00   4.0000000e+00   1.2000000e+01   0.0000000e+00   0.0000000e+00
   2.0170000e+03   8.0000000e+00   8.0000000e+00   4.0000000e+00   1.3000000e+01   0.0000000e+00   0.0000000e+00
   2.0170000e+03   8.0000000e+00   8.0000000e+00   4.0000000e+00   1.4000000e+01   0.0000000e+00   0.0000000e+00
   2.0170000e+03   8.0000000e+00   8.0000000e+00   4.0000000e+00   1.5000000e+01   0.0000000e+00   0.0000000e+00
   2.0170000e+03   8.0000000e+00   8.0000000e+00   4.0000000e+00   1.6000000e+01   0.0000000e+00   0.0000000e+00
   2.0170000e+03   8.0000000e+00   8.0000000e+00   4.0000000e+00   1.7000000e+01   0.0000000e+00   0.0000000e+00
   2.0170000e+03   8.0000000e+00   8.0000000e+00   4.0000000e+00   1.8000000e+01   0.0000000e+00   0.0000000e+00
   2.0170000e+03   8.0000000e+00   8.0000000e+00   4.0000000e+00   1.9000000e+01   0.0000000e+00   0.0000000e+00
   2.0170000e+03   8.0000000e+00   8.0000000e+00   4.0000000e+00   2.0000000e+01   0.0000000e+00   0.0000000e+00
   2.0170000e+03   8.0000000e+00   8.0000000e+00   4.0000000e+00   2.1000000e+01   0.0000000e+00   0.0000000e+00
   2.0170000e+03   8.0000000e+00   8.0000000e+00   4.0000000e+00   2.2000000e+01   0.0000000e+00   0.0000000e+00
   2.0170000e+03   8.0000000e+00   8.0000000e+00   4.0000000e+00   2.3000000e+01   0.0000000e+00   0.0000000e+00
   2.0170000e+03   8.0000000e+00   8.0000000e+00   4.0000000e+00   2.4000000e+01   0.0000000e+00   0.0000000e+00
   2.0170000e+03   8.0000000e+00   8.0000000e+00   4.0000000e+00   2.5000000e+01   0.0000000e+00   0.0000000e+00
   2.0170000e+03   8.0000000e+00   8.0000000e+00   4.0000000e+00   2.6000000e+01   0.0000000e+00   0.0000000e+00
   2.0170000e+03   8.0000000e+00   8.0000000e+00   4.0000000e+00   2.7000000e+01   0.0000000e+00   0.0000000e+00
   2.0170000e+03   8.0000000e+00   8.0000000e+00   4.0000000e+00   2.8000000e+01   0.0000000e+00   0.0000000e+00
   2.0170000e+03   8.0000000e+00   8.0000000e+00   4.0000000e+00   2.9000000e+01   0.0000000e+00   0.0000000e+00
   2.0170000e+03   8.0000000e+00   8.0000000e+00   4.0000000e+00   3.0000000e+01   0.0000000e+00   0.0000000e+00
   2.0170000e+03   8.0000000e+00   8.0000000e+00   4.0000000e+00   3.1000000e+01   0.0000000e+00   0.0000000e+00
   2.0170000e+03   8.0000000e+00   8.0000000e+00   4.0000000e+00   3.2000000e+01   0.0000000e+00   0.0000000e+00
   2.0170000e+03   8.0000000e+00   8.0000000e+00   4.0000000e+00   3.3000000e+01   0.0000000e+00   0.0000000e+00
   2.0170000e+03   8.0000000e+00   8.0000000e+00   4.0000000e+00   3.4000000e+01   0.0000000e+00   0.0000000e+00
   2.0170000e+03   8.0000000e+00   8.0000000e+00   4.0000000e+00   3.5000000e+01   0.0000000e+00   0.0000000e+00
   2.0170000e+03   8.0000000e+00   8.0000000e+00   4.0000000e+00   3.6000000e+01   0.0000000e+00   0.0000000e+00
   2.0170000e+03   8.0000000e+00   8.0000000e+00   4.0000000e+00   3.7000000e+01   0.0000000e+00   0.0000000e+00
   2.0170000e+03   8.0000000e+00   8.0000000e+00   4.0000000e+00   3.8000000e+01   0.0000000e+00   0.0000000e+00
   2.0170000e+03   8.0000000e+00   8.0000000e+00   4.0000000e+00   3.9000000e+01   0.0000000e+00   0.0000000e+00
   2.0170000e+03   8.0000000e+00   8.0000000e+00   4.0000000e+00   4.0000000e+01   0.0000000e+00   0.0000000e+00
   2.0170000e+03   8.0000000e+00   8.0000000e+00   4.0000000e+00   4.1000000e+01   0.0000000e+00   0.0000000e+00
   2.0170000e+03   8.0000000e+00   8.0000000e+00   4.0000000e+00   4.2000000e+01   0.0000000e+00   0.0000000e+00
   2.0170000e+03   8.0000000e+00   8.0000000e+00   4.0000000e+00   4.3000000e+01   0.0000000e+00   0.0000000e+00
   2.0170000e+03   8.0000000e+00   8.0000000e+00   4.0000000e+00   4.4000000e+01   0.0000000e+00   0.0000000e+00
   2.0170000e+03   8.0000000e+00   8.0000000e+00   4.0000000e+00   4.5000000e+01   0.0000000e+00   0.0000000e+00
   2.0170000e+03   8.0000000e+00   8.0000000e+00   4.0000000e+00   4.6000000e+01   0.0000000e+00   1.8000000e-01
   2.0170000e+03   8.0000000e+00   8.0000000e+00   4.0000000e+00   4.7000000e+01   0.0000000e+00   1.2000000e+00
   2.0170000e+03   8.0000000e+00   8.0000000e+00   4.0000000e+00   4.8000000e+01   0.0000000e+00   1.2899999e+00
   2.0170000e+03   8.0000000e+00   8.0000000e+00   4.0000000e+00   4.9000000e+01   0.0000000e+00   1.8000000e+00
   2.0170000e+03   8.0000000e+00   8.0000000e+00   4.0000000e+00   5.0000000e+01   0.0000000e+00   1.9800000e+00
   2.0170000e+03   8.0000000e+00   8.0000000e+00   4.0000000e+00   5.1000000e+01   0.0000000e+00   3.2699998e+00
   2.0170000e+03   8.0000000e+00   8.0000000e+00   4.0000000e+00   5.2000000e+01   0.0000000e+00   4.9800000e+00
   2.0170000e+03   8.0000000e+00   8.0000000e+00   4.0000000e+00   5.3000000e+01   0.0000000e+00   6.0900000e+00
   2.0170000e+03   8.0000000e+00   8.0000000e+00   4.0000000e+00   5.4000000e+01   0.0000000e+00   6.5100000e+00
   2.0170000e+03   8.0000000e+00   8.0000000e+00   4.0000000e+00   5.5000000e+01   0.0000000e+00   5.8200000e+00
   2.0170000e+03   8.0000000e+00   8.0000000e+00   4.0000000e+00   5.6000000e+01   0.0000000e+00   5.1600003e+00
   2.0170000e+03   8.0000000e+00   8.0000000e+00   4.0000000e+00   5.7000000e+01   0.0000000e+00   7.5600000e+00
   2.0170000e+03   8.0000000e+00   8.0000000e+00   4.0000000e+00   5.8000000e+01   0.0000000e+00   1.0050000e+01
   2.0170000e+03   8.0000000e+00   8.0000000e+00   4.0000000e+00   5.9000000e+01   0.0000000e+00   1.1699999e+01
   2.0170000e+03   8.0000000e+00   8.0000000e+00   5.0000000e+00   0.0000000e+00   0.0000000e+00   6.1500000e+00
   2.0170000e+03   8.0000000e+00   8.0000000e+00   5.0000000e+00   1.0000000e+00   0.0000000e+00   4.0499999e+00
   2.0170000e+03   8.0000000e+00   8.0000000e+00   5.0000000e+00   2.0000000e+00   0.0000000e+00   6.6000000e+00
   2.0170000e+03   8.0000000e+00   8.0000000e+00   5.0000000e+00   3.0000000e+00   0.0000000e+00   7.3200000e+00
   2.0170000e+03   8.0000000e+00   8.0000000e+00   5.0000000e+00   4.0000000e+00   0.0000000e+00   1.0950000e+01
   2.0170000e+03   8.0000000e+00   8.0000000e+00   5.0000000e+00   5.0000000e+00   0.0000000e+00   8.2200001e+00
   2.0170000e+03   8.0000000e+00   8.0000000e+00   5.0000000e+00   6.0000000e+00   0.0000000e+00   7.1100000e+00
   2.0170000e+03   8.0000000e+00   8.0000000e+00   5.0000000e+00   7.0000000e+00   0.0000000e+00   7.7700000e+00
   2.0170000e+03   8.0000000e+00   8.0000000e+00   5.0000000e+00   8.0000000e+00   0.0000000e+00   1.4670000e+01
   2.0170000e+03   8.0000000e+00   8.0000000e+00   5.0000000e+00   9.0000000e+00   0.0000000e+00   1.6200000e+01
   2.0170000e+03   8.0000000e+00   8.0000000e+00   5.0000000e+00   1.0000000e+01   0.0000000e+00   1.6110000e+01
   2.0170000e+03   8.0000000e+00   8.0000000e+00   5.0000000e+00   1.1000000e+01   0.0000000e+00   1.5330000e+01
   2.0170000e+03   8.0000000e+00   8.0000000e+00   5.0000000e+00   1.2000000e+01   0.0000000e+00   1.3170000e+01
   2.0170000e+03   8.0000000e+00   8.0000000e+00   5.0000000e+00   1.3000000e+01   0.0000000e+00   9.5099999e+00
   2.0170000e+03   8.0000000e+00   8.0000000e+00   5.0000000e+00   1.4000000e+01   0.0000000e+00   9.1800000e+00
   2.0170000e+03   8.0000000e+00   8.0000000e+00   5.0000000e+00   1.5000000e+01   0.0000000e+00   9.8400000e+00
   2.0170000e+03   8.0000000e+00   8.0000000e+00   5.0000000e+00   1.6000000e+01   0.0000000e+00   7.7100001e+00
   2.0170000e+03   8.0000000e+00   8.0000000e+00   5.0000000e+00   1.7000000e+01   0.0000000e+00   7.2000000e+00
   2.0170000e+03   8.0000000e+00   8.0000000e+00   5.0000000e+00   1.8000000e+01   0.0000000e+00   7.7399999e+00
   2.0170000e+03   8.0000000e+00   8.0000000e+00   5.0000000e+00   1.9000000e+01   0.0000000e+00   1.0260000e+01
   2.0170000e+03   8.0000000e+00   8.0000000e+00   5.0000000e+00   2.0000000e+01   0.0000000e+00   7.4700000e+00
   2.0170000e+03   8.0000000e+00   8.0000000e+00   5.0000000e+00   2.1000000e+01   0.0000000e+00   8.9100000e+00
   2.0170000e+03   8.0000000e+00   8.0000000e+00   5.0000000e+00   2.2000000e+01   0.0000000e+00   8.5800000e+00
   2.0170000e+03   8.0000000e+00   8.0000000e+00   5.0000000e+00   2.3000000e+01   0.0000000e+00   9.3300000e+00
   2.0170000e+03   8.0000000e+00   8.0000000e+00   5.0000000e+00   2.4000000e+01   0.0000000e+00   7.8000000e+00
   2.0170000e+03   8.0000000e+00   8.0000000e+00   5.0000000e+00   2.5000000e+01   0.0000000e+00   8.1600000e+00
   2.0170000e+03   8.0000000e+00   8.0000000e+00   5.0000000e+00   2.6000000e+01   0.0000000e+00   1.0560000e+01
   2.0170000e+03   8.0000000e+00   8.0000000e+00   5.0000000e+00   2.7000000e+01   0.0000000e+00   1.2240000e+01
   2.0170000e+03   8.0000000e+00   8.0000000e+00   5.0000000e+00   2.8000000e+01   0.0000000e+00   9.5700000e+00
   2.0170000e+03   8.0000000e+00   8.0000000e+00   5.0000000e+00   2.9000000e+01   0.0000000e+00   5.9100000e+00
   2.0170000e+03   8.0000000e+00   8.0000000e+00   5.0000000e+00   3.0000000e+01   0.0000000e+00   5.4000000e+00
   2.0170000e+03   8.0000000e+00   8.0000000e+00   5.0000000e+00   3.1000000e+01   0.0000000e+00   5.2200000e+00
   2.0170000e+03   8.0000000e+00   8.0000000e+00   5.0000000e+00   3.2000000e+01   0.0000000e+00   3.9300000e+00
   2.0170000e+03   8.0000000e+00   8.0000000e+00   5.0000000e+00   3.3000000e+01   0.0000000e+00   2.4899999e+00
   2.0170000e+03   8.0000000e+00   8.0000000e+00   5.0000000e+00   3.4000000e+01   0.0000000e+00   3.0000000e+00
   2.0170000e+03   8.0000000e+00   8.0000000e+00   5.0000000e+00   3.5000000e+01   0.0000000e+00   3.0000000e+00
   2.0170000e+03   8.0000000e+00   8.0000000e+00   5.0000000e+00   3.6000000e+01   0.0000000e+00   3.0000000e+00
   2.0170000e+03   8.0000000e+00   8.0000000e+00   5.0000000e+00   3.7000000e+01   0.0000000e+00   2.9100000e+00
   2.0170000e+03   8.0000000e+00   8.0000000e+00   5.0000000e+00   3.8000000e+01   0.0000000e+00   2.4000000e+00
   2.0170000e+03   8.0000000e+00   8.0000000e+00   5.0000000e+00   3.9000000e+01   0.0000000e+00   2.2200000e+00
   2.0170000e+03   8.0000000e+00   8.0000000e+00   5.0000000e+00   4.0000000e+01   0.0000000e+00   1.1100000e+00
   2.0170000e+03   8.0000000e+00   8.0000000e+00   5.0000000e+00   4.1000000e+01   0.0000000e+00   6.9000006e-01
   2.0170000e+03   8.0000000e+00   8.0000000e+00   5.0000000e+00   4.2000000e+01   0.0000000e+00   1.1100000e+00
   2.0170000e+03   8.0000000e+00   8.0000000e+00   5.0000000e+00   4.3000000e+01   0.0000000e+00   5.0999999e-01
   2.0170000e+03   8.0000000e+00   8.0000000e+00   5.0000000e+00   4.4000000e+01   0.0000000e+00   9.0000065e-02
   2.0170000e+03   8.0000000e+00   8.0000000e+00   5.0000000e+00   4.5000000e+01   0.0000000e+00   6.0000000e-01
   2.0170000e+03   8.0000000e+00   8.0000000e+00   5.0000000e+00   4.6000000e+01   0.0000000e+00   5.1000001e-01
   2.0170000e+03   8.0000000e+00   8.0000000e+00   5.0000000e+00   4.7000000e+01   0.0000000e+00   8.9999935e-02
   2.0170000e+03   8.0000000e+00   8.0000000e+00   5.0000000e+00   4.8000000e+01   0.0000000e+00   5.1000000e-01
   2.0170000e+03   8.0000000e+00   8.0000000e+00   5.0000000e+00   4.9000000e+01   0.0000000e+00   0.0000000e+00
   2.0170000e+03   8.0000000e+00   8.0000000e+00   5.0000000e+00   5.0000000e+01   0.0000000e+00   8.9999935e-02
   2.0170000e+03   8.0000000e+00   8.0000000e+00   5.0000000e+00   5.1000000e+01   0.0000000e+00   5.1000000e-01
   2.0170000e+03   8.0000000e+00   8.0000000e+00   5.0000000e+00   5.2000000e+01   0.0000000e+00   0.0000000e+00
   2.0170000e+03   8.0000000e+00   8.0000000e+00   5.0000000e+00   5.3000000e+01   0.0000000e+00   9.0000000e-02
   2.0170000e+03   8.0000000e+00   8.0000000e+00   5.0000000e+00   5.4000000e+01   0.0000000e+00   6.0000000e-01
   2.0170000e+03   8.0000000e+00   8.0000000e+00   5.0000000e+00   5.5000000e+01   0.0000000e+00   5.1000000e-01
   2.0170000e+03   8.0000000e+00   8.0000000e+00   5.0000000e+00   5.6000000e+01   0.0000000e+00   0.0000000e+00
   2.0170000e+03   8.0000000e+00   8.0000000e+00   5.0000000e+00   5.7000000e+01   0.0000000e+00   0.0000000e+00
   2.0170000e+03   8.0000000e+00   8.0000000e+00   5.0000000e+00   5.8000000e+01   0.0000000e+00   0.0000000e+00
   2.0170000e+03   8.0000000e+00   8.0000000e+00   5.0000000e+00   5.9000000e+01   0.0000000e+00   9.0000000e-02
   2.0170000e+03   8.0000000e+00   8.0000000e+00   6.0000000e+00   0.0000000e+00   0.0000000e+00   5.1000001e-01
   2.0170000e+03   8.0000000e+00   8.0000000e+00   6.0000000e+00   1.0000000e+00   0.0000000e+00   0.0000000e+00
   2.0170000e+03   8.0000000e+00   8.0000000e+00   6.0000000e+00   2.0000000e+00   0.0000000e+00   0.0000000e+00
   2.0170000e+03   8.0000000e+00   8.0000000e+00   6.0000000e+00   3.0000000e+00   0.0000000e+00   0.0000000e+00
   2.0170000e+03   8.0000000e+00   8.0000000e+00   6.0000000e+00   4.0000000e+00   0.0000000e+00   0.0000000e+00
   2.0170000e+03   8.0000000e+00   8.0000000e+00   6.0000000e+00   5.0000000e+00   0.0000000e+00   2.7000000e-01
   2.0170000e+03   8.0000000e+00   8.0000000e+00   6.0000000e+00   6.0000000e+00   0.0000000e+00   1.8000000e+00
   2.0170000e+03   8.0000000e+00   8.0000000e+00   6.0000000e+00   7.0000000e+00   0.0000000e+00   1.6200000e+00
   2.0170000e+03   8.0000000e+00   8.0000000e+00   6.0000000e+00   8.0000000e+00   0.0000000e+00   5.1000000e-01
   2.0170000e+03   8.0000000e+00   8.0000000e+00   6.0000000e+00   9.0000000e+00   0.0000000e+00   0.0000000e+00
   2.0170000e+03   8.0000000e+00   8.0000000e+00   6.0000000e+00   1.0000000e+01   0.0000000e+00   0.0000000e+00
   2.0170000e+03   8.0000000e+00   8.0000000e+00   6.0000000e+00   1.1000000e+01   0.0000000e+00   1.8000002e-01
   2.0170000e+03   8.0000000e+00   8.0000000e+00   6.0000000e+00   1.2000000e+01   0.0000000e+00   1.0199999e+00
   2.0170000e+03   8.0000000e+00   8.0000000e+00   6.0000000e+00   1.3000000e+01   0.0000000e+00   0.0000000e+00
   2.0170000e+03   8.0000000e+00   8.0000000e+00   6.0000000e+00   1.4000000e+01   0.0000000e+00   9.0000011e-02
   2.0170000e+03   8.0000000e+00   8.0000000e+00   6.0000000e+00   1.5000000e+01   0.0000000e+00   5.0999994e-01
   2.0170000e+03   8.0000000e+00   8.0000000e+00   6.0000000e+00   1.6000000e+01   0.0000000e+00   0.0000000e+00
   2.0170000e+03   8.0000000e+00   8.0000000e+00   6.0000000e+00   1.7000000e+01   0.0000000e+00   0.0000000e+00
   2.0170000e+03   8.0000000e+00   8.0000000e+00   6.0000000e+00   1.8000000e+01   0.0000000e+00   0.0000000e+00
   2.0170000e+03   8.0000000e+00   8.0000000e+00   6.0000000e+00   1.9000000e+01   0.0000000e+00   0.0000000e+00
   2.0170000e+03   8.0000000e+00   8.0000000e+00   6.0000000e+00   2.0000000e+01   0.0000000e+00   0.0000000e+00
   2.0170000e+03   8.0000000e+00   8.0000000e+00   6.0000000e+00   2.1000000e+01   0.0000000e+00   0.0000000e+00
   2.0170000e+03   8.0000000e+00   8.0000000e+00   6.0000000e+00   2.2000000e+01   0.0000000e+00   0.0000000e+00
   2.0170000e+03   8.0000000e+00   8.0000000e+00   6.0000000e+00   2.3000000e+01   0.0000000e+00   0.0000000e+00
   2.0170000e+03   8.0000000e+00   8.0000000e+00   6.0000000e+00   2.4000000e+01   0.0000000e+00   0.0000000e+00
   2.0170000e+03   8.0000000e+00   8.0000000e+00   6.0000000e+00   2.5000000e+01   0.0000000e+00   0.0000000e+00
   2.0170000e+03   8.0000000e+00   8.0000000e+00   6.0000000e+00   2.6000000e+01   0.0000000e+00   0.0000000e+00
   2.0170000e+03   8.0000000e+00   8.0000000e+00   6.0000000e+00   2.7000000e+01   0.0000000e+00   0.0000000e+00
   2.0170000e+03   8.0000000e+00   8.0000000e+00   6.0000000e+00   2.8000000e+01   0.0000000e+00   9.0000011e-02
   2.0170000e+03   8.0000000e+00   8.0000000e+00   6.0000000e+00   2.9000000e+01   0.0000000e+00   9.6000026e-01
   2.0170000e+03   8.0000000e+00   8.0000000e+00   6.0000000e+00   3.0000000e+01   0.0000000e+00   2.8200000e+00
   2.0170000e+03   8.0000000e+00   8.0000000e+00   6.0000000e+00   3.1000000e+01   0.0000000e+00   1.8000000e+00
   2.0170000e+03   8.0000000e+00   8.0000000e+00   6.0000000e+00   3.2000000e+01   0.0000000e+00   1.9799999e+00
   2.0170000e+03   8.0000000e+00   8.0000000e+00   6.0000000e+00   3.3000000e+01   0.0000000e+00   3.2700000e+00
   2.0170000e+03   8.0000000e+00   8.0000000e+00   6.0000000e+00   3.4000000e+01   0.0000000e+00   5.0700000e+00
   2.0170000e+03   8.0000000e+00   8.0000000e+00   6.0000000e+00   3.5000000e+01   0.0000000e+00   6.2400003e+00
   2.0170000e+03   8.0000000e+00   8.0000000e+00   6.0000000e+00   3.6000000e+01   0.0000000e+00   3.9300000e+00
   2.0170000e+03   8.0000000e+00   8.0000000e+00   6.0000000e+00   3.7000000e+01   0.0000000e+00   2.2200000e+00
   2.0170000e+03   8.0000000e+00   8.0000000e+00   6.0000000e+00   3.8000000e+01   0.0000000e+00   1.2900000e+00
   2.0170000e+03   8.0000000e+00   8.0000000e+00   6.0000000e+00   3.9000000e+01   0.0000000e+00   1.7100000e+00
   2.0170000e+03   8.0000000e+00   8.0000000e+00   6.0000000e+00   4.0000000e+01   0.0000000e+00   1.2000000e+00
   2.0170000e+03   8.0000000e+00   8.0000000e+00   6.0000000e+00   4.1000000e+01   0.0000000e+00   1.0200000e+00
   2.0170000e+03   8.0000000e+00   8.0000000e+00   6.0000000e+00   4.2000000e+01   0.0000000e+00   9.0000011e-02
   2.0170000e+03   8.0000000e+00   8.0000000e+00   6.0000000e+00   4.3000000e+01   0.0000000e+00   5.0999994e-01
   2.0170000e+03   8.0000000e+00   8.0000000e+00   6.0000000e+00   4.4000000e+01   0.0000000e+00   9.0000000e-02
   2.0170000e+03   8.0000000e+00   8.0000000e+00   6.0000000e+00   4.5000000e+01   0.0000000e+00   5.1000001e-01
   2.0170000e+03   8.0000000e+00   8.0000000e+00   6.0000000e+00   4.6000000e+01   0.0000000e+00   0.0000000e+00
   2.0170000e+03   8.0000000e+00   8.0000000e+00   6.0000000e+00   4.7000000e+01   0.0000000e+00   0.0000000e+00
   2.0170000e+03   8.0000000e+00   8.0000000e+00   6.0000000e+00   4.8000000e+01   0.0000000e+00   0.0000000e+00
   2.0170000e+03   8.0000000e+00   8.0000000e+00   6.0000000e+00   4.9000000e+01   0.0000000e+00   0.0000000e+00
   2.0170000e+03   8.0000000e+00   8.0000000e+00   6.0000000e+00   5.0000000e+01   0.0000000e+00   9.0000000e-02
   2.0170000e+03   8.0000000e+00   8.0000000e+00   6.0000000e+00   5.1000000e+01   0.0000000e+00   5.1000000e-01
   2.0170000e+03   8.0000000e+00   8.0000000e+00   6.0000000e+00   5.2000000e+01   0.0000000e+00   0.0000000e+00
   2.0170000e+03   8.0000000e+00   8.0000000e+00   6.0000000e+00   5.3000000e+01   0.0000000e+00   0.0000000e+00
   2.0170000e+03   8.0000000e+00   8.0000000e+00   6.0000000e+00   5.4000000e+01   0.0000000e+00   0.0000000e+00
   2.0170000e+03   8.0000000e+00   8.0000000e+00   6.0000000e+00   5.5000000e+01   0.0000000e+00   0.0000000e+00
   2.0170000e+03   8.0000000e+00   8.0000000e+00   6.0000000e+00   5.6000000e+01   0.0000000e+00   0.0000000e+00
   2.0170000e+03   8.0000000e+00   8.0000000e+00   6.0000000e+00   5.7000000e+01   0.0000000e+00   2.7000019e+00
   2.0170000e+03   8.0000000e+00   8.0000000e+00   6.0000000e+00   5.8000000e+01   0.0000000e+00   1.9800000e+01
   2.0170000e+03   8.0000000e+00   8.0000000e+00   6.0000000e+00   5.9000000e+01   0.0000000e+00   2.9100000e+01
   2.0170000e+03   8.0000000e+00   8.0000000e+00   7.0000000e+00   0.0000000e+00   0.0000000e+00   2.1929999e+01
   2.0170000e+03   8.0000000e+00   8.0000000e+00   7.0000000e+00   1.0000000e+00   0.0000000e+00   9.5700000e+00
   2.0170000e+03   8.0000000e+00   8.0000000e+00   7.0000000e+00   2.0000000e+00   0.0000000e+00   5.7300000e+00
   2.0170000e+03   8.0000000e+00   8.0000000e+00   7.0000000e+00   3.0000000e+00   0.0000000e+00   4.1100001e+00
   2.0170000e+03   8.0000000e+00   8.0000000e+00   7.0000000e+00   4.0000000e+00   0.0000000e+00   3.6900000e+00
   2.0170000e+03   8.0000000e+00   8.0000000e+00   7.0000000e+00   5.0000000e+00   0.0000000e+00   4.1100000e+00
   2.0170000e+03   8.0000000e+00   8.0000000e+00   7.0000000e+00   6.0000000e+00   0.0000000e+00   3.5100001e+00
   2.0170000e+03   8.0000000e+00   8.0000000e+00   7.0000000e+00   7.0000000e+00   0.0000000e+00   2.8200000e+00
   2.0170000e+03   8.0000000e+00   8.0000000e+00   7.0000000e+00   8.0000000e+00   0.0000000e+00   1.7100000e+00
   2.0170000e+03   8.0000000e+00   8.0000000e+00   7.0000000e+00   9.0000000e+00   0.0000000e+00   1.1100000e+00
   2.0170000e+03   8.0000000e+00   8.0000000e+00   7.0000000e+00   1.0000000e+01   0.0000000e+00   6.0000000e-01
   2.0170000e+03   8.0000000e+00   8.0000000e+00   7.0000000e+00   1.1000000e+01   0.0000000e+00   6.9000006e-01
   2.0170000e+03   8.0000000e+00   8.0000000e+00   7.0000000e+00   1.2000000e+01   0.0000000e+00   1.2000000e+00
   2.0170000e+03   8.0000000e+00   8.0000000e+00   7.0000000e+00   1.3000000e+01   0.0000000e+00   1.3800000e+00
   2.0170000e+03   8.0000000e+00   8.0000000e+00   7.0000000e+00   1.4000000e+01   0.0000000e+00   2.3099999e+00
   2.0170000e+03   8.0000000e+00   8.0000000e+00   7.0000000e+00   1.5000000e+01   0.0000000e+00   1.8000000e+00
   2.0170000e+03   8.0000000e+00   8.0000000e+00   7.0000000e+00   1.6000000e+01   0.0000000e+00   1.7100000e+00
   2.0170000e+03   8.0000000e+00   8.0000000e+00   7.0000000e+00   1.7000000e+01   0.0000000e+00   1.1100001e+00
   2.0170000e+03   8.0000000e+00   8.0000000e+00   7.0000000e+00   1.8000000e+01   0.0000000e+00   6.9000000e-01
   2.0170000e+03   8.0000000e+00   8.0000000e+00   7.0000000e+00   1.9000000e+01   0.0000000e+00   1.1100000e+00
   2.0170000e+03   8.0000000e+00   8.0000000e+00   7.0000000e+00   2.0000000e+01   0.0000000e+00   5.1000006e-01
   2.0170000e+03   8.0000000e+00   8.0000000e+00   7.0000000e+00   2.1000000e+01   0.0000000e+00   9.0000000e-02
   2.0170000e+03   8.0000000e+00   8.0000000e+00   7.0000000e+00   2.2000000e+01   0.0000000e+00   5.1000000e-01
   2.0170000e+03   8.0000000e+00   8.0000000e+00   7.0000000e+00   2.3000000e+01   0.0000000e+00   0.0000000e+00
   2.0170000e+03   8.0000000e+00   8.0000000e+00   7.0000000e+00   2.4000000e+01   0.0000000e+00   9.0000000e-02
   2.0170000e+03   8.0000000e+00   8.0000000e+00   7.0000000e+00   2.5000000e+01   0.0000000e+00   5.1000000e-01
   2.0170000e+03   8.0000000e+00   8.0000000e+00   7.0000000e+00   2.6000000e+01   0.0000000e+00   0.0000000e+00
   2.0170000e+03   8.0000000e+00   8.0000000e+00   7.0000000e+00   2.7000000e+01   0.0000000e+00   0.0000000e+00
   2.0170000e+03   8.0000000e+00   8.0000000e+00   7.0000000e+00   2.8000000e+01   0.0000000e+00   0.0000000e+00
   2.0170000e+03   8.0000000e+00   8.0000000e+00   7.0000000e+00   2.9000000e+01   0.0000000e+00   0.0000000e+00
   2.0170000e+03   8.0000000e+00   8.0000000e+00   7.0000000e+00   3.0000000e+01   0.0000000e+00   0.0000000e+00
   2.0170000e+03   8.0000000e+00   8.0000000e+00   7.0000000e+00   3.1000000e+01   0.0000000e+00   0.0000000e+00
   2.0170000e+03   8.0000000e+00   8.0000000e+00   7.0000000e+00   3.2000000e+01   0.0000000e+00   9.0000000e-02
   2.0170000e+03   8.0000000e+00   8.0000000e+00   7.0000000e+00   3.3000000e+01   0.0000000e+00   5.1000001e-01
   2.0170000e+03   8.0000000e+00   8.0000000e+00   7.0000000e+00   3.4000000e+01   0.0000000e+00   0.0000000e+00
   2.0170000e+03   8.0000000e+00   8.0000000e+00   7.0000000e+00   3.5000000e+01   0.0000000e+00   0.0000000e+00
   2.0170000e+03   8.0000000e+00   8.0000000e+00   7.0000000e+00   3.6000000e+01   0.0000000e+00   0.0000000e+00
   2.0170000e+03   8.0000000e+00   8.0000000e+00   7.0000000e+00   3.7000000e+01   0.0000000e+00   0.0000000e+00
   2.0170000e+03   8.0000000e+00   8.0000000e+00   7.0000000e+00   3.8000000e+01   0.0000000e+00   0.0000000e+00
   2.0170000e+03   8.0000000e+00   8.0000000e+00   7.0000000e+00   3.9000000e+01   0.0000000e+00   0.0000000e+00
   2.0170000e+03   8.0000000e+00   8.0000000e+00   7.0000000e+00   4.0000000e+01   0.0000000e+00   0.0000000e+00
   2.0170000e+03   8.0000000e+00   8.0000000e+00   7.0000000e+00   4.1000000e+01   0.0000000e+00   0.0000000e+00
   2.0170000e+03   8.0000000e+00   8.0000000e+00   7.0000000e+00   4.2000000e+01   0.0000000e+00   0.0000000e+00
   2.0170000e+03   8.0000000e+00   8.0000000e+00   7.0000000e+00   4.3000000e+01   0.0000000e+00   0.0000000e+00
   2.0170000e+03   8.0000000e+00   8.0000000e+00   7.0000000e+00   4.4000000e+01   0.0000000e+00   0.0000000e+00
   2.0170000e+03   8.0000000e+00   8.0000000e+00   7.0000000e+00   4.5000000e+01   0.0000000e+00   0.0000000e+00
   2.0170000e+03   8.0000000e+00   8.0000000e+00   7.0000000e+00   4.6000000e+01   0.0000000e+00   0.0000000e+00
   2.0170000e+03   8.0000000e+00   8.0000000e+00   7.0000000e+00   4.7000000e+01   0.0000000e+00   0.0000000e+00
   2.0170000e+03   8.0000000e+00   8.0000000e+00   7.0000000e+00   4.8000000e+01   0.0000000e+00   0.0000000e+00
   2.0170000e+03   8.0000000e+00   8.0000000e+00   7.0000000e+00   4.9000000e+01   0.0000000e+00   0.0000000e+00
   2.0170000e+03   8.0000000e+00   8.0000000e+00   7.0000000e+00   5.0000000e+01   0.0000000e+00   0.0000000e+00
   2.0170000e+03   8.0000000e+00   8.0000000e+00   7.0000000e+00   5.1000000e+01   0.0000000e+00   8.9999935e-02
   2.0170000e+03   8.0000000e+00   8.0000000e+00   7.0000000e+00   5.2000000e+01   0.0000000e+00   5.1000000e-01
   2.0170000e+03   8.0000000e+00   8.0000000e+00   7.0000000e+00   5.3000000e+01   0.0000000e+00   0.0000000e+00
   2.0170000e+03   8.0000000e+00   8.0000000e+00   7.0000000e+00   5.4000000e+01   0.0000000e+00   0.0000000e+00
   2.0170000e+03   8.0000000e+00   8.0000000e+00   7.0000000e+00   5.5000000e+01   0.0000000e+00   0.0000000e+00
   2.0170000e+03   8.0000000e+00   8.0000000e+00   7.0000000e+00   5.6000000e+01   0.0000000e+00   0.0000000e+00
   2.0170000e+03   8.0000000e+00   8.0000000e+00   7.0000000e+00   5.7000000e+01   0.0000000e+00   0.0000000e+00
   2.0170000e+03   8.0000000e+00   8.0000000e+00   7.0000000e+00   5.8000000e+01   0.0000000e+00   0.0000000e+00
   2.0170000e+03   8.0000000e+00   8.0000000e+00   7.0000000e+00   5.9000000e+01   0.0000000e+00   8.1000058e-01
   2.0170000e+03   8.0000000e+00   8.0000000e+00   8.0000000e+00   0.0000000e+00   0.0000000e+00   5.1300000e+00
   2.0170000e+03   8.0000000e+00   8.0000000e+00   8.0000000e+00   1.0000000e+00   0.0000000e+00   3.2400000e+00
   2.0170000e+03   8.0000000e+00   8.0000000e+00   8.0000000e+00   2.0000000e+00   0.0000000e+00   1.3799999e+00
   2.0170000e+03   8.0000000e+00   8.0000000e+00   8.0000000e+00   3.0000000e+00   0.0000000e+00   2.5800000e+00
   2.0170000e+03   8.0000000e+00   8.0000000e+00   8.0000000e+00   4.0000000e+00   0.0000000e+00   6.2099997e+00
   2.0170000e+03   8.0000000e+00   8.0000000e+00   8.0000000e+00   5.0000000e+00   0.0000000e+00   2.4329998e+01
   2.0170000e+03   8.0000000e+00   8.0000000e+00   8.0000000e+00   6.0000000e+00   0.0000000e+00   4.4100000e+01
   2.0170000e+03   8.0000000e+00   8.0000000e+00   8.0000000e+00   7.0000000e+00   0.0000000e+00   4.5780000e+01
   2.0170000e+03   8.0000000e+00   8.0000000e+00   8.0000000e+00   8.0000000e+00   0.0000000e+00   2.5500000e+01
   2.0170000e+03   8.0000000e+00   8.0000000e+00   8.0000000e+00   9.0000000e+00   0.0000000e+00   2.0040000e+01
   2.0170000e+03   8.0000000e+00   8.0000000e+00   8.0000000e+00   1.0000000e+01   0.0000000e+00   1.8090000e+01
   2.0170000e+03   8.0000000e+00   8.0000000e+00   8.0000000e+00   1.1000000e+01   0.0000000e+00   1.7970000e+01
   2.0170000e+03   8.0000000e+00   8.0000000e+00   8.0000000e+00   1.2000000e+01   0.0000000e+00   1.4310000e+01
   2.0170000e+03   8.0000000e+00   8.0000000e+00   8.0000000e+00   1.3000000e+01   0.0000000e+00   1.3890000e+01
   2.0170000e+03   8.0000000e+00   8.0000000e+00   8.0000000e+00   1.4000000e+01   0.0000000e+00   1.4400000e+01
   2.0170000e+03   8.0000000e+00   8.0000000e+00   8.0000000e+00   1.5000000e+01   0.0000000e+00   1.3320000e+01
   2.0170000e+03   8.0000000e+00   8.0000000e+00   8.0000000e+00   1.6000000e+01   0.0000000e+00   7.3799999e+00
   2.0170000e+03   8.0000000e+00   8.0000000e+00   8.0000000e+00   1.7000000e+01   0.0000000e+00   8.4000000e+00
   2.0170000e+03   8.0000000e+00   8.0000000e+00   8.0000000e+00   1.8000000e+01   0.0000000e+00   8.4900000e+00
   2.0170000e+03   8.0000000e+00   8.0000000e+00   8.0000000e+00   1.9000000e+01   0.0000000e+00   8.8200001e+00
   2.0170000e+03   8.0000000e+00   8.0000000e+00   8.0000000e+00   2.0000000e+01   0.0000000e+00   7.3500000e+00
   2.0170000e+03   8.0000000e+00   8.0000000e+00   8.0000000e+00   2.1000000e+01   0.0000000e+00   4.7100000e+00
   2.0170000e+03   8.0000000e+00   8.0000000e+00   8.0000000e+00   2.2000000e+01   0.0000000e+00   3.9300000e+00
   2.0170000e+03   8.0000000e+00   8.0000000e+00   8.0000000e+00   2.3000000e+01   0.0000000e+00   2.4000000e+00
   2.0170000e+03   8.0000000e+00   8.0000000e+00   8.0000000e+00   2.4000000e+01   0.0000000e+00   2.3100000e+00
   2.0170000e+03   8.0000000e+00   8.0000000e+00   8.0000000e+00   2.5000000e+01   0.0000000e+00   1.6200000e+00
   2.0170000e+03   8.0000000e+00   8.0000000e+00   8.0000000e+00   2.6000000e+01   0.0000000e+00   6.0000000e-01
   2.0170000e+03   8.0000000e+00   8.0000000e+00   8.0000000e+00   2.7000000e+01   0.0000000e+00   6.0000000e-01
   2.0170000e+03   8.0000000e+00   8.0000000e+00   8.0000000e+00   2.8000000e+01   0.0000000e+00   6.0000000e-01
   2.0170000e+03   8.0000000e+00   8.0000000e+00   8.0000000e+00   2.9000000e+01   0.0000000e+00   5.0999999e-01
   2.0170000e+03   8.0000000e+00   8.0000000e+00   8.0000000e+00   3.0000000e+01   0.0000000e+00   9.0000065e-02
   2.0170000e+03   8.0000000e+00   8.0000000e+00   8.0000000e+00   3.1000000e+01   0.0000000e+00   5.1000000e-01
   2.0170000e+03   8.0000000e+00   8.0000000e+00   8.0000000e+00   3.2000000e+01   0.0000000e+00   0.0000000e+00
   2.0170000e+03   8.0000000e+00   8.0000000e+00   8.0000000e+00   3.3000000e+01   0.0000000e+00   8.9999935e-02
   2.0170000e+03   8.0000000e+00   8.0000000e+00   8.0000000e+00   3.4000000e+01   0.0000000e+00   5.1000000e-01
   2.0170000e+03   8.0000000e+00   8.0000000e+00   8.0000000e+00   3.5000000e+01   0.0000000e+00   8.9999989e-02
   2.0170000e+03   8.0000000e+00   8.0000000e+00   8.0000000e+00   3.6000000e+01   0.0000000e+00   5.1000006e-01
   2.0170000e+03   8.0000000e+00   8.0000000e+00   8.0000000e+00   3.7000000e+01   0.0000000e+00   0.0000000e+00
   2.0170000e+03   8.0000000e+00   8.0000000e+00   8.0000000e+00   3.8000000e+01   0.0000000e+00   9.0000000e-02
   2.0170000e+03   8.0000000e+00   8.0000000e+00   8.0000000e+00   3.9000000e+01   0.0000000e+00   6.9000000e-01
   2.0170000e+03   8.0000000e+00   8.0000000e+00   8.0000000e+00   4.0000000e+01   0.0000000e+00   1.4700000e+00
   2.0170000e+03   8.0000000e+00   8.0000000e+00   8.0000000e+00   4.1000000e+01   0.0000000e+00   2.7299998e+00
   2.0170000e+03   8.0000000e+00   8.0000000e+00   8.0000000e+00   4.2000000e+01   0.0000000e+00   1.3800000e+00
   2.0170000e+03   8.0000000e+00   8.0000000e+00   8.0000000e+00   4.3000000e+01   0.0000000e+00   2.1300000e+00
   2.0170000e+03   8.0000000e+00   8.0000000e+00   8.0000000e+00   4.4000000e+01   0.0000000e+00   7.8000013e-01
   2.0170000e+03   8.0000000e+00   8.0000000e+00   8.0000000e+00   4.5000000e+01   0.0000000e+00   1.7100000e+00
   2.0170000e+03   8.0000000e+00   8.0000000e+00   8.0000000e+00   4.6000000e+01   0.0000000e+00   1.8299999e+00
   2.0170000e+03   8.0000000e+00   8.0000000e+00   8.0000000e+00   4.7000000e+01   0.0000000e+00   5.4000000e+00
   2.0170000e+03   8.0000000e+00   8.0000000e+00   8.0000000e+00   4.8000000e+01   0.0000000e+00   5.2200000e+00
   2.0170000e+03   8.0000000e+00   8.0000000e+00   8.0000000e+00   4.9000000e+01   0.0000000e+00   4.1100000e+00
   2.0170000e+03   8.0000000e+00   8.0000000e+00   8.0000000e+00   5.0000000e+01   0.0000000e+00   3.6000000e+00
   2.0170000e+03   8.0000000e+00   8.0000000e+00   8.0000000e+00   5.1000000e+01   0.0000000e+00   3.6900000e+00
   2.0170000e+03   8.0000000e+00   8.0000000e+00   8.0000000e+00   5.2000000e+01   0.0000000e+00   4.1100000e+00
   2.0170000e+03   8.0000000e+00   8.0000000e+00   8.0000000e+00   5.3000000e+01   0.0000000e+00   3.5100000e+00
   2.0170000e+03   8.0000000e+00   8.0000000e+00   8.0000000e+00   5.4000000e+01   0.0000000e+00   3.1800000e+00
   2.0170000e+03   8.0000000e+00   8.0000000e+00   8.0000000e+00   5.5000000e+01   0.0000000e+00   4.1100000e+00
   2.0170000e+03   8.0000000e+00   8.0000000e+00   8.0000000e+00   5.6000000e+01   0.0000000e+00   3.4200000e+00
   2.0170000e+03   8.0000000e+00   8.0000000e+00   8.0000000e+00   5.7000000e+01   0.0000000e+00   2.2200000e+00
   2.0170000e+03   8.0000000e+00   8.0000000e+00   8.0000000e+00   5.8000000e+01   0.0000000e+00   1.2900001e+00
   2.0170000e+03   8.0000000e+00   8.0000000e+00   8.0000000e+00   5.9000000e+01   0.0000000e+00   1.6200000e+00
   2.0170000e+03   8.0000000e+00   8.0000000e+00   9.0000000e+00   0.0000000e+00   0.0000000e+00   6.0000000e-01
   2.0170000e+03   8.0000000e+00   8.0000000e+00   9.0000000e+00   1.0000000e+00   0.0000000e+00   6.0000000e-01
   2.0170000e+03   8.0000000e+00   8.0000000e+00   9.0000000e+00   2.0000000e+00   0.0000000e+00   6.0000000e-01
   2.0170000e+03   8.0000000e+00   8.0000000e+00   9.0000000e+00   3.0000000e+00   0.0000000e+00   5.1000001e-01
   2.0170000e+03   8.0000000e+00   8.0000000e+00   9.0000000e+00   4.0000000e+00   0.0000000e+00   0.0000000e+00
   2.0170000e+03   8.0000000e+00   8.0000000e+00   9.0000000e+00   5.0000000e+00   0.0000000e+00   9.0000000e-02
   2.0170000e+03   8.0000000e+00   8.0000000e+00   9.0000000e+00   6.0000000e+00   0.0000000e+00   5.1000000e-01
   2.0170000e+03   8.0000000e+00   8.0000000e+00   9.0000000e+00   7.0000000e+00   0.0000000e+00   0.0000000e+00
   2.0170000e+03   8.0000000e+00   8.0000000e+00   9.0000000e+00   8.0000000e+00   0.0000000e+00   0.0000000e+00
   2.0170000e+03   8.0000000e+00   8.0000000e+00   9.0000000e+00   9.0000000e+00   0.0000000e+00   0.0000000e+00
   2.0170000e+03   8.0000000e+00   8.0000000e+00   9.0000000e+00   1.0000000e+01   0.0000000e+00   0.0000000e+00
   2.0170000e+03   8.0000000e+00   8.0000000e+00   9.0000000e+00   1.1000000e+01   0.0000000e+00   0.0000000e+00
   2.0170000e+03   8.0000000e+00   8.0000000e+00   9.0000000e+00   1.2000000e+01   0.0000000e+00   0.0000000e+00
   2.0170000e+03   8.0000000e+00   8.0000000e+00   9.0000000e+00   1.3000000e+01   0.0000000e+00   9.0000000e-02
   2.0170000e+03   8.0000000e+00   8.0000000e+00   9.0000000e+00   1.4000000e+01   0.0000000e+00   5.0999999e-01
   2.0170000e+03   8.0000000e+00   8.0000000e+00   9.0000000e+00   1.5000000e+01   0.0000000e+00   0.0000000e+00
   2.0170000e+03   8.0000000e+00   8.0000000e+00   9.0000000e+00   1.6000000e+01   0.0000000e+00   0.0000000e+00
   2.0170000e+03   8.0000000e+00   8.0000000e+00   9.0000000e+00   1.7000000e+01   0.0000000e+00   0.0000000e+00
   2.0170000e+03   8.0000000e+00   8.0000000e+00   9.0000000e+00   1.8000000e+01   0.0000000e+00   0.0000000e+00
   2.0170000e+03   8.0000000e+00   8.0000000e+00   9.0000000e+00   1.9000000e+01   0.0000000e+00   0.0000000e+00
   2.0170000e+03   8.0000000e+00   8.0000000e+00   9.0000000e+00   2.0000000e+01   0.0000000e+00   0.0000000e+00
   2.0170000e+03   8.0000000e+00   8.0000000e+00   9.0000000e+00   2.1000000e+01   0.0000000e+00   0.0000000e+00
   2.0170000e+03   8.0000000e+00   8.0000000e+00   9.0000000e+00   2.2000000e+01   0.0000000e+00   0.0000000e+00
   2.0170000e+03   8.0000000e+00   8.0000000e+00   9.0000000e+00   2.3000000e+01   0.0000000e+00   0.0000000e+00
   2.0170000e+03   8.0000000e+00   8.0000000e+00   9.0000000e+00   2.4000000e+01   0.0000000e+00   0.0000000e+00
   2.0170000e+03   8.0000000e+00   8.0000000e+00   9.0000000e+00   2.5000000e+01   0.0000000e+00   0.0000000e+00
   2.0170000e+03   8.0000000e+00   8.0000000e+00   9.0000000e+00   2.6000000e+01   0.0000000e+00   0.0000000e+00
   2.0170000e+03   8.0000000e+00   8.0000000e+00   9.0000000e+00   2.7000000e+01   0.0000000e+00   0.0000000e+00
   2.0170000e+03   8.0000000e+00   8.0000000e+00   9.0000000e+00   2.8000000e+01   0.0000000e+00   0.0000000e+00
   2.0170000e+03   8.0000000e+00   8.0000000e+00   9.0000000e+00   2.9000000e+01   0.0000000e+00   9.0000065e-02
   2.0170000e+03   8.0000000e+00   8.0000000e+00   9.0000000e+00   3.0000000e+01   0.0000000e+00   5.1000000e-01
   2.0170000e+03   8.0000000e+00   8.0000000e+00   9.0000000e+00   3.1000000e+01   0.0000000e+00   0.0000000e+00
   2.0170000e+03   8.0000000e+00   8.0000000e+00   9.0000000e+00   3.2000000e+01   0.0000000e+00   6.2999955e-01
   2.0170000e+03   8.0000000e+00   8.0000000e+00   9.0000000e+00   3.3000000e+01   0.0000000e+00   4.6500000e+00
   2.0170000e+03   8.0000000e+00   8.0000000e+00   9.0000000e+00   3.4000000e+01   0.0000000e+00   8.9099998e+00
   2.0170000e+03   8.0000000e+00   8.0000000e+00   9.0000000e+00   3.5000000e+01   0.0000000e+00   2.0579999e+01
   2.0170000e+03   8.0000000e+00   8.0000000e+00   9.0000000e+00   3.6000000e+01   0.0000000e+00   3.1440000e+01
   2.0170000e+03   8.0000000e+00   8.0000000e+00   9.0000000e+00   3.7000000e+01   0.0000000e+00   2.7150000e+01
   2.0170000e+03   8.0000000e+00   8.0000000e+00   9.0000000e+00   3.8000000e+01   0.0000000e+00   1.3410000e+01
   2.0170000e+03   8.0000000e+00   8.0000000e+00   9.0000000e+00   3.9000000e+01   0.0000000e+00   7.0800000e+00
   2.0170000e+03   8.0000000e+00   8.0000000e+00   9.0000000e+00   4.0000000e+01   0.0000000e+00   2.9100000e+00
   2.0170000e+03   8.0000000e+00   8.0000000e+00   9.0000000e+00   4.1000000e+01   0.0000000e+00   2.2200000e+00
   2.0170000e+03   8.0000000e+00   8.0000000e+00   9.0000000e+00   4.2000000e+01   0.0000000e+00   1.2900000e+00
   2.0170000e+03   8.0000000e+00   8.0000000e+00   9.0000000e+00   4.3000000e+01   0.0000000e+00   1.8000000e+00
   2.0170000e+03   8.0000000e+00   8.0000000e+00   9.0000000e+00   4.4000000e+01   0.0000000e+00   1.8000000e+00
   2.0170000e+03   8.0000000e+00   8.0000000e+00   9.0000000e+00   4.5000000e+01   0.0000000e+00   1.7100000e+00
   2.0170000e+03   8.0000000e+00   8.0000000e+00   9.0000000e+00   4.6000000e+01   0.0000000e+00   1.2899999e+00
   2.0170000e+03   8.0000000e+00   8.0000000e+00   9.0000000e+00   4.7000000e+01   0.0000000e+00   1.7100000e+00
   2.0170000e+03   8.0000000e+00   8.0000000e+00   9.0000000e+00   4.8000000e+01   0.0000000e+00   1.1100000e+00
   2.0170000e+03   8.0000000e+00   8.0000000e+00   9.0000000e+00   4.9000000e+01   0.0000000e+00   6.0000000e-01
   2.0170000e+03   8.0000000e+00   8.0000000e+00   9.0000000e+00   5.0000000e+01   0.0000000e+00   5.1000000e-01
   2.0170000e+03   8.0000000e+00   8.0000000e+00   9.0000000e+00   5.1000000e+01   0.0000000e+00   9.0000000e-02
   2.0170000e+03   8.0000000e+00   8.0000000e+00   9.0000000e+00   5.2000000e+01   0.0000000e+00   5.1000000e-01
   2.0170000e+03   8.0000000e+00   8.0000000e+00   9.0000000e+00   5.3000000e+01   0.0000000e+00   0.0000000e+00
   2.0170000e+03   8.0000000e+00   8.0000000e+00   9.0000000e+00   5.4000000e+01   0.0000000e+00   0.0000000e+00
   2.0170000e+03   8.0000000e+00   8.0000000e+00   9.0000000e+00   5.5000000e+01   0.0000000e+00   0.0000000e+00
   2.0170000e+03   8.0000000e+00   8.0000000e+00   9.0000000e+00   5.6000000e+01   0.0000000e+00   0.0000000e+00
   2.0170000e+03   8.0000000e+00   8.0000000e+00   9.0000000e+00   5.7000000e+01   0.0000000e+00   9.0000065e-02
   2.0170000e+03   8.0000000e+00   8.0000000e+00   9.0000000e+00   5.8000000e+01   0.0000000e+00   5.1000000e-01
   2.0170000e+03   8.0000000e+00   8.0000000e+00   9.0000000e+00   5.9000000e+01   0.0000000e+00   0.0000000e+00
   2.0170000e+03   8.0000000e+00   8.0000000e+00   1.0000000e+01   0.0000000e+00   0.0000000e+00   0.0000000e+00
   2.0170000e+03   8.0000000e+00   8.0000000e+00   1.0000000e+01   1.0000000e+00   0.0000000e+00   0.0000000e+00
   2.0170000e+03   8.0000000e+00   8.0000000e+00   1.0000000e+01   2.0000000e+00   0.0000000e+00   0.0000000e+00
   2.0170000e+03   8.0000000e+00   8.0000000e+00   1.0000000e+01   3.0000000e+00   0.0000000e+00   0.0000000e+00
   2.0170000e+03   8.0000000e+00   8.0000000e+00   1.0000000e+01   4.0000000e+00   0.0000000e+00   0.0000000e+00
   2.0170000e+03   8.0000000e+00   8.0000000e+00   1.0000000e+01   5.0000000e+00   0.0000000e+00   0.0000000e+00
   2.0170000e+03   8.0000000e+00   8.0000000e+00   1.0000000e+01   6.0000000e+00   0.0000000e+00   0.0000000e+00
   2.0170000e+03   8.0000000e+00   8.0000000e+00   1.0000000e+01   7.0000000e+00   0.0000000e+00   9.0000000e-02
   2.0170000e+03   8.0000000e+00   8.0000000e+00   1.0000000e+01   8.0000000e+00   0.0000000e+00   5.1000000e-01
   2.0170000e+03   8.0000000e+00   8.0000000e+00   1.0000000e+01   9.0000000e+00   0.0000000e+00   0.0000000e+00
   2.0170000e+03   8.0000000e+00   8.0000000e+00   1.0000000e+01   1.0000000e+01   0.0000000e+00   0.0000000e+00
   2.0170000e+03   8.0000000e+00   8.0000000e+00   1.0000000e+01   1.1000000e+01   0.0000000e+00   0.0000000e+00
   2.0170000e+03   8.0000000e+00   8.0000000e+00   1.0000000e+01   1.2000000e+01   0.0000000e+00   0.0000000e+00
   2.0170000e+03   8.0000000e+00   8.0000000e+00   1.0000000e+01   1.3000000e+01   0.0000000e+00   6.3000008e-01
   2.0170000e+03   8.0000000e+00   8.0000000e+00   1.0000000e+01   1.4000000e+01   0.0000000e+00   4.2900001e+00
   2.0170000e+03   8.0000000e+00   8.0000000e+00   1.0000000e+01   1.5000000e+01   0.0000000e+00   4.8000000e+00
   2.0170000e+03   8.0000000e+00   8.0000000e+00   1.0000000e+01   1.6000000e+01   0.0000000e+00   5.0700000e+00
   2.0170000e+03   8.0000000e+00   8.0000000e+00   1.0000000e+01   1.7000000e+01   0.0000000e+00   7.1399996e+00
   2.0170000e+03   8.0000000e+00   8.0000000e+00   1.0000000e+01   1.8000000e+01   0.0000000e+00   9.7500000e+00
   2.0170000e+03   8.0000000e+00   8.0000000e+00   1.0000000e+01   1.9000000e+01   0.0000000e+00   6.7500001e+00
   2.0170000e+03   8.0000000e+00   8.0000000e+00   1.0000000e+01   2.0000000e+01   0.0000000e+00   4.2000000e+00
   2.0170000e+03   8.0000000e+00   8.0000000e+00   1.0000000e+01   2.1000000e+01   0.0000000e+00   4.4700000e+00
   2.0170000e+03   8.0000000e+00   8.0000000e+00   1.0000000e+01   2.2000000e+01   0.0000000e+00   5.7300000e+00
   2.0170000e+03   8.0000000e+00   8.0000000e+00   1.0000000e+01   2.3000000e+01   0.0000000e+00   4.8300000e+00
   2.0170000e+03   8.0000000e+00   8.0000000e+00   1.0000000e+01   2.4000000e+01   0.0000000e+00   8.4900000e+00
   2.0170000e+03   8.0000000e+00   8.0000000e+00   1.0000000e+01   2.5000000e+01   0.0000000e+00   8.6400000e+00
   2.0170000e+03   8.0000000e+00   8.0000000e+00   1.0000000e+01   2.6000000e+01   0.0000000e+00   6.9600000e+00
   2.0170000e+03   8.0000000e+00   8.0000000e+00   1.0000000e+01   2.7000000e+01   0.0000000e+00   8.7300000e+00
   2.0170000e+03   8.0000000e+00   8.0000000e+00   1.0000000e+01   2.8000000e+01   0.0000000e+00   7.3800001e+00
   2.0170000e+03   8.0000000e+00   8.0000000e+00   1.0000000e+01   2.9000000e+01   0.0000000e+00   8.4000000e+00
   2.0170000e+03   8.0000000e+00   8.0000000e+00   1.0000000e+01   3.0000000e+01   0.0000000e+00   8.4900000e+00
   2.0170000e+03   8.0000000e+00   8.0000000e+00   1.0000000e+01   3.1000000e+01   0.0000000e+00   8.6400003e+00
   2.0170000e+03   8.0000000e+00   8.0000000e+00   1.0000000e+01   3.2000000e+01   0.0000000e+00   6.3300000e+00
   2.0170000e+03   8.0000000e+00   8.0000000e+00   1.0000000e+01   3.3000000e+01   0.0000000e+00   4.8900000e+00
   2.0170000e+03   8.0000000e+00   8.0000000e+00   1.0000000e+01   3.4000000e+01   0.0000000e+00   5.2200001e+00
   2.0170000e+03   8.0000000e+00   8.0000000e+00   1.0000000e+01   3.5000000e+01   0.0000000e+00   4.2900000e+00
   2.0170000e+03   8.0000000e+00   8.0000000e+00   1.0000000e+01   3.6000000e+01   0.0000000e+00   5.0700000e+00
   2.0170000e+03   8.0000000e+00   8.0000000e+00   1.0000000e+01   3.7000000e+01   0.0000000e+00   6.6900000e+00
   2.0170000e+03   8.0000000e+00   8.0000000e+00   1.0000000e+01   3.8000000e+01   0.0000000e+00   7.2900000e+00
   2.0170000e+03   8.0000000e+00   8.0000000e+00   1.0000000e+01   3.9000000e+01   0.0000000e+00   7.3500000e+00
   2.0170000e+03   8.0000000e+00   8.0000000e+00   1.0000000e+01   4.0000000e+01   0.0000000e+00   4.7100000e+00
   2.0170000e+03   8.0000000e+00   8.0000000e+00   1.0000000e+01   4.1000000e+01   0.0000000e+00   4.2000000e+00
   2.0170000e+03   8.0000000e+00   8.0000000e+00   1.0000000e+01   4.2000000e+01   0.0000000e+00   4.2900001e+00
   2.0170000e+03   8.0000000e+00   8.0000000e+00   1.0000000e+01   4.3000000e+01   0.0000000e+00   4.8000000e+00
   2.0170000e+03   8.0000000e+00   8.0000000e+00   1.0000000e+01   4.4000000e+01   0.0000000e+00   4.6200000e+00
   2.0170000e+03   8.0000000e+00   8.0000000e+00   1.0000000e+01   4.5000000e+01   0.0000000e+00   3.6000000e+00
   2.0170000e+03   8.0000000e+00   8.0000000e+00   1.0000000e+01   4.6000000e+01   0.0000000e+00   3.4200000e+00
   2.0170000e+03   8.0000000e+00   8.0000000e+00   1.0000000e+01   4.7000000e+01   0.0000000e+00   2.4900000e+00
   2.0170000e+03   8.0000000e+00   8.0000000e+00   1.0000000e+01   4.8000000e+01   0.0000000e+00   2.9100001e+00
   2.0170000e+03   8.0000000e+00   8.0000000e+00   1.0000000e+01   4.9000000e+01   0.0000000e+00   2.3100000e+00
   2.0170000e+03   8.0000000e+00   8.0000000e+00   1.0000000e+01   5.0000000e+01   0.0000000e+00   1.8900000e+00
   2.0170000e+03   8.0000000e+00   8.0000000e+00   1.0000000e+01   5.1000000e+01   0.0000000e+00   2.4899999e+00
   2.0170000e+03   8.0000000e+00   8.0000000e+00   1.0000000e+01   5.2000000e+01   0.0000000e+00   3.0000000e+00
   2.0170000e+03   8.0000000e+00   8.0000000e+00   1.0000000e+01   5.3000000e+01   0.0000000e+00   3.0000000e+00
   2.0170000e+03   8.0000000e+00   8.0000000e+00   1.0000000e+01   5.4000000e+01   0.0000000e+00   2.9100000e+00
   2.0170000e+03   8.0000000e+00   8.0000000e+00   1.0000000e+01   5.5000000e+01   0.0000000e+00   2.4900000e+00
   2.0170000e+03   8.0000000e+00   8.0000000e+00   1.0000000e+01   5.6000000e+01   0.0000000e+00   2.9099999e+00
   2.0170000e+03   8.0000000e+00   8.0000000e+00   1.0000000e+01   5.7000000e+01   0.0000000e+00   2.4900000e+00
   2.0170000e+03   8.0000000e+00   8.0000000e+00   1.0000000e+01   5.8000000e+01   0.0000000e+00   2.9100000e+00
   2.0170000e+03   8.0000000e+00   8.0000000e+00   1.0000000e+01   5.9000000e+01   0.0000000e+00   2.4900001e+00
   2.0170000e+03   8.0000000e+00   8.0000000e+00   1.1000000e+01   0.0000000e+00   0.0000000e+00   3.0900000e+00
   2.0170000e+03   8.0000000e+00   8.0000000e+00   1.1000000e+01   1.0000000e+00   0.0000000e+00   3.7800000e+00
   2.0170000e+03   8.0000000e+00   8.0000000e+00   1.1000000e+01   2.0000000e+00   0.0000000e+00   4.5300002e+00
   2.0170000e+03   8.0000000e+00   8.0000000e+00   1.1000000e+01   3.0000000e+00   0.0000000e+00   3.0900000e+00
   2.0170000e+03   8.0000000e+00   8.0000000e+00   1.1000000e+01   4.0000000e+00   0.0000000e+00   3.6000000e+00
   2.0170000e+03   8.0000000e+00   8.0000000e+00   1.1000000e+01   5.0000000e+00   0.0000000e+00   3.6899999e+00
   2.0170000e+03   8.0000000e+00   8.0000000e+00   1.1000000e+01   6.0000000e+00   0.0000000e+00   3.9300000e+00
   2.0170000e+03   8.0000000e+00   8.0000000e+00   1.1000000e+01   7.0000000e+00   0.0000000e+00   2.4900000e+00
   2.0170000e+03   8.0000000e+00   8.0000000e+00   1.1000000e+01   8.0000000e+00   0.0000000e+00   2.9100000e+00
   2.0170000e+03   8.0000000e+00   8.0000000e+00   1.1000000e+01   9.0000000e+00   0.0000000e+00   2.5800000e+00
   2.0170000e+03   8.0000000e+00   8.0000000e+00   1.1000000e+01   1.0000000e+01   0.0000000e+00   3.7800000e+00
   2.0170000e+03   8.0000000e+00   8.0000000e+00   1.1000000e+01   1.1000000e+01   0.0000000e+00   4.9800000e+00
   2.0170000e+03   8.0000000e+00   8.0000000e+00   1.1000000e+01   1.2000000e+01   0.0000000e+00   5.8200000e+00
   2.0170000e+03   8.0000000e+00   8.0000000e+00   1.1000000e+01   1.3000000e+01   0.0000000e+00   4.7099999e+00
   2.0170000e+03   8.0000000e+00   8.0000000e+00   1.1000000e+01   1.4000000e+01   0.0000000e+00   4.2900000e+00
   2.0170000e+03   8.0000000e+00   8.0000000e+00   1.1000000e+01   1.5000000e+01   0.0000000e+00   4.7100000e+00
   2.0170000e+03   8.0000000e+00   8.0000000e+00   1.1000000e+01   1.6000000e+01   0.0000000e+00   4.0200001e+00
   2.0170000e+03   8.0000000e+00   8.0000000e+00   1.1000000e+01   1.7000000e+01   0.0000000e+00   3.1800000e+00
   2.0170000e+03   8.0000000e+00   8.0000000e+00   1.1000000e+01   1.8000000e+01   0.0000000e+00   4.1100000e+00
   2.0170000e+03   8.0000000e+00   8.0000000e+00   1.1000000e+01   1.9000000e+01   0.0000000e+00   3.5100001e+00
   2.0170000e+03   8.0000000e+00   8.0000000e+00   1.1000000e+01   2.0000000e+01   0.0000000e+00   2.7300000e+00
   2.0170000e+03   8.0000000e+00   8.0000000e+00   1.1000000e+01   2.1000000e+01   0.0000000e+00   1.1100000e+00
   2.0170000e+03   8.0000000e+00   8.0000000e+00   1.1000000e+01   2.2000000e+01   0.0000000e+00   6.0000000e-01
   2.0170000e+03   8.0000000e+00   8.0000000e+00   1.1000000e+01   2.3000000e+01   0.0000000e+00   6.0000000e-01
   2.0170000e+03   8.0000000e+00   8.0000000e+00   1.1000000e+01   2.4000000e+01   0.0000000e+00   6.0000000e-01
   2.0170000e+03   8.0000000e+00   8.0000000e+00   1.1000000e+01   2.5000000e+01   0.0000000e+00   6.0000000e-01
   2.0170000e+03   8.0000000e+00   8.0000000e+00   1.1000000e+01   2.6000000e+01   0.0000000e+00   6.0000000e-01
   2.0170000e+03   8.0000000e+00   8.0000000e+00   1.1000000e+01   2.7000000e+01   0.0000000e+00   6.0000000e-01
   2.0170000e+03   8.0000000e+00   8.0000000e+00   1.1000000e+01   2.8000000e+01   0.0000000e+00   6.0000000e-01
   2.0170000e+03   8.0000000e+00   8.0000000e+00   1.1000000e+01   2.9000000e+01   0.0000000e+00   6.0000000e-01
   2.0170000e+03   8.0000000e+00   8.0000000e+00   1.1000000e+01   3.0000000e+01   0.0000000e+00   5.0999994e-01
   2.0170000e+03   8.0000000e+00   8.0000000e+00   1.1000000e+01   3.1000000e+01   0.0000000e+00   9.0000000e-02
   2.0170000e+03   8.0000000e+00   8.0000000e+00   1.1000000e+01   3.2000000e+01   0.0000000e+00   8.6999997e-01
   2.0170000e+03   8.0000000e+00   8.0000000e+00   1.1000000e+01   3.3000000e+01   0.0000000e+00   2.3100001e+00
   2.0170000e+03   8.0000000e+00   8.0000000e+00   1.1000000e+01   3.4000000e+01   0.0000000e+00   2.2500000e+00
   2.0170000e+03   8.0000000e+00   8.0000000e+00   1.1000000e+01   3.5000000e+01   0.0000000e+00   4.4400000e+00
   2.0170000e+03   8.0000000e+00   8.0000000e+00   1.1000000e+01   3.6000000e+01   0.0000000e+00   2.3100001e+00
   2.0170000e+03   8.0000000e+00   8.0000000e+00   1.1000000e+01   3.7000000e+01   0.0000000e+00   1.7100000e+00
   2.0170000e+03   8.0000000e+00   8.0000000e+00   1.1000000e+01   3.8000000e+01   0.0000000e+00   1.2900000e+00
   2.0170000e+03   8.0000000e+00   8.0000000e+00   1.1000000e+01   3.9000000e+01   0.0000000e+00   1.7100000e+00
   2.0170000e+03   8.0000000e+00   8.0000000e+00   1.1000000e+01   4.0000000e+01   0.0000000e+00   1.1100000e+00
   2.0170000e+03   8.0000000e+00   8.0000000e+00   1.1000000e+01   4.1000000e+01   0.0000000e+00   6.0000000e-01
   2.0170000e+03   8.0000000e+00   8.0000000e+00   1.1000000e+01   4.2000000e+01   0.0000000e+00   5.1000000e-01
   2.0170000e+03   8.0000000e+00   8.0000000e+00   1.1000000e+01   4.3000000e+01   0.0000000e+00   9.0000011e-02
   2.0170000e+03   8.0000000e+00   8.0000000e+00   1.1000000e+01   4.4000000e+01   0.0000000e+00   6.0000000e-01
   2.0170000e+03   8.0000000e+00   8.0000000e+00   1.1000000e+01   4.5000000e+01   0.0000000e+00   7.8000000e-01
   2.0170000e+03   8.0000000e+00   8.0000000e+00   1.1000000e+01   4.6000000e+01   0.0000000e+00   1.8000000e+00
   2.0170000e+03   8.0000000e+00   8.0000000e+00   1.1000000e+01   4.7000000e+01   0.0000000e+00   1.8899999e+00
   2.0170000e+03   8.0000000e+00   8.0000000e+00   1.1000000e+01   4.8000000e+01   0.0000000e+00   2.5800000e+00
   2.0170000e+03   8.0000000e+00   8.0000000e+00   1.1000000e+01   4.9000000e+01   0.0000000e+00   3.7800000e+00
   2.0170000e+03   8.0000000e+00   8.0000000e+00   1.1000000e+01   5.0000000e+01   0.0000000e+00   4.7100001e+00
   2.0170000e+03   8.0000000e+00   8.0000000e+00   1.1000000e+01   5.1000000e+01   0.0000000e+00   4.2000000e+00
   2.0170000e+03   8.0000000e+00   8.0000000e+00   1.1000000e+01   5.2000000e+01   0.0000000e+00   4.1100000e+00
   2.0170000e+03   8.0000000e+00   8.0000000e+00   1.1000000e+01   5.3000000e+01   0.0000000e+00   3.6000000e+00
   2.0170000e+03   8.0000000e+00   8.0000000e+00   1.1000000e+01   5.4000000e+01   0.0000000e+00   3.9600000e+00
   2.0170000e+03   8.0000000e+00   8.0000000e+00   1.1000000e+01   5.5000000e+01   0.0000000e+00   5.8200000e+00
   2.0170000e+03   8.0000000e+00   8.0000000e+00   1.1000000e+01   5.6000000e+01   0.0000000e+00   4.6200000e+00
   2.0170000e+03   8.0000000e+00   8.0000000e+00   1.1000000e+01   5.7000000e+01   0.0000000e+00   3.5100000e+00
   2.0170000e+03   8.0000000e+00   8.0000000e+00   1.1000000e+01   5.8000000e+01   0.0000000e+00   2.9099999e+00
   2.0170000e+03   8.0000000e+00   8.0000000e+00   1.1000000e+01   5.9000000e+01   0.0000000e+00   2.4000000e+00
   2.0170000e+03   8.0000000e+00   8.0000000e+00   1.2000000e+01   0.0000000e+00   0.0000000e+00   2.2200000e+00
   2.0170000e+03   8.0000000e+00   8.0000000e+00   1.2000000e+01   1.0000000e+00   0.0000000e+00   1.1100001e+00
   2.0170000e+03   8.0000000e+00   8.0000000e+00   1.2000000e+01   2.0000000e+00   0.0000000e+00   6.9000000e-01
   2.0170000e+03   8.0000000e+00   8.0000000e+00   1.2000000e+01   3.0000000e+00   0.0000000e+00   1.0200000e+00
   2.0170000e+03   8.0000000e+00   8.0000000e+00   1.2000000e+01   4.0000000e+00   0.0000000e+00   8.9999935e-02
   2.0170000e+03   8.0000000e+00   8.0000000e+00   1.2000000e+01   5.0000000e+00   0.0000000e+00   5.1000000e-01
   2.0170000e+03   8.0000000e+00   8.0000000e+00   1.2000000e+01   6.0000000e+00   0.0000000e+00   9.0000000e-02
   2.0170000e+03   8.0000000e+00   8.0000000e+00   1.2000000e+01   7.0000000e+00   0.0000000e+00   5.1000000e-01
   2.0170000e+03   8.0000000e+00   8.0000000e+00   1.2000000e+01   8.0000000e+00   0.0000000e+00   0.0000000e+00
   2.0170000e+03   8.0000000e+00   8.0000000e+00   1.2000000e+01   9.0000000e+00   0.0000000e+00   9.0000000e-02
   2.0170000e+03   8.0000000e+00   8.0000000e+00   1.2000000e+01   1.0000000e+01   0.0000000e+00   5.1000000e-01
   2.0170000e+03   8.0000000e+00   8.0000000e+00   1.2000000e+01   1.1000000e+01   0.0000000e+00   0.0000000e+00
   2.0170000e+03   8.0000000e+00   8.0000000e+00   1.2000000e+01   1.2000000e+01   0.0000000e+00   0.0000000e+00
   2.0170000e+03   8.0000000e+00   8.0000000e+00   1.2000000e+01   1.3000000e+01   0.0000000e+00   9.0000000e-02
   2.0170000e+03   8.0000000e+00   8.0000000e+00   1.2000000e+01   1.4000000e+01   0.0000000e+00   6.9000001e-01
   2.0170000e+03   8.0000000e+00   8.0000000e+00   1.2000000e+01   1.5000000e+01   0.0000000e+00   1.5600003e+00
   2.0170000e+03   8.0000000e+00   8.0000000e+00   1.2000000e+01   1.6000000e+01   0.0000000e+00   3.6900000e+00
   2.0170000e+03   8.0000000e+00   8.0000000e+00   1.2000000e+01   1.7000000e+01   0.0000000e+00   4.2900000e+00
   2.0170000e+03   8.0000000e+00   8.0000000e+00   1.2000000e+01   1.8000000e+01   0.0000000e+00   4.7100001e+00
   2.0170000e+03   8.0000000e+00   8.0000000e+00   1.2000000e+01   1.9000000e+01   0.0000000e+00   4.1100000e+00
   2.0170000e+03   8.0000000e+00   8.0000000e+00   1.2000000e+01   2.0000000e+01   0.0000000e+00   3.6000000e+00
   2.0170000e+03   8.0000000e+00   8.0000000e+00   1.2000000e+01   2.1000000e+01   0.0000000e+00   3.6000000e+00
   2.0170000e+03   8.0000000e+00   8.0000000e+00   1.2000000e+01   2.2000000e+01   0.0000000e+00   3.5100000e+00
   2.0170000e+03   8.0000000e+00   8.0000000e+00   1.2000000e+01   2.3000000e+01   0.0000000e+00   2.9100000e+00
   2.0170000e+03   8.0000000e+00   8.0000000e+00   1.2000000e+01   2.4000000e+01   0.0000000e+00   2.4900000e+00
   2.0170000e+03   8.0000000e+00   8.0000000e+00   1.2000000e+01   2.5000000e+01   0.0000000e+00   3.1800000e+00
   2.0170000e+03   8.0000000e+00   8.0000000e+00   1.2000000e+01   2.6000000e+01   0.0000000e+00   4.5600003e+00
   2.0170000e+03   8.0000000e+00   8.0000000e+00   1.2000000e+01   2.7000000e+01   0.0000000e+00   6.6900000e+00
   2.0170000e+03   8.0000000e+00   8.0000000e+00   1.2000000e+01   2.8000000e+01   0.0000000e+00   6.9300000e+00
   2.0170000e+03   8.0000000e+00   8.0000000e+00   1.2000000e+01   2.9000000e+01   0.0000000e+00   5.4000000e+00
   2.0170000e+03   8.0000000e+00   8.0000000e+00   1.2000000e+01   3.0000000e+01   0.0000000e+00   5.3100000e+00
   2.0170000e+03   8.0000000e+00   8.0000000e+00   1.2000000e+01   3.1000000e+01   0.0000000e+00   4.5300000e+00
   2.0170000e+03   8.0000000e+00   8.0000000e+00   1.2000000e+01   3.2000000e+01   0.0000000e+00   2.8200001e+00
   2.0170000e+03   8.0000000e+00   8.0000000e+00   1.2000000e+01   3.3000000e+01   0.0000000e+00   1.7100000e+00
   2.0170000e+03   8.0000000e+00   8.0000000e+00   1.2000000e+01   3.4000000e+01   0.0000000e+00   1.2000000e+00
   2.0170000e+03   8.0000000e+00   8.0000000e+00   1.2000000e+01   3.5000000e+01   0.0000000e+00   1.1100001e+00
   2.0170000e+03   8.0000000e+00   8.0000000e+00   1.2000000e+01   3.6000000e+01   0.0000000e+00   6.0000000e-01
   2.0170000e+03   8.0000000e+00   8.0000000e+00   1.2000000e+01   3.7000000e+01   0.0000000e+00   6.0000000e-01
   2.0170000e+03   8.0000000e+00   8.0000000e+00   1.2000000e+01   3.8000000e+01   0.0000000e+00   6.0000000e-01
   2.0170000e+03   8.0000000e+00   8.0000000e+00   1.2000000e+01   3.9000000e+01   0.0000000e+00   6.0000000e-01
   2.0170000e+03   8.0000000e+00   8.0000000e+00   1.2000000e+01   4.0000000e+01   0.0000000e+00   6.0000000e-01
   2.0170000e+03   8.0000000e+00   8.0000000e+00   1.2000000e+01   4.1000000e+01   0.0000000e+00   5.1000000e-01
   2.0170000e+03   8.0000000e+00   8.0000000e+00   1.2000000e+01   4.2000000e+01   0.0000000e+00   9.0000011e-02
   2.0170000e+03   8.0000000e+00   8.0000000e+00   1.2000000e+01   4.3000000e+01   0.0000000e+00   5.0999994e-01
   2.0170000e+03   8.0000000e+00   8.0000000e+00   1.2000000e+01   4.4000000e+01   0.0000000e+00   9.0000000e-02
   2.0170000e+03   8.0000000e+00   8.0000000e+00   1.2000000e+01   4.5000000e+01   0.0000000e+00   6.0000000e-01
   2.0170000e+03   8.0000000e+00   8.0000000e+00   1.2000000e+01   4.6000000e+01   0.0000000e+00   5.1000006e-01
   2.0170000e+03   8.0000000e+00   8.0000000e+00   1.2000000e+01   4.7000000e+01   0.0000000e+00   9.0000000e-02
   2.0170000e+03   8.0000000e+00   8.0000000e+00   1.2000000e+01   4.8000000e+01   0.0000000e+00   7.7999998e-01
   2.0170000e+03   8.0000000e+00   8.0000000e+00   1.2000000e+01   4.9000000e+01   0.0000000e+00   2.2499997e+00
   2.0170000e+03   8.0000000e+00   8.0000000e+00   1.2000000e+01   5.0000000e+01   0.0000000e+00   6.3300000e+00
   2.0170000e+03   8.0000000e+00   8.0000000e+00   1.2000000e+01   5.1000000e+01   0.0000000e+00   1.4910000e+01
   2.0170000e+03   8.0000000e+00   8.0000000e+00   1.2000000e+01   5.2000000e+01   0.0000000e+00   1.3860000e+01
   2.0170000e+03   8.0000000e+00   8.0000000e+00   1.2000000e+01   5.3000000e+01   0.0000000e+00   9.9900000e+00
   2.0170000e+03   8.0000000e+00   8.0000000e+00   1.2000000e+01   5.4000000e+01   0.0000000e+00   5.1300000e+00
   2.0170000e+03   8.0000000e+00   8.0000000e+00   1.2000000e+01   5.5000000e+01   0.0000000e+00   3.6000000e+00
   2.0170000e+03   8.0000000e+00   8.0000000e+00   1.2000000e+01   5.6000000e+01   0.0000000e+00   3.6000000e+00
   2.0170000e+03   8.0000000e+00   8.0000000e+00   1.2000000e+01   5.7000000e+01   0.0000000e+00   3.3299998e+00
   2.0170000e+03   8.0000000e+00   8.0000000e+00   1.2000000e+01   5.8000000e+01   0.0000000e+00   1.8900000e+00
   2.0170000e+03   8.0000000e+00   8.0000000e+00   1.2000000e+01   5.9000000e+01   0.0000000e+00   2.4900000e+00
   2.0170000e+03   8.0000000e+00   8.0000000e+00   1.3000000e+01   0.0000000e+00   0.0000000e+00   3.0000000e+00
   2.0170000e+03   8.0000000e+00   8.0000000e+00   1.3000000e+01   1.0000000e+00   0.0000000e+00   3.1800000e+00
   2.0170000e+03   8.0000000e+00   8.0000000e+00   1.3000000e+01   2.0000000e+00   0.0000000e+00   4.2000000e+00
   2.0170000e+03   8.0000000e+00   8.0000000e+00   1.3000000e+01   3.0000000e+00   0.0000000e+00   3.9300002e+00
   2.0170000e+03   8.0000000e+00   8.0000000e+00   1.3000000e+01   4.0000000e+00   0.0000000e+00   2.4000000e+00
   2.0170000e+03   8.0000000e+00   8.0000000e+00   1.3000000e+01   5.0000000e+00   0.0000000e+00   2.2200000e+00
   2.0170000e+03   8.0000000e+00   8.0000000e+00   1.3000000e+01   6.0000000e+00   0.0000000e+00   1.2899999e+00
   2.0170000e+03   8.0000000e+00   8.0000000e+00   1.3000000e+01   7.0000000e+00   0.0000000e+00   1.8000000e+00
   2.0170000e+03   8.0000000e+00   8.0000000e+00   1.3000000e+01   8.0000000e+00   0.0000000e+00   1.8000000e+00
   2.0170000e+03   8.0000000e+00   8.0000000e+00   1.3000000e+01   9.0000000e+00   0.0000000e+00   1.7100000e+00
   2.0170000e+03   8.0000000e+00   8.0000000e+00   1.3000000e+01   1.0000000e+01   0.0000000e+00   1.2000000e+00
   2.0170000e+03   8.0000000e+00   8.0000000e+00   1.3000000e+01   1.1000000e+01   0.0000000e+00   1.2900001e+00
   2.0170000e+03   8.0000000e+00   8.0000000e+00   1.3000000e+01   1.2000000e+01   0.0000000e+00   1.7100000e+00
   2.0170000e+03   8.0000000e+00   8.0000000e+00   1.3000000e+01   1.3000000e+01   0.0000000e+00   1.2000000e+00
   2.0170000e+03   8.0000000e+00   8.0000000e+00   1.3000000e+01   1.4000000e+01   0.0000000e+00   1.2000000e+00
   2.0170000e+03   8.0000000e+00   8.0000000e+00   1.3000000e+01   1.5000000e+01   0.0000000e+00   1.1100000e+00
   2.0170000e+03   8.0000000e+00   8.0000000e+00   1.3000000e+01   1.6000000e+01   0.0000000e+00   5.1000001e-01
   2.0170000e+03   8.0000000e+00   8.0000000e+00   1.3000000e+01   1.7000000e+01   0.0000000e+00   8.9999935e-02
   2.0170000e+03   8.0000000e+00   8.0000000e+00   1.3000000e+01   1.8000000e+01   0.0000000e+00   5.1000000e-01
   2.0170000e+03   8.0000000e+00   8.0000000e+00   1.3000000e+01   1.9000000e+01   0.0000000e+00   8.9999989e-02
   2.0170000e+03   8.0000000e+00   8.0000000e+00   1.3000000e+01   2.0000000e+01   0.0000000e+00   6.0000000e-01
   2.0170000e+03   8.0000000e+00   8.0000000e+00   1.3000000e+01   2.1000000e+01   0.0000000e+00   5.1000000e-01
   2.0170000e+03   8.0000000e+00   8.0000000e+00   1.3000000e+01   2.2000000e+01   0.0000000e+00   9.0000000e-02
   2.0170000e+03   8.0000000e+00   8.0000000e+00   1.3000000e+01   2.3000000e+01   0.0000000e+00   5.1000000e-01
   2.0170000e+03   8.0000000e+00   8.0000000e+00   1.3000000e+01   2.4000000e+01   0.0000000e+00   9.0000000e-02
   2.0170000e+03   8.0000000e+00   8.0000000e+00   1.3000000e+01   2.5000000e+01   0.0000000e+00   6.0000000e-01
   2.0170000e+03   8.0000000e+00   8.0000000e+00   1.3000000e+01   2.6000000e+01   0.0000000e+00   6.0000000e-01
   2.0170000e+03   8.0000000e+00   8.0000000e+00   1.3000000e+01   2.7000000e+01   0.0000000e+00   6.0000000e-01
   2.0170000e+03   8.0000000e+00   8.0000000e+00   1.3000000e+01   2.8000000e+01   0.0000000e+00   6.0000000e-01
   2.0170000e+03   8.0000000e+00   8.0000000e+00   1.3000000e+01   2.9000000e+01   0.0000000e+00   6.9000000e-01
   2.0170000e+03   8.0000000e+00   8.0000000e+00   1.3000000e+01   3.0000000e+01   0.0000000e+00   1.4700000e+00
   2.0170000e+03   8.0000000e+00   8.0000000e+00   1.3000000e+01   3.1000000e+01   0.0000000e+00   3.3599997e+00
   2.0170000e+03   8.0000000e+00   8.0000000e+00   1.3000000e+01   3.2000000e+01   0.0000000e+00   5.1300000e+00
   2.0170000e+03   8.0000000e+00   8.0000000e+00   1.3000000e+01   3.3000000e+01   0.0000000e+00   3.6000000e+00
   2.0170000e+03   8.0000000e+00   8.0000000e+00   1.3000000e+01   3.4000000e+01   0.0000000e+00   3.6000000e+00
   2.0170000e+03   8.0000000e+00   8.0000000e+00   1.3000000e+01   3.5000000e+01   0.0000000e+00   3.6000000e+00
   2.0170000e+03   8.0000000e+00   8.0000000e+00   1.3000000e+01   3.6000000e+01   0.0000000e+00   3.6000000e+00
   2.0170000e+03   8.0000000e+00   8.0000000e+00   1.3000000e+01   3.7000000e+01   0.0000000e+00   3.7800000e+00
   2.0170000e+03   8.0000000e+00   8.0000000e+00   1.3000000e+01   3.8000000e+01   0.0000000e+00   4.7100000e+00
   2.0170000e+03   8.0000000e+00   8.0000000e+00   1.3000000e+01   3.9000000e+01   0.0000000e+00   4.1100000e+00
   2.0170000e+03   8.0000000e+00   8.0000000e+00   1.3000000e+01   4.0000000e+01   0.0000000e+00   3.6900000e+00
   2.0170000e+03   8.0000000e+00   8.0000000e+00   1.3000000e+01   4.1000000e+01   0.0000000e+00   4.2900000e+00
   2.0170000e+03   8.0000000e+00   8.0000000e+00   1.3000000e+01   4.2000000e+01   0.0000000e+00   4.7099999e+00
   2.0170000e+03   8.0000000e+00   8.0000000e+00   1.3000000e+01   4.3000000e+01   0.0000000e+00   4.2000000e+00
   2.0170000e+03   8.0000000e+00   8.0000000e+00   1.3000000e+01   4.4000000e+01   0.0000000e+00   4.1100000e+00
   2.0170000e+03   8.0000000e+00   8.0000000e+00   1.3000000e+01   4.5000000e+01   0.0000000e+00   3.6900001e+00
   2.0170000e+03   8.0000000e+00   8.0000000e+00   1.3000000e+01   4.6000000e+01   0.0000000e+00   3.9300000e+00
   2.0170000e+03   8.0000000e+00   8.0000000e+00   1.3000000e+01   4.7000000e+01   0.0000000e+00   2.5800000e+00
   2.0170000e+03   8.0000000e+00   8.0000000e+00   1.3000000e+01   4.8000000e+01   0.0000000e+00   3.6000000e+00
   2.0170000e+03   8.0000000e+00   8.0000000e+00   1.3000000e+01   4.9000000e+01   0.0000000e+00   3.5100000e+00
   2.0170000e+03   8.0000000e+00   8.0000000e+00   1.3000000e+01   5.0000000e+01   0.0000000e+00   3.1800000e+00
   2.0170000e+03   8.0000000e+00   8.0000000e+00   1.3000000e+01   5.1000000e+01   0.0000000e+00   4.1100001e+00
   2.0170000e+03   8.0000000e+00   8.0000000e+00   1.3000000e+01   5.2000000e+01   0.0000000e+00   3.6000000e+00
   2.0170000e+03   8.0000000e+00   8.0000000e+00   1.3000000e+01   5.3000000e+01   0.0000000e+00   3.3300000e+00
   2.0170000e+03   8.0000000e+00   8.0000000e+00   1.3000000e+01   5.4000000e+01   0.0000000e+00   1.7100000e+00
   2.0170000e+03   8.0000000e+00   8.0000000e+00   1.3000000e+01   5.5000000e+01   0.0000000e+00   1.3800000e+00
   2.0170000e+03   8.0000000e+00   8.0000000e+00   1.3000000e+01   5.6000000e+01   0.0000000e+00   2.2199999e+00
   2.0170000e+03   8.0000000e+00   8.0000000e+00   1.3000000e+01   5.7000000e+01   0.0000000e+00   1.2000000e+00
   2.0170000e+03   8.0000000e+00   8.0000000e+00   1.3000000e+01   5.8000000e+01   0.0000000e+00   1.1100000e+00
   2.0170000e+03   8.0000000e+00   8.0000000e+00   1.3000000e+01   5.9000000e+01   0.0000000e+00   6.9000006e-01
   2.0170000e+03   8.0000000e+00   8.0000000e+00   1.4000000e+01   0.0000000e+00   0.0000000e+00   1.1100000e+00
   2.0170000e+03   8.0000000e+00   8.0000000e+00   1.4000000e+01   1.0000000e+00   0.0000000e+00   6.0000000e-01
   2.0170000e+03   8.0000000e+00   8.0000000e+00   1.4000000e+01   2.0000000e+00   0.0000000e+00   5.1000006e-01
   2.0170000e+03   8.0000000e+00   8.0000000e+00   1.4000000e+01   3.0000000e+00   0.0000000e+00   9.0000000e-02
   2.0170000e+03   8.0000000e+00   8.0000000e+00   1.4000000e+01   4.0000000e+00   0.0000000e+00   5.1000001e-01
   2.0170000e+03   8.0000000e+00   8.0000000e+00   1.4000000e+01   5.0000000e+00   0.0000000e+00   0.0000000e+00
   2.0170000e+03   8.0000000e+00   8.0000000e+00   1.4000000e+01   6.0000000e+00   0.0000000e+00   9.0000000e-02
   2.0170000e+03   8.0000000e+00   8.0000000e+00   1.4000000e+01   7.0000000e+00   0.0000000e+00   6.9000000e-01
   2.0170000e+03   8.0000000e+00   8.0000000e+00   1.4000000e+01   8.0000000e+00   0.0000000e+00   1.2000000e+00
   2.0170000e+03   8.0000000e+00   8.0000000e+00   1.4000000e+01   9.0000000e+00   0.0000000e+00   1.2900000e+00
   2.0170000e+03   8.0000000e+00   8.0000000e+00   1.4000000e+01   1.0000000e+01   0.0000000e+00   2.0700000e+00
   2.0170000e+03   8.0000000e+00   8.0000000e+00   1.4000000e+01   1.1000000e+01   0.0000000e+00   3.6000000e+00
   2.0170000e+03   8.0000000e+00   8.0000000e+00   1.4000000e+01   1.2000000e+01   0.0000000e+00   3.5100000e+00
   2.0170000e+03   8.0000000e+00   8.0000000e+00   1.4000000e+01   1.3000000e+01   0.0000000e+00   3.0000000e+00
   2.0170000e+03   8.0000000e+00   8.0000000e+00   1.4000000e+01   1.4000000e+01   0.0000000e+00   2.9100000e+00
   2.0170000e+03   8.0000000e+00   8.0000000e+00   1.4000000e+01   1.5000000e+01   0.0000000e+00   2.5800000e+00
   2.0170000e+03   8.0000000e+00   8.0000000e+00   1.4000000e+01   1.6000000e+01   0.0000000e+00   3.6000000e+00
   2.0170000e+03   8.0000000e+00   8.0000000e+00   1.4000000e+01   1.7000000e+01   0.0000000e+00   3.4200000e+00
   2.0170000e+03   8.0000000e+00   8.0000000e+00   1.4000000e+01   1.8000000e+01   0.0000000e+00   2.4000000e+00
   2.0170000e+03   8.0000000e+00   8.0000000e+00   1.4000000e+01   1.9000000e+01   0.0000000e+00   2.2200001e+00
   2.0170000e+03   8.0000000e+00   8.0000000e+00   1.4000000e+01   2.0000000e+01   0.0000000e+00   1.1100000e+00
   2.0170000e+03   8.0000000e+00   8.0000000e+00   1.4000000e+01   2.1000000e+01   0.0000000e+00   6.0000000e-01
   2.0170000e+03   8.0000000e+00   8.0000000e+00   1.4000000e+01   2.2000000e+01   0.0000000e+00   5.1000000e-01
   2.0170000e+03   8.0000000e+00   8.0000000e+00   1.4000000e+01   2.3000000e+01   0.0000000e+00   9.0000000e-02
   2.0170000e+03   8.0000000e+00   8.0000000e+00   1.4000000e+01   2.4000000e+01   0.0000000e+00   6.0000000e-01
   2.0170000e+03   8.0000000e+00   8.0000000e+00   1.4000000e+01   2.5000000e+01   0.0000000e+00   5.1000000e-01
   2.0170000e+03   8.0000000e+00   8.0000000e+00   1.4000000e+01   2.6000000e+01   0.0000000e+00   9.0000011e-02
   2.0170000e+03   8.0000000e+00   8.0000000e+00   1.4000000e+01   2.7000000e+01   0.0000000e+00   6.0000000e-01
   2.0170000e+03   8.0000000e+00   8.0000000e+00   1.4000000e+01   2.8000000e+01   0.0000000e+00   6.0000000e-01
   2.0170000e+03   8.0000000e+00   8.0000000e+00   1.4000000e+01   2.9000000e+01   0.0000000e+00   5.0999999e-01
   2.0170000e+03   8.0000000e+00   8.0000000e+00   1.4000000e+01   3.0000000e+01   0.0000000e+00   9.0000065e-02
   2.0170000e+03   8.0000000e+00   8.0000000e+00   1.4000000e+01   3.1000000e+01   0.0000000e+00   5.1000000e-01
   2.0170000e+03   8.0000000e+00   8.0000000e+00   1.4000000e+01   3.2000000e+01   0.0000000e+00   2.6999997e-01
   2.0170000e+03   8.0000000e+00   8.0000000e+00   1.4000000e+01   3.3000000e+01   0.0000000e+00   1.8899999e+00
   2.0170000e+03   8.0000000e+00   8.0000000e+00   1.4000000e+01   3.4000000e+01   0.0000000e+00   2.2200000e+00
   2.0170000e+03   8.0000000e+00   8.0000000e+00   1.4000000e+01   3.5000000e+01   0.0000000e+00   1.2000000e+00
   2.0170000e+03   8.0000000e+00   8.0000000e+00   1.4000000e+01   3.6000000e+01   0.0000000e+00   1.1100001e+00
   2.0170000e+03   8.0000000e+00   8.0000000e+00   1.4000000e+01   3.7000000e+01   0.0000000e+00   6.0000000e-01
   2.0170000e+03   8.0000000e+00   8.0000000e+00   1.4000000e+01   3.8000000e+01   0.0000000e+00   6.0000000e-01
   2.0170000e+03   8.0000000e+00   8.0000000e+00   1.4000000e+01   3.9000000e+01   0.0000000e+00   6.9000000e-01
   2.0170000e+03   8.0000000e+00   8.0000000e+00   1.4000000e+01   4.0000000e+01   0.0000000e+00   1.2000000e+00
   2.0170000e+03   8.0000000e+00   8.0000000e+00   1.4000000e+01   4.1000000e+01   0.0000000e+00   1.1099999e+00
   2.0170000e+03   8.0000000e+00   8.0000000e+00   1.4000000e+01   4.2000000e+01   0.0000000e+00   6.0000000e-01
   2.0170000e+03   8.0000000e+00   8.0000000e+00   1.4000000e+01   4.3000000e+01   0.0000000e+00   6.0000000e-01
   2.0170000e+03   8.0000000e+00   8.0000000e+00   1.4000000e+01   4.4000000e+01   0.0000000e+00   5.0999994e-01
   2.0170000e+03   8.0000000e+00   8.0000000e+00   1.4000000e+01   4.5000000e+01   0.0000000e+00   0.0000000e+00
   2.0170000e+03   8.0000000e+00   8.0000000e+00   1.4000000e+01   4.6000000e+01   0.0000000e+00   8.9999989e-02
   2.0170000e+03   8.0000000e+00   8.0000000e+00   1.4000000e+01   4.7000000e+01   0.0000000e+00   5.1000006e-01
   2.0170000e+03   8.0000000e+00   8.0000000e+00   1.4000000e+01   4.8000000e+01   0.0000000e+00   0.0000000e+00
   2.0170000e+03   8.0000000e+00   8.0000000e+00   1.4000000e+01   4.9000000e+01   0.0000000e+00   8.9999989e-02
   2.0170000e+03   8.0000000e+00   8.0000000e+00   1.4000000e+01   5.0000000e+01   0.0000000e+00   5.1000006e-01
   2.0170000e+03   8.0000000e+00   8.0000000e+00   1.4000000e+01   5.1000000e+01   0.0000000e+00   0.0000000e+00
   2.0170000e+03   8.0000000e+00   8.0000000e+00   1.4000000e+01   5.2000000e+01   0.0000000e+00   0.0000000e+00
   2.0170000e+03   8.0000000e+00   8.0000000e+00   1.4000000e+01   5.3000000e+01   0.0000000e+00   9.0000000e-02
   2.0170000e+03   8.0000000e+00   8.0000000e+00   1.4000000e+01   5.4000000e+01   0.0000000e+00   5.1000000e-01
   2.0170000e+03   8.0000000e+00   8.0000000e+00   1.4000000e+01   5.5000000e+01   0.0000000e+00   0.0000000e+00
   2.0170000e+03   8.0000000e+00   8.0000000e+00   1.4000000e+01   5.6000000e+01   0.0000000e+00   0.0000000e+00
   2.0170000e+03   8.0000000e+00   8.0000000e+00   1.4000000e+01   5.7000000e+01   0.0000000e+00   9.0000011e-02
   2.0170000e+03   8.0000000e+00   8.0000000e+00   1.4000000e+01   5.8000000e+01   0.0000000e+00   6.9000006e-01
   2.0170000e+03   8.0000000e+00   8.0000000e+00   1.4000000e+01   5.9000000e+01   0.0000000e+00   1.2900000e+00
   2.0170000e+03   8.0000000e+00   8.0000000e+00   1.5000000e+01   0.0000000e+00   0.0000000e+00   1.8900000e+00
   2.0170000e+03   8.0000000e+00   8.0000000e+00   1.5000000e+01   1.0000000e+00   0.0000000e+00   2.2200001e+00
   2.0170000e+03   8.0000000e+00   8.0000000e+00   1.5000000e+01   2.0000000e+00   0.0000000e+00   1.1100000e+00
   2.0170000e+03   8.0000000e+00   8.0000000e+00   1.5000000e+01   3.0000000e+00   0.0000000e+00   6.0000000e-01
   2.0170000e+03   8.0000000e+00   8.0000000e+00   1.5000000e+01   4.0000000e+00   0.0000000e+00   6.0000000e-01
   2.0170000e+03   8.0000000e+00   8.0000000e+00   1.5000000e+01   5.0000000e+00   0.0000000e+00   6.9000000e-01
   2.0170000e+03   8.0000000e+00   8.0000000e+00   1.5000000e+01   6.0000000e+00   0.0000000e+00   1.2900000e+00
   2.0170000e+03   8.0000000e+00   8.0000000e+00   1.5000000e+01   7.0000000e+00   0.0000000e+00   1.8900000e+00
   2.0170000e+03   8.0000000e+00   8.0000000e+00   1.5000000e+01   8.0000000e+00   0.0000000e+00   2.3100000e+00
   2.0170000e+03   8.0000000e+00   8.0000000e+00   1.5000000e+01   9.0000000e+00   0.0000000e+00   1.8000000e+00
   2.0170000e+03   8.0000000e+00   8.0000000e+00   1.5000000e+01   1.0000000e+01   0.0000000e+00   1.9800000e+00
   2.0170000e+03   8.0000000e+00   8.0000000e+00   1.5000000e+01   1.1000000e+01   0.0000000e+00   2.9100000e+00
   2.0170000e+03   8.0000000e+00   8.0000000e+00   1.5000000e+01   1.2000000e+01   0.0000000e+00   2.2199999e+00
   2.0170000e+03   8.0000000e+00   8.0000000e+00   1.5000000e+01   1.3000000e+01   0.0000000e+00   1.1100000e+00
   2.0170000e+03   8.0000000e+00   8.0000000e+00   1.5000000e+01   1.4000000e+01   0.0000000e+00   7.8000002e-01
   2.0170000e+03   8.0000000e+00   8.0000000e+00   1.5000000e+01   1.5000000e+01   0.0000000e+00   1.6199999e+00
   2.0170000e+03   8.0000000e+00   8.0000000e+00   1.5000000e+01   1.6000000e+01   0.0000000e+00   6.0000000e-01
   2.0170000e+03   8.0000000e+00   8.0000000e+00   1.5000000e+01   1.7000000e+01   0.0000000e+00   5.1000001e-01
   2.0170000e+03   8.0000000e+00   8.0000000e+00   1.5000000e+01   1.8000000e+01   0.0000000e+00   1.7999987e-01
   2.0170000e+03   8.0000000e+00   8.0000000e+00   1.5000000e+01   1.9000000e+01   0.0000000e+00   1.2000000e+00
   2.0170000e+03   8.0000000e+00   8.0000000e+00   1.5000000e+01   2.0000000e+01   0.0000000e+00   1.3800000e+00
   2.0170000e+03   8.0000000e+00   8.0000000e+00   1.5000000e+01   2.1000000e+01   0.0000000e+00   2.4899999e+00
   2.0170000e+03   8.0000000e+00   8.0000000e+00   1.5000000e+01   2.2000000e+01   0.0000000e+00   2.9100000e+00
   2.0170000e+03   8.0000000e+00   8.0000000e+00   1.5000000e+01   2.3000000e+01   0.0000000e+00   2.3100000e+00
   2.0170000e+03   8.0000000e+00   8.0000000e+00   1.5000000e+01   2.4000000e+01   0.0000000e+00   1.8900000e+00
   2.0170000e+03   8.0000000e+00   8.0000000e+00   1.5000000e+01   2.5000000e+01   0.0000000e+00   2.5800000e+00
   2.0170000e+03   8.0000000e+00   8.0000000e+00   1.5000000e+01   2.6000000e+01   0.0000000e+00   3.6900001e+00
   2.0170000e+03   8.0000000e+00   8.0000000e+00   1.5000000e+01   2.7000000e+01   0.0000000e+00   4.0200000e+00
   2.0170000e+03   8.0000000e+00   8.0000000e+00   1.5000000e+01   2.8000000e+01   0.0000000e+00   3.2700000e+00
   2.0170000e+03   8.0000000e+00   8.0000000e+00   1.5000000e+01   2.9000000e+01   0.0000000e+00   4.8900001e+00
   2.0170000e+03   8.0000000e+00   8.0000000e+00   1.5000000e+01   3.0000000e+01   0.0000000e+00   5.0400000e+00
   2.0170000e+03   8.0000000e+00   8.0000000e+00   1.5000000e+01   3.1000000e+01   0.0000000e+00   3.4499999e+00
   2.0170000e+03   8.0000000e+00   8.0000000e+00   1.5000000e+01   3.2000000e+01   0.0000000e+00   6.0899999e+00
   2.0170000e+03   8.0000000e+00   8.0000000e+00   1.5000000e+01   3.3000000e+01   0.0000000e+00   6.5100000e+00
   2.0170000e+03   8.0000000e+00   8.0000000e+00   1.5000000e+01   3.4000000e+01   0.0000000e+00   5.6400000e+00
   2.0170000e+03   8.0000000e+00   8.0000000e+00   1.5000000e+01   3.5000000e+01   0.0000000e+00   3.5100001e+00
   2.0170000e+03   8.0000000e+00   8.0000000e+00   1.5000000e+01   3.6000000e+01   0.0000000e+00   2.7300000e+00
   2.0170000e+03   8.0000000e+00   8.0000000e+00   1.5000000e+01   3.7000000e+01   0.0000000e+00   1.2000000e+00
   2.0170000e+03   8.0000000e+00   8.0000000e+00   1.5000000e+01   3.8000000e+01   0.0000000e+00   1.1100000e+00
   2.0170000e+03   8.0000000e+00   8.0000000e+00   1.5000000e+01   3.9000000e+01   0.0000000e+00   5.1000000e-01
   2.0170000e+03   8.0000000e+00   8.0000000e+00   1.5000000e+01   4.0000000e+01   0.0000000e+00   9.0000000e-02
   2.0170000e+03   8.0000000e+00   8.0000000e+00   1.5000000e+01   4.1000000e+01   0.0000000e+00   5.1000000e-01
   2.0170000e+03   8.0000000e+00   8.0000000e+00   1.5000000e+01   4.2000000e+01   0.0000000e+00   0.0000000e+00
   2.0170000e+03   8.0000000e+00   8.0000000e+00   1.5000000e+01   4.3000000e+01   0.0000000e+00   0.0000000e+00
   2.0170000e+03   8.0000000e+00   8.0000000e+00   1.5000000e+01   4.4000000e+01   0.0000000e+00   0.0000000e+00
   2.0170000e+03   8.0000000e+00   8.0000000e+00   1.5000000e+01   4.5000000e+01   0.0000000e+00   0.0000000e+00
   2.0170000e+03   8.0000000e+00   8.0000000e+00   1.5000000e+01   4.6000000e+01   0.0000000e+00   8.9999935e-02
   2.0170000e+03   8.0000000e+00   8.0000000e+00   1.5000000e+01   4.7000000e+01   0.0000000e+00   5.1000000e-01
   2.0170000e+03   8.0000000e+00   8.0000000e+00   1.5000000e+01   4.8000000e+01   0.0000000e+00   0.0000000e+00
   2.0170000e+03   8.0000000e+00   8.0000000e+00   1.5000000e+01   4.9000000e+01   0.0000000e+00   0.0000000e+00
   2.0170000e+03   8.0000000e+00   8.0000000e+00   1.5000000e+01   5.0000000e+01   0.0000000e+00   0.0000000e+00
   2.0170000e+03   8.0000000e+00   8.0000000e+00   1.5000000e+01   5.1000000e+01   0.0000000e+00   0.0000000e+00
   2.0170000e+03   8.0000000e+00   8.0000000e+00   1.5000000e+01   5.2000000e+01   0.0000000e+00   0.0000000e+00
   2.0170000e+03   8.0000000e+00   8.0000000e+00   1.5000000e+01   5.3000000e+01   0.0000000e+00   0.0000000e+00
   2.0170000e+03   8.0000000e+00   8.0000000e+00   1.5000000e+01   5.4000000e+01   0.0000000e+00   0.0000000e+00
   2.0170000e+03   8.0000000e+00   8.0000000e+00   1.5000000e+01   5.5000000e+01   0.0000000e+00   9.0000000e-02
   2.0170000e+03   8.0000000e+00   8.0000000e+00   1.5000000e+01   5.6000000e+01   0.0000000e+00   5.0999999e-01
   2.0170000e+03   8.0000000e+00   8.0000000e+00   1.5000000e+01   5.7000000e+01   0.0000000e+00   0.0000000e+00
   2.0170000e+03   8.0000000e+00   8.0000000e+00   1.5000000e+01   5.8000000e+01   0.0000000e+00   0.0000000e+00
   2.0170000e+03   8.0000000e+00   8.0000000e+00   1.5000000e+01   5.9000000e+01   0.0000000e+00   0.0000000e+00
   2.0170000e+03   8.0000000e+00   8.0000000e+00   1.6000000e+01   0.0000000e+00   0.0000000e+00   0.0000000e+00