   2.0170000e+03   7.0000000e+00   2.4000000e+01   7.0000000e+00   0.0000000e+00   0.0000000e+00   0.0000000e+00
   2.0170000e+03   7.0000000e+00   2.4000000e+01   7.0000000e+00   1.0000000e+00   0.0000000e+00   0.0000000e+00
   2.0170000e+03   7.0000000e+00   2.4000000e+01   7.0000000e+00   2.0000000e+00   0.0000000e+00   0.0000000e+00
   2.0170000e+03   7.0000000e+00   2.4000000e+01   7.0000000e+00   3.0000000e+00   0.0000000e+00   0.0000000e+00
   2.0170000e+03   7.0000000e+00   2.4000000e+01   7.0000000e+00   4.0000000e+00   0.0000000e+00   0.0000000e+00
   2.0170000e+03   7.0000000e+00   2.4000000e+01   7.0000000e+00   5.0000000e+00   0.0000000e+00   0.0000000e+00
   2.0170000e+03   7.0000000e+00   2.4000000e+01   7.0000000e+00   6.0000000e+00   0.0000000e+00   0.0000000e+00
   2.0170000e+03   7.0000000e+00   2.4000000e+01   7.0000000e+00   7.0000000e+00   0.0000000e+00   0.0000000e+00
   2.0170000e+03   7.0000000e+00   2.4000000e+01   7.0000000e+00   8.0000000e+00   0.0000000e+00   0.0000000e+00
   2.0170000e+03   7.0000000e+00   2.4000000e+01   7.0000000e+00   9.0000000e+00   0.0000000e+00   0.0000000e+00
   2.0170000e+03   7.0000000e+00   2.4000000e+01   7.0000000e+00   1.0000000e+01   0.0000000e+00   0.0000000e+00
   2.0170000e+03   7.0000000e+00   2.4000000e+01   7.0000000e+00   1.1000000e+01   0.0000000e+00   0.0000000e+00
   2.0170000e+03   7.0000000e+00   2.4000000e+01   7.0000000e+00   1.2000000e+01   0.0000000e+00   0.0000000e+00
   2.0170000e+03   7.0000000e+00   2.4000000e+01   7.0000000e+00   1.3000000e+01   0.0000000e+00   0.0000000e+00
   2.0170000e+03   7.0000000e+00   2.4000000e+01   7.0000000e+00   1.4000000e+01   0.0000000e+00   0.0000000e+00
   2.0170000e+03   7.0000000e+00   2.4000000e+01   7.0000000e+00   1.5000000e+01   0.0000000e+00   0.0000000e+00
   2.0170000e+03   7.0000000e+00   2.4000000e+01   7.0000000e+00   1.6000000e+01   0.0000000e+00   0.0000000e+00
   2.0170000e+03   7.0000000e+00   2.4000000e+01   7.0000000e+00   1.7000000e+01   0.0000000e+00   1.5000000e-01
   2.0170000e+03   7.0000000e+00   2.4000000e+01   7.0000000e+00   1.8000000e+01   0.0000000e+00   4.5000000e-01
   2.0170000e+03   7.0000000e+00   2.4000000e+01   7.0000000e+00   1.9000000e+01   0.0000000e+00   0.0000000e+00
   2.0170000e+03   7.0000000e+00   2.4000000e+01   7.0000000e+00   2.0000000e+01   0.0000000e+00   0.0000000e+00
   2.0170000e+03   7.0000000e+00   2.4000000e+01   7.0000000e+00   2.1000000e+01   0.0000000e+00   0.0000000e+00
   2.0170000e+03   7.0000000e+00   2.4000000e+01   7.0000000e+00   2.2000000e+01   0.0000000e+00   0.0000000e+00
   2.0170000e+03   7.0000000e+00   2.4000000e+01   7.0000000e+00   2.3000000e+01   0.0000000e+00   0.0000000e+00
   2.0170000e+03   7.0000000e+00   2.4000000e+01   7.0000000e+00   2.4000000e+01   0.0000000e+00   0.0000000e+00
   2.0170000e+03   7.0000000e+00   2.4000000e+01   7.0000000e+00   2.5000000e+01   0.0000000e+00   0.0000000e+00
   2.0170000e+03   7.0000000e+00   2.4000000e+01   7.0000000e+00   2.6000000e+01   0.0000000e+00   0.0000000e+00
   2.0170000e+03   7.0000000e+00   2.4000000e+01   7.0000000e+00   2.7000000e+01   0.0000000e+00   0.0000000e+00
   2.0170000e+03   7.0000000e+00   2.4000000e+01   7.0000000e+00   2.8000000e+01   0.0000000e+00   0.0000000e+00
   2.0170000e+03   7.0000000e+00   2.4000000e+01   7.0000000e+00   2.9000000e+01   0.0000000e+00   0.0000000e+00
   2.0170000e+03   7.0000000e+00   2.4000000e+01   7.0000000e+00   3.0000000e+01   0.0000000e+00   0.0000000e+00
   2.0170000e+03   7.0000000e+00   2.4000000e+01   7.0000000e+00   3.1000000e+01   0.0000000e+00   0.0000000e+00
   2.0170000e+03   7.0000000e+00   2.4000000e+01   7.0000000e+00   3.2000000e+01   0.0000000e+00   0.0000000e+00
   2.0170000e+03   7.0000000e+00   2.4000000e+01   7.0000000e+00   3.3000000e+01   0.0000000e+00   0.0000000e+00
   2.0170000e+03   7.0000000e+00   2.4000000e+01   7.0000000e+00   3.4000000e+01   0.0000000e+00   0.0000000e+00
   2.0170000e+03   7.0000000e+00   2.4000000e+01   7.0000000e+00   3.5000000e+01   0.0000000e+00   0.0000000e+00
   2.0170000e+03   7.0000000e+00   2.4000000e+01   7.0000000e+00   3.6000000e+01   0.0000000e+00   0.0000000e+00
   2.0170000e+03   7.0000000e+00   2.4000000e+01   7.0000000e+00   3.7000000e+01   0.0000000e+00   0.0000000e+00
   2.0170000e+03   7.0000000e+00   2.4000000e+01   7.0000000e+00   3.8000000e+01   0.0000000e+00   0.0000000e+00
   2.0170000e+03   7.0000000e+00   2.4000000e+01   7.0000000e+00   3.9000000e+01   0.0000000e+00   0.0000000e+00
   2.0170000e+03   7.0000000e+00   2.4000000e+01   7.0000000e+00   4.0000000e+01   0.0000000e+00   0.0000000e+00
   2.0170000e+03   7.0000000e+00   2.4000000e+01   7.0000000e+00   4.1000000e+01   0.0000000e+00   0.0000000e+00
   2.0170000e+03   7.0000000e+00   2.4000000e+01   7.0000000e+00   4.2000000e+01   0.0000000e+00   0.0000000e+00
   2.0170000e+03   7.0000000e+00   2.4000000e+01   7.0000000e+00   4.3000000e+01   0.0000000e+00   0.0000000e+00
   2.0170000e+03   7.0000000e+00   2.4000000e+01   7.0000000e+00   4.4000000e+01   0.0000000e+00   0.0000000e+00
   2.0170000e+03   7.0000000e+00   2.4000000e+01   7.0000000e+00   4.5000000e+01   0.0000000e+00   0.0000000e+00
   2.0170000e+03   7.0000000e+00   2.4000000e+01   7.0000000e+00   4.6000000e+01   0.0000000e+00   0.0000000e+00
   2.0170000e+03   7.0000000e+00   2.4000000e+01   7.0000000e+00   4.7000000e+01   0.0000000e+00   0.0000000e+00
   2.0170000e+03   7.0000000e+00   2.4000000e+01   7.0000000e+00   4.8000000e+01   0.0000000e+00   0.0000000e+00
   2.0170000e+03   7.0000000e+00   2.4000000e+01   7.0000000e+00   4.9000000e+01   0.0000000e+00   0.0000000e+00
   2.0170000e+03   7.0000000e+00   2.4000000e+01   7.0000000e+00   5.0000000e+01   0.0000000e+00   3.0000000e-01
   2.0170000e+03   7.0000000e+00   2.4000000e+01   7.0000000e+00   5.1000000e+01   0.0000000e+00   1.2000000e+00
   2.0170000e+03   7.0000000e+00   2.4000000e+01   7.0000000e+00   5.2000000e+01   0.0000000e+00   1.0500000e+00
   2.0170000e+03   7.0000000e+00   2.4000000e+01   7.0000000e+00   5.3000000e+01   0.0000000e+00   9.0000004e-01
   2.0170000e+03   7.0000000e+00   2.4000000e+01   7.0000000e+00   5.4000000e+01   0.0000000e+00   1.8000000e+00
   2.0170000e+03   7.0000000e+00   2.4000000e+01   7.0000000e+00   5.5000000e+01   0.0000000e+00   1.9500000e+00
   2.0170000e+03   7.0000000e+00   2.4000000e+01   7.0000000e+00   5.6000000e+01   0.0000000e+00   2.2500000e+00
   2.0170000e+03   7.0000000e+00   2.4000000e+01   7.0000000e+00   5.7000000e+01   0.0000000e+00   1.6500001e+00
   2.0170000e+03   7.0000000e+00   2.4000000e+01   7.0000000e+00   5.8000000e+01   0.0000000e+00   1.2000000e+00
   2.0170000e+03   7.0000000e+00   2.4000000e+01   7.0000000e+00   5.9000000e+01   0.0000000e+00   1.2000000e+00
   2.0170000e+03   7.0000000e+00   2.4000000e+01   8.0000000e+00   0.0000000e+00   0.0000000e+00   1.2000000e+00
   2.0170000e+03   7.0000000e+00   2.4000000e+01   8.0000000e+00   1.0000000e+00   0.0000000e+00   1.3500000e+00
   2.0170000e+03   7.0000000e+00   2.4000000e+01   8.0000000e+00   2.0000000e+00   0.0000000e+00   1.6500000e+00
   2.0170000e+03   7.0000000e+00   2.4000000e+01   8.0000000e+00   3.0000000e+00   0.0000000e+00   1.0500000e+00
   2.0170000e+03   7.0000000e+00   2.4000000e+01   8.0000000e+00   4.0000000e+00   0.0000000e+00   7.5000000e-01
   2.0170000e+03   7.0000000e+00   2.4000000e+01   8.0000000e+00   5.0000000e+00   0.0000000e+00   1.0500000e+00
   2.0170000e+03   7.0000000e+00   2.4000000e+01   8.0000000e+00   6.0000000e+00   0.0000000e+00   6.0000000e-01
   2.0170000e+03   7.0000000e+00   2.4000000e+01   8.0000000e+00   7.0000000e+00   0.0000000e+00   6.0000000e-01
   2.0170000e+03   7.0000000e+00   2.4000000e+01   8.0000000e+00   8.0000000e+00   0.0000000e+00   6.0000000e-01
   2.0170000e+03   7.0000000e+00   2.4000000e+01   8.0000000e+00   9.0000000e+00   0.0000000e+00   7.5000000e-01
   2.0170000e+03   7.0000000e+00   2.4000000e+01   8.0000000e+00   1.0000000e+01   0.0000000e+00   1.0500000e+00
   2.0170000e+03   7.0000000e+00   2.4000000e+01   8.0000000e+00   1.1000000e+01   0.0000000e+00   6.0000000e-01
   2.0170000e+03   7.0000000e+00   2.4000000e+01   8.0000000e+00   1.2000000e+01   0.0000000e+00   6.0000000e-01
   2.0170000e+03   7.0000000e+00   2.4000000e+01   8.0000000e+00   1.3000000e+01   0.0000000e+00   6.0000000e-01
   2.0170000e+03   7.0000000e+00   2.4000000e+01   8.0000000e+00   1.4000000e+01   0.0000000e+00   4.5000006e-01
   2.0170000e+03   7.0000000e+00   2.4000000e+01   8.0000000e+00   1.5000000e+01   0.0000000e+00   1.5000000e-01
   2.0170000e+03   7.0000000e+00   2.4000000e+01   8.0000000e+00   1.6000000e+01   0.0000000e+00   4.5000000e-01
   2.0170000e+03   7.0000000e+00   2.4000000e+01   8.0000000e+00   1.7000000e+01   0.0000000e+00   0.0000000e+00
   2.0170000e+03   7.0000000e+00   2.4000000e+01   8.0000000e+00   1.8000000e+01   0.0000000e+00   1.5000000e-01
   2.0170000e+03   7.0000000e+00   2.4000000e+01   8.0000000e+00   1.9000000e+01   0.0000000e+00   7.5000000e-01
   2.0170000e+03   7.0000000e+00   2.4000000e+01   8.0000000e+00   2.0000000e+01   0.0000000e+00   1.2000000e+00
   2.0170000e+03   7.0000000e+00   2.4000000e+01   8.0000000e+00   2.1000000e+01   0.0000000e+00   1.2000000e+00
   2.0170000e+03   7.0000000e+00   2.4000000e+01   8.0000000e+00   2.2000000e+01   0.0000000e+00   1.0499999e+00
   2.0170000e+03   7.0000000e+00   2.4000000e+01   8.0000000e+00   2.3000000e+01   0.0000000e+00   7.5000000e-01
   2.0170000e+03   7.0000000e+00   2.4000000e+01   8.0000000e+00   2.4000000e+01   0.0000000e+00   1.3500000e+00
   2.0170000e+03   7.0000000e+00   2.4000000e+01   8.0000000e+00   2.5000000e+01   0.0000000e+00   1.8000000e+00
   2.0170000e+03   7.0000000e+00   2.4000000e+01   8.0000000e+00   2.6000000e+01   0.0000000e+00   1.6500000e+00
   2.0170000e+03   7.0000000e+00   2.4000000e+01   8.0000000e+00   2.7000000e+01   0.0000000e+00   1.0500000e+00
   2.0170000e+03   7.0000000e+00   2.4000000e+01   8.0000000e+00   2.8000000e+01   0.0000000e+00   7.4999994e-01
   2.0170000e+03   7.0000000e+00   2.4000000e+01   8.0000000e+00   2.9000000e+01   0.0000000e+00   1.0500000e+00
   2.0170000e+03   7.0000000e+00   2.4000000e+01   8.0000000e+00   3.0000000e+01   0.0000000e+00   4.5000002e-01
   2.0170000e+03   7.0000000e+00   2.4000000e+01   8.0000000e+00   3.1000000e+01   0.0000000e+00   1.4999994e-01
   2.0170000e+03   7.0000000e+00   2.4000000e+01   8.0000000e+00   3.2000000e+01   0.0000000e+00   6.0000000e-01
   2.0170000e+03   7.0000000e+00   2.4000000e+01   8.0000000e+00   3.3000000e+01   0.0000000e+00   6.0000000e-01
   2.0170000e+03   7.0000000e+00   2.4000000e+01   8.0000000e+00   3.4000000e+01   0.0000000e+00   6.0000000e-01
   2.0170000e+03   7.0000000e+00   2.4000000e+01   8.0000000e+00   3.5000000e+01   0.0000000e+00   6.0000000e-01
   2.0170000e+03   7.0000000e+00   2.4000000e+01   8.0000000e+00   3.6000000e+01   0.0000000e+00   4.5000000e-01
   2.0170000e+03   7.0000000e+00   2.4000000e+01   8.0000000e+00   3.7000000e+01   0.0000000e+00   1.5000000e-01
   2.0170000e+03   7.0000000e+00   2.4000000e+01   8.0000000e+00   3.8000000e+01   0.0000000e+00   4.4999998e-01
   2.0170000e+03   7.0000000e+00   2.4000000e+01   8.0000000e+00   3.9000000e+01   0.0000000e+00   1.5000006e-01
   2.0170000e+03   7.0000000e+00   2.4000000e+01   8.0000000e+00   4.0000000e+01   0.0000000e+00   4.5000000e-01
   2.0170000e+03   7.0000000e+00   2.4000000e+01   8.0000000e+00   4.1000000e+01   0.0000000e+00   0.0000000e+00
   2.0170000e+03   7.0000000e+00   2.4000000e+01   8.0000000e+00   4.2000000e+01   0.0000000e+00   0.0000000e+00
   2.0170000e+03   7.0000000e+00   2.4000000e+01   8.0000000e+00   4.3000000e+01   0.0000000e+00   0.0000000e+00
   2.0170000e+03   7.0000000e+00   2.4000000e+01   8.0000000e+00   4.4000000e+01   0.0000000e+00   1.4999998e-01
   2.0170000e+03   7.0000000e+00   2.4000000e+01   8.0000000e+00   4.5000000e+01   0.0000000e+00   4.5000006e-01
   2.0170000e+03   7.0000000e+00   2.4000000e+01   8.0000000e+00   4.6000000e+01   0.0000000e+00   0.0000000e+00
   2.0170000e+03   7.0000000e+00   2.4000000e+01   8.0000000e+00   4.7000000e+01   0.0000000e+00   0.0000000e+00
   2.0170000e+03   7.0000000e+00   2.4000000e+01   8.0000000e+00   4.8000000e+01   0.0000000e+00   1.5000000e-01
   2.0170000e+03   7.0000000e+00   2.4000000e+01   8.0000000e+00   4.9000000e+01   0.0000000e+00   7.5000000e-01
   2.0170000e+03   7.0000000e+00   2.4000000e+01   8.0000000e+00   5.0000000e+01   0.0000000e+00   1.0500000e+00
   2.0170000e+03   7.0000000e+00   2.4000000e+01   8.0000000e+00   5.1000000e+01   0.0000000e+00   7.5000000e-01
   2.0170000e+03   7.0000000e+00   2.4000000e+01   8.0000000e+00   5.2000000e+01   0.0000000e+00   1.2000000e+00
   2.0170000e+03   7.0000000e+00   2.4000000e+01   8.0000000e+00   5.3000000e+01   0.0000000e+00   1.3500001e+00
   2.0170000e+03   7.0000000e+00   2.4000000e+01   8.0000000e+00   5.4000000e+01   0.0000000e+00   1.9500000e+00
   2.0170000e+03   7.0000000e+00   2.4000000e+01   8.0000000e+00   5.5000000e+01   0.0000000e+00   2.5500000e+00
   2.0170000e+03   7.0000000e+00   2.4000000e+01   8.0000000e+00   5.6000000e+01   0.0000000e+00   3.1500001e+00
   2.0170000e+03   7.0000000e+00   2.4000000e+01   8.0000000e+00   5.7000000e+01   0.0000000e+00   3.7500000e+00
   2.0170000e+03   7.0000000e+00   2.4000000e+01   8.0000000e+00   5.8000000e+01   0.0000000e+00   3.9000000e+00
   2.0170000e+03   7.0000000e+00   2.4000000e+01   8.0000000e+00   5.9000000e+01   0.0000000e+00   3.1499999e+00
   2.0170000e+03   7.0000000e+00   2.4000000e+01   9.0000000e+00   0.0000000e+00   0.0000000e+00   3.4500000e+00
   2.0170000e+03   7.0000000e+00   2.4000000e+01   9.0000000e+00   1.0000000e+00   0.0000000e+00   2.7000000e+00
   2.0170000e+03   7.0000000e+00   2.4000000e+01   9.0000000e+00   2.0000000e+00   0.0000000e+00   1.6500000e+00
   2.0170000e+03   7.0000000e+00   2.4000000e+01   9.0000000e+00   3.0000000e+00   0.0000000e+00   1.2000000e+00
   2.0170000e+03   7.0000000e+00   2.4000000e+01   9.0000000e+00   4.0000000e+00   0.0000000e+00   1.0500000e+00
   2.0170000e+03   7.0000000e+00   2.4000000e+01   9.0000000e+00   5.0000000e+00   0.0000000e+00   6.0000000e-01
   2.0170000e+03   7.0000000e+00   2.4000000e+01   9.0000000e+00   6.0000000e+00   0.0000000e+00   6.0000000e-01
   2.0170000e+03   7.0000000e+00   2.4000000e+01   9.0000000e+00   7.0000000e+00   0.0000000e+00   6.0000000e-01
   2.0170000e+03   7.0000000e+00   2.4000000e+01   9.0000000e+00   8.0000000e+00   0.0000000e+00   7.5000000e-01
   2.0170000e+03   7.0000000e+00   2.4000000e+01   9.0000000e+00   9.0000000e+00   0.0000000e+00   2.1000001e+00
   2.0170000e+03   7.0000000e+00   2.4000000e+01   9.0000000e+00   1.0000000e+01   0.0000000e+00   4.4999999e+00
   2.0170000e+03   7.0000000e+00   2.4000000e+01   9.0000000e+00   1.1000000e+01   0.0000000e+00   4.9500000e+00
   2.0170000e+03   7.0000000e+00   2.4000000e+01   9.0000000e+00   1.2000000e+01   0.0000000e+00   9.3000000e+00
   2.0170000e+03   7.0000000e+00   2.4000000e+01   9.0000000e+00   1.3000000e+01   0.0000000e+00   9.4500003e+00
   2.0170000e+03   7.0000000e+00   2.4000000e+01   9.0000000e+00   1.4000000e+01   0.0000000e+00   7.3500000e+00
   2.0170000e+03   7.0000000e+00   2.4000000e+01   9.0000000e+00   1.5000000e+01   0.0000000e+00   7.2000001e+00
   2.0170000e+03   7.0000000e+00   2.4000000e+01   9.0000000e+00   1.6000000e+01   0.0000000e+00   4.6500003e+00
   2.0170000e+03   7.0000000e+00   2.4000000e+01   9.0000000e+00   1.7000000e+01   0.0000000e+00   2.2500000e+00
   2.0170000e+03   7.0000000e+00   2.4000000e+01   9.0000000e+00   1.8000000e+01   0.0000000e+00   1.9500000e+00
   2.0170000e+03   7.0000000e+00   2.4000000e+01   9.0000000e+00   1.9000000e+01   0.0000000e+00   2.4000000e+00
   2.0170000e+03   7.0000000e+00   2.4000000e+01   9.0000000e+00   2.0000000e+01   0.0000000e+00   2.4000000e+00
   2.0170000e+03   7.0000000e+00   2.4000000e+01   9.0000000e+00   2.1000000e+01   0.0000000e+00   2.2500000e+00
   2.0170000e+03   7.0000000e+00   2.4000000e+01   9.0000000e+00   2.2000000e+01   0.0000000e+00   2.2500000e+00
   2.0170000e+03   7.0000000e+00   2.4000000e+01   9.0000000e+00   2.3000000e+01   0.0000000e+00   3.4500000e+00
   2.0170000e+03   7.0000000e+00   2.4000000e+01   9.0000000e+00   2.4000000e+01   0.0000000e+00   3.0000000e+00
   2.0170000e+03   7.0000000e+00   2.4000000e+01   9.0000000e+00   2.5000000e+01   0.0000000e+00   3.3000000e+00
   2.0170000e+03   7.0000000e+00   2.4000000e+01   9.0000000e+00   2.6000000e+01   0.0000000e+00   4.5000000e+00
   2.0170000e+03   7.0000000e+00   2.4000000e+01   9.0000000e+00   2.7000000e+01   0.0000000e+00   5.2500001e+00
   2.0170000e+03   7.0000000e+00   2.4000000e+01   9.0000000e+00   2.8000000e+01   0.0000000e+00   4.3500000e+00
   2.0170000e+03   7.0000000e+00   2.4000000e+01   9.0000000e+00   2.9000000e+01   0.0000000e+00   2.7000000e+00
   2.0170000e+03   7.0000000e+00   2.4000000e+01   9.0000000e+00   3.0000000e+01   0.0000000e+00   2.0999999e+00
   2.0170000e+03   7.0000000e+00   2.4000000e+01   9.0000000e+00   3.1000000e+01   0.0000000e+00   2.7000000e+00
   2.0170000e+03   7.0000000e+00   2.4000000e+01   9.0000000e+00   3.2000000e+01   0.0000000e+00   1.6500000e+00
   2.0170000e+03   7.0000000e+00   2.4000000e+01   9.0000000e+00   3.3000000e+01   0.0000000e+00   1.2000000e+00
   2.0170000e+03   7.0000000e+00   2.4000000e+01   9.0000000e+00   3.4000000e+01   0.0000000e+00   1.0500000e+00
   2.0170000e+03   7.0000000e+00   2.4000000e+01   9.0000000e+00   3.5000000e+01   0.0000000e+00   7.5000000e-01
   2.0170000e+03   7.0000000e+00   2.4000000e+01   9.0000000e+00   3.6000000e+01   0.0000000e+00   1.0500000e+00
   2.0170000e+03   7.0000000e+00   2.4000000e+01   9.0000000e+00   3.7000000e+01   0.0000000e+00   4.4999998e-01
   2.0170000e+03   7.0000000e+00   2.4000000e+01   9.0000000e+00   3.8000000e+01   0.0000000e+00   1.5000006e-01
   2.0170000e+03   7.0000000e+00   2.4000000e+01   9.0000000e+00   3.9000000e+01   0.0000000e+00   6.0000000e-01
   2.0170000e+03   7.0000000e+00   2.4000000e+01   9.0000000e+00   4.0000000e+01   0.0000000e+00   4.4999998e-01
   2.0170000e+03   7.0000000e+00   2.4000000e+01   9.0000000e+00   4.1000000e+01   0.0000000e+00   1.5000006e-01
   2.0170000e+03   7.0000000e+00   2.4000000e+01   9.0000000e+00   4.2000000e+01   0.0000000e+00   4.5000000e-01
   2.0170000e+03   7.0000000e+00   2.4000000e+01   9.0000000e+00   4.3000000e+01   0.0000000e+00   1.4999998e-01
   2.0170000e+03   7.0000000e+00   2.4000000e+01   9.0000000e+00   4.4000000e+01   0.0000000e+00   4.5000006e-01
   2.0170000e+03   7.0000000e+00   2.4000000e+01   9.0000000e+00   4.5000000e+01   0.0000000e+00   0.0000000e+00
   2.0170000e+03   7.0000000e+00   2.4000000e+01   9.0000000e+00   4.6000000e+01   0.0000000e+00   0.0000000e+00
   2.0170000e+03   7.0000000e+00   2.4000000e+01   9.0000000e+00   4.7000000e+01   0.0000000e+00   1.5000000e-01
   2.0170000e+03   7.0000000e+00   2.4000000e+01   9.0000000e+00   4.8000000e+01   0.0000000e+00   4.5000000e-01
   2.0170000e+03   7.0000000e+00   2.4000000e+01   9.0000000e+00   4.9000000e+01   0.0000000e+00   0.0000000e+00
   2.0170000e+03   7.0000000e+00   2.4000000e+01   9.0000000e+00   5.0000000e+01   0.0000000e+00   0.0000000e+00
   2.0170000e+03   7.0000000e+00   2.4000000e+01   9.0000000e+00   5.1000000e+01   0.0000000e+00   0.0000000e+00
   2.0170000e+03   7.0000000e+00   2.4000000e+01   9.0000000e+00   5.2000000e+01   0.0000000e+00   0.0000000e+00
   2.0170000e+03   7.0000000e+00   2.4000000e+01   9.0000000e+00   5.3000000e+01   0.0000000e+00   0.0000000e+00
   2.0170000e+03   7.0000000e+00   2.4000000e+01   9.0000000e+00   5.4000000e+01   0.0000000e+00   1.5000002e-01
   2.0170000e+03   7.0000000e+00   2.4000000e+01   9.0000000e+00   5.5000000e+01   0.0000000e+00   4.4999994e-01
   2.0170000e+03   7.0000000e+00   2.4000000e+01   9.0000000e+00   5.6000000e+01   0.0000000e+00   0.0000000e+00
   2.0170000e+03   7.0000000e+00   2.4000000e+01   9.0000000e+00   5.7000000e+01   0.0000000e+00   0.0000000e+00
   2.0170000e+03   7.0000000e+00   2.4000000e+01   9.0000000e+00   5.8000000e+01   0.0000000e+00   0.0000000e+00
   2.0170000e+03   7.0000000e+00   2.4000000e+01   9.0000000e+00   5.9000000e+01   0.0000000e+00   0.0000000e+00
   2.0170000e+03   7.0000000e+00   2.4000000e+01   1.0000000e+01   0.0000000e+00   0.0000000e+00   1.4999998e-01
   2.0170000e+03   7.0000000e+00   2.4000000e+01   1.0000000e+01   1.0000000e+00   0.0000000e+00   6.0000000e-01
   2.0170000e+03   7.0000000e+00   2.4000000e+01   1.0000000e+01   2.0000000e+00   0.0000000e+00   6.0000000e-01
   2.0170000e+03   7.0000000e+00   2.4000000e+01   1.0000000e+01   3.0000000e+00   0.0000000e+00   7.5000000e-01
   2.0170000e+03   7.0000000e+00   2.4000000e+01   1.0000000e+01   4.0000000e+00   0.0000000e+00   1.2000000e+00
   2.0170000e+03   7.0000000e+00   2.4000000e+01   1.0000000e+01   5.0000000e+00   0.0000000e+00   1.0500000e+00
   2.0170000e+03   7.0000000e+00   2.4000000e+01   1.0000000e+01   6.0000000e+00   0.0000000e+00   4.5000000e-01
   2.0170000e+03   7.0000000e+00   2.4000000e+01   1.0000000e+01   7.0000000e+00   0.0000000e+00   1.5000000e-01
   2.0170000e+03   7.0000000e+00   2.4000000e+01   1.0000000e+01   8.0000000e+00   0.0000000e+00   6.0000000e-01
   2.0170000e+03   7.0000000e+00   2.4000000e+01   1.0000000e+01   9.0000000e+00   0.0000000e+00   6.0000000e-01
   2.0170000e+03   7.0000000e+00   2.4000000e+01   1.0000000e+01   1.0000000e+01   0.0000000e+00   7.5000000e-01
   2.0170000e+03   7.0000000e+00   2.4000000e+01   1.0000000e+01   1.1000000e+01   0.0000000e+00   1.6499999e+00
   2.0170000e+03   7.0000000e+00   2.4000000e+01   1.0000000e+01   1.2000000e+01   0.0000000e+00   3.2999999e+00
   2.0170000e+03   7.0000000e+00   2.4000000e+01   1.0000000e+01   1.3000000e+01   0.0000000e+00   4.2000000e+00
   2.0170000e+03   7.0000000e+00   2.4000000e+01   1.0000000e+01   1.4000000e+01   0.0000000e+00   4.2000000e+00
   2.0170000e+03   7.0000000e+00   2.4000000e+01   1.0000000e+01   1.5000000e+01   0.0000000e+00   3.7500002e+00
   2.0170000e+03   7.0000000e+00   2.4000000e+01   1.0000000e+01   1.6000000e+01   0.0000000e+00   2.2500000e+00
   2.0170000e+03   7.0000000e+00   2.4000000e+01   1.0000000e+01   1.7000000e+01   0.0000000e+00   1.5000000e+00
   2.0170000e+03   7.0000000e+00   2.4000000e+01   1.0000000e+01   1.8000000e+01   0.0000000e+00   1.0500000e+00
   2.0170000e+03   7.0000000e+00   2.4000000e+01   1.0000000e+01   1.9000000e+01   0.0000000e+00   2.7000000e+00
   2.0170000e+03   7.0000000e+00   2.4000000e+01   1.0000000e+01   2.0000000e+01   0.0000000e+00   3.7500000e+00
   2.0170000e+03   7.0000000e+00   2.4000000e+01   1.0000000e+01   2.1000000e+01   0.0000000e+00   3.9000000e+00
   2.0170000e+03   7.0000000e+00   2.4000000e+01   1.0000000e+01   2.2000000e+01   0.0000000e+00   3.0000000e+00
   2.0170000e+03   7.0000000e+00   2.4000000e+01   1.0000000e+01   2.3000000e+01   0.0000000e+00   3.0000000e+00
   2.0170000e+03   7.0000000e+00   2.4000000e+01   1.0000000e+01   2.4000000e+01   0.0000000e+00   2.8500000e+00
   2.0170000e+03   7.0000000e+00   2.4000000e+01   1.0000000e+01   2.5000000e+01   0.0000000e+00   2.2500000e+00
   2.0170000e+03   7.0000000e+00   2.4000000e+01   1.0000000e+01   2.6000000e+01   0.0000000e+00   1.6499999e+00
   2.0170000e+03   7.0000000e+00   2.4000000e+01   1.0000000e+01   2.7000000e+01   0.0000000e+00   1.2000000e+00
   2.0170000e+03   7.0000000e+00   2.4000000e+01   1.0000000e+01   2.8000000e+01   0.0000000e+00   1.0500000e+00
   2.0170000e+03   7.0000000e+00   2.4000000e+01   1.0000000e+01   2.9000000e+01   0.0000000e+00   6.0000000e-01
   2.0170000e+03   7.0000000e+00   2.4000000e+01   1.0000000e+01   3.0000000e+01   0.0000000e+00   7.5000000e-01
   2.0170000e+03   7.0000000e+00   2.4000000e+01   1.0000000e+01   3.1000000e+01   0.0000000e+00   1.2000000e+00
   2.0170000e+03   7.0000000e+00   2.4000000e+01   1.0000000e+01   3.2000000e+01   0.0000000e+00   1.0500000e+00
   2.0170000e+03   7.0000000e+00   2.4000000e+01   1.0000000e+01   3.3000000e+01   0.0000000e+00   4.5000000e-01
   2.0170000e+03   7.0000000e+00   2.4000000e+01   1.0000000e+01   3.4000000e+01   0.0000000e+00   1.5000000e-01
   2.0170000e+03   7.0000000e+00   2.4000000e+01   1.0000000e+01   3.5000000e+01   0.0000000e+00   6.0000000e-01
   2.0170000e+03   7.0000000e+00   2.4000000e+01   1.0000000e+01   3.6000000e+01   0.0000000e+00   4.4999998e-01
   2.0170000e+03   7.0000000e+00   2.4000000e+01   1.0000000e+01   3.7000000e+01   0.0000000e+00   1.5000006e-01
   2.0170000e+03   7.0000000e+00   2.4000000e+01   1.0000000e+01   3.8000000e+01   0.0000000e+00   4.5000000e-01
   2.0170000e+03   7.0000000e+00   2.4000000e+01   1.0000000e+01   3.9000000e+01   0.0000000e+00   1.5000002e-01
   2.0170000e+03   7.0000000e+00   2.4000000e+01   1.0000000e+01   4.0000000e+01   0.0000000e+00   4.4999994e-01
   2.0170000e+03   7.0000000e+00   2.4000000e+01   1.0000000e+01   4.1000000e+01   0.0000000e+00   0.0000000e+00
   2.0170000e+03   7.0000000e+00   2.4000000e+01   1.0000000e+01   4.2000000e+01   0.0000000e+00   1.4999998e-01
   2.0170000e+03   7.0000000e+00   2.4000000e+01   1.0000000e+01   4.3000000e+01   0.0000000e+00   4.5000006e-01
   2.0170000e+03   7.0000000e+00   2.4000000e+01   1.0000000e+01   4.4000000e+01   0.0000000e+00   0.0000000e+00
   2.0170000e+03   7.0000000e+00   2.4000000e+01   1.0000000e+01   4.5000000e+01   0.0000000e+00   1.4999998e-01
   2.0170000e+03   7.0000000e+00   2.4000000e+01   1.0000000e+01   4.6000000e+01   0.0000000e+00   4.5000006e-01
   2.0170000e+03   7.0000000e+00   2.4000000e+01   1.0000000e+01   4.7000000e+01   0.0000000e+00   0.0000000e+00
   2.0170000e+03   7.0000000e+00   2.4000000e+01   1.0000000e+01   4.8000000e+01   0.0000000e+00   0.0000000e+00
   2.0170000e+03   7.0000000e+00   2.4000000e+01   1.0000000e+01   4.9000000e+01   0.0000000e+00   0.0000000e+00
   2.0170000e+03   7.0000000e+00   2.4000000e+01   1.0000000e+01   5.0000000e+01   0.0000000e+00   0.0000000e+00
   2.0170000e+03   7.0000000e+00   2.4000000e+01   1.0000000e+01   5.1000000e+01   0.0000000e+00   0.0000000e+00
   2.0170000e+03   7.0000000e+00   2.4000000e+01   1.0000000e+01   5.2000000e+01   0.0000000e+00   0.0000000e+00
   2.0170000e+03   7.0000000e+00   2.4000000e+01   1.0000000e+01   5.3000000e+01   0.0000000e+00   0.0000000e+00
   2.0170000e+03   7.0000000e+00   2.4000000e+01   1.0000000e+01   5.4000000e+01   0.0000000e+00   3.0000011e-01
   2.0170000e+03   7.0000000e+00   2.4000000e+01   1.0000000e+01   5.5000000e+01   0.0000000e+00   9.0000000e-01
   2.0170000e+03   7.0000000e+00   2.4000000e+01   1.0000000e+01   5.6000000e+01   0.0000000e+00   1.4999998e-01
   2.0170000e+03   7.0000000e+00   2.4000000e+01   1.0000000e+01   5.7000000e+01   0.0000000e+00   6.0000000e-01
   2.0170000e+03   7.0000000e+00   2.4000000e+01   1.0000000e+01   5.8000000e+01   0.0000000e+00   7.5000000e-01
   2.0170000e+03   7.0000000e+00   2.4000000e+01   1.0000000e+01   5.9000000e+01   0.0000000e+00   1.5000000e+00
   2.0170000e+03   7.0000000e+00   2.4000000e+01   1.1000000e+01   0.0000000e+00   0.0000000e+00   2.4000000e+00
   2.0170000e+03   7.0000000e+00   2.4000000e+01   1.1000000e+01   1.0000000e+00   0.0000000e+00   2.2500000e+00
   2.0170000e+03   7.0000000e+00   2.4000000e+01   1.1000000e+01   2.0000000e+00   0.0000000e+00   1.6500000e+00
   2.0170000e+03   7.0000000e+00   2.4000000e+01   1.1000000e+01   3.0000000e+00   0.0000000e+00   1.0500000e+00
   2.0170000e+03   7.0000000e+00   2.4000000e+01   1.1000000e+01   4.0000000e+00   0.0000000e+00   6.0000000e-01
   2.0170000e+03   7.0000000e+00   2.4000000e+01   1.1000000e+01   5.0000000e+00   0.0000000e+00   7.5000000e-01
   2.0170000e+03   7.0000000e+00   2.4000000e+01   1.1000000e+01   6.0000000e+00   0.0000000e+00   1.0500000e+00
   2.0170000e+03   7.0000000e+00   2.4000000e+01   1.1000000e+01   7.0000000e+00   0.0000000e+00   1.0500001e+00
   2.0170000e+03   7.0000000e+00   2.4000000e+01   1.1000000e+01   8.0000000e+00   0.0000000e+00   7.0500018e+00
   2.0170000e+03   7.0000000e+00   2.4000000e+01   1.1000000e+01   9.0000000e+00   0.0000000e+00   2.3550000e+01
   2.0170000e+03   7.0000000e+00   2.4000000e+01   1.1000000e+01   1.0000000e+01   0.0000000e+00   3.0000000e+01
   2.0170000e+03   7.0000000e+00   2.4000000e+01   1.1000000e+01   1.1000000e+01   0.0000000e+00   2.6100000e+01
   2.0170000e+03   7.0000000e+00   2.4000000e+01   1.1000000e+01   1.2000000e+01   0.0000000e+00   2.4000000e+01
   2.0170000e+03   7.0000000e+00   2.4000000e+01   1.1000000e+01   1.3000000e+01   0.0000000e+00   1.6950000e+01
   2.0170000e+03   7.0000000e+00   2.4000000e+01   1.1000000e+01   1.4000000e+01   0.0000000e+00   6.1500002e+00
   2.0170000e+03   7.0000000e+00   2.4000000e+01   1.1000000e+01   1.5000000e+01   0.0000000e+00   5.4000000e+00
   2.0170000e+03   7.0000000e+00   2.4000000e+01   1.1000000e+01   1.6000000e+01   0.0000000e+00   8.4000000e+00
   2.0170000e+03   7.0000000e+00   2.4000000e+01   1.1000000e+01   1.7000000e+01   0.0000000e+00   1.1850000e+01
   2.0170000e+03   7.0000000e+00   2.4000000e+01   1.1000000e+01   1.8000000e+01   0.0000000e+00   9.9000000e+00
   2.0170000e+03   7.0000000e+00   2.4000000e+01   1.1000000e+01   1.9000000e+01   0.0000000e+00   4.8000000e+00
   2.0170000e+03   7.0000000e+00   2.4000000e+01   1.1000000e+01   2.0000000e+01   0.0000000e+00   2.4000000e+00
   2.0170000e+03   7.0000000e+00   2.4000000e+01   1.1000000e+01   2.1000000e+01   0.0000000e+00   6.0000000e-01
   2.0170000e+03   7.0000000e+00   2.4000000e+01   1.1000000e+01   2.2000000e+01   0.0000000e+00   7.5000006e-01
   2.0170000e+03   7.0000000e+00   2.4000000e+01   1.1000000e+01   2.3000000e+01   0.0000000e+00   1.2000000e+00
   2.0170000e+03   7.0000000e+00   2.4000000e+01   1.1000000e+01   2.4000000e+01   0.0000000e+00   1.0500000e+00
   2.0170000e+03   7.0000000e+00   2.4000000e+01   1.1000000e+01   2.5000000e+01   0.0000000e+00   6.0000000e-01
   2.0170000e+03   7.0000000e+00   2.4000000e+01   1.1000000e+01   2.6000000e+01   0.0000000e+00   6.0000000e-01
   2.0170000e+03   7.0000000e+00   2.4000000e+01   1.1000000e+01   2.7000000e+01   0.0000000e+00   6.0000000e-01
   2.0170000e+03   7.0000000e+00   2.4000000e+01   1.1000000e+01   2.8000000e+01   0.0000000e+00   6.0000000e-01
   2.0170000e+03   7.0000000e+00   2.4000000e+01   1.1000000e+01   2.9000000e+01   0.0000000e+00   6.0000000e-01
   2.0170000e+03   7.0000000e+00   2.4000000e+01   1.1000000e+01   3.0000000e+01   0.0000000e+00   6.0000000e-01
   2.0170000e+03   7.0000000e+00   2.4000000e+01   1.1000000e+01   3.1000000e+01   0.0000000e+00   4.5000006e-01
   2.0170000e+03   7.0000000e+00   2.4000000e+01   1.1000000e+01   3.2000000e+01   0.0000000e+00   1.5000000e-01
   2.0170000e+03   7.0000000e+00   2.4000000e+01   1.1000000e+01   3.3000000e+01   0.0000000e+00   1.5000000e+00
   2.0170000e+03   7.0000000e+00   2.4000000e+01   1.1000000e+01   3.4000000e+01   0.0000000e+00   4.6500000e+00
   2.0170000e+03   7.0000000e+00   2.4000000e+01   1.1000000e+01   3.5000000e+01   0.0000000e+00   6.3000000e+00
   2.0170000e+03   7.0000000e+00   2.4000000e+01   1.1000000e+01   3.6000000e+01   0.0000000e+00   6.1500000e+00
   2.0170000e+03   7.0000000e+00   2.4000000e+01   1.1000000e+01   3.7000000e+01   0.0000000e+00   3.7500000e+00
   2.0170000e+03   7.0000000e+00   2.4000000e+01   1.1000000e+01   3.8000000e+01   0.0000000e+00   5.0999999e+00
   2.0170000e+03   7.0000000e+00   2.4000000e+01   1.1000000e+01   3.9000000e+01   0.0000000e+00   2.2499999e+00
   2.0170000e+03   7.0000000e+00   2.4000000e+01   1.1000000e+01   4.0000000e+01   0.0000000e+00   1.6500000e+00
   2.0170000e+03   7.0000000e+00   2.4000000e+01   1.1000000e+01   4.1000000e+01   0.0000000e+00   1.2000000e+00
   2.0170000e+03   7.0000000e+00   2.4000000e+01   1.1000000e+01   4.2000000e+01   0.0000000e+00   1.7999998e+00
   2.0170000e+03   7.0000000e+00   2.4000000e+01   1.1000000e+01   4.3000000e+01   0.0000000e+00   3.4500000e+00
   2.0170000e+03   7.0000000e+00   2.4000000e+01   1.1000000e+01   4.4000000e+01   0.0000000e+00   2.5500001e+00
   2.0170000e+03   7.0000000e+00   2.4000000e+01   1.1000000e+01   4.5000000e+01   0.0000000e+00   1.3499999e+00
   2.0170000e+03   7.0000000e+00   2.4000000e+01   1.1000000e+01   4.6000000e+01   0.0000000e+00   4.5000000e+00
   2.0170000e+03   7.0000000e+00   2.4000000e+01   1.1000000e+01   4.7000000e+01   0.0000000e+00   1.2450000e+01
   2.0170000e+03   7.0000000e+00   2.4000000e+01   1.1000000e+01   4.8000000e+01   0.0000000e+00   9.9000000e+00
   2.0170000e+03   7.0000000e+00   2.4000000e+01   1.1000000e+01   4.9000000e+01   0.0000000e+00   3.1500000e+00
   2.0170000e+03   7.0000000e+00   2.4000000e+01   1.1000000e+01   5.0000000e+01   0.0000000e+00   1.5000000e+00
   2.0170000e+03   7.0000000e+00   2.4000000e+01   1.1000000e+01   5.1000000e+01   0.0000000e+00   9.0000000e-01
   2.0170000e+03   7.0000000e+00   2.4000000e+01   1.1000000e+01   5.2000000e+01   0.0000000e+00   3.7500002e+00
   2.0170000e+03   7.0000000e+00   2.4000000e+01   1.1000000e+01   5.3000000e+01   0.0000000e+00   1.1550001e+01
   2.0170000e+03   7.0000000e+00   2.4000000e+01   1.1000000e+01   5.4000000e+01   0.0000000e+00   1.7550000e+01
   2.0170000e+03   7.0000000e+00   2.4000000e+01   1.1000000e+01   5.5000000e+01   0.0000000e+00   1.6800000e+01
   2.0170000e+03   7.0000000e+00   2.4000000e+01   1.1000000e+01   5.6000000e+01   0.0000000e+00   1.1699999e+01
   2.0170000e+03   7.0000000e+00   2.4000000e+01   1.1000000e+01   5.7000000e+01   0.0000000e+00   6.7500000e+00
   2.0170000e+03   7.0000000e+00   2.4000000e+01   1.1000000e+01   5.8000000e+01   0.0000000e+00   4.9500001e+00
   2.0170000e+03   7.0000000e+00   2.4000000e+01   1.1000000e+01   5.9000000e+01   0.0000000e+00   4.1999998e+00
   2.0170000e+03   7.0000000e+00   2.4000000e+01   1.2000000e+01   0.0000000e+00   0.0000000e+00   6.6000000e+00
   2.0170000e+03   7.0000000e+00   2.4000000e+01   1.2000000e+01   1.0000000e+00   0.0000000e+00   8.2500000e+00
   2.0170000e+03   7.0000000e+00   2.4000000e+01   1.2000000e+01   2.0000000e+00   0.0000000e+00   8.4000000e+00
   2.0170000e+03   7.0000000e+00   2.4000000e+01   1.2000000e+01   3.0000000e+00   0.0000000e+00   1.0050000e+01
   2.0170000e+03   7.0000000e+00   2.4000000e+01   1.2000000e+01   4.0000000e+00   0.0000000e+00   9.4500000e+00
   2.0170000e+03   7.0000000e+00   2.4000000e+01   1.2000000e+01   5.0000000e+00   0.0000000e+00   8.4000000e+00
   2.0170000e+03   7.0000000e+00   2.4000000e+01   1.2000000e+01   6.0000000e+00   0.0000000e+00   6.7500000e+00
   2.0170000e+03   7.0000000e+00   2.4000000e+01   1.2000000e+01   7.0000000e+00   0.0000000e+00   6.5999998e+00
   2.0170000e+03   7.0000000e+00   2.4000000e+01   1.2000000e+01   8.0000000e+00   0.0000000e+00   5.1000000e+00
   2.0170000e+03   7.0000000e+00   2.4000000e+01   1.2000000e+01   9.0000000e+00   0.0000000e+00   7.5000002e+00
   2.0170000e+03   7.0000000e+00   2.4000000e+01   1.2000000e+01   1.0000000e+01   0.0000000e+00   1.0499999e+01
   2.0170000e+03   7.0000000e+00   2.4000000e+01   1.2000000e+01   1.1000000e+01   0.0000000e+00   5.2500000e+00
   2.0170000e+03   7.0000000e+00   2.4000000e+01   1.2000000e+01   1.2000000e+01   0.0000000e+00   2.8500000e+00
   2.0170000e+03   7.0000000e+00   2.4000000e+01   1.2000000e+01   1.3000000e+01   0.0000000e+00   2.6999999e+00
   2.0170000e+03   7.0000000e+00   2.4000000e+01   1.2000000e+01   1.4000000e+01   0.0000000e+00   4.0500000e+00
   2.0170000e+03   7.0000000e+00   2.4000000e+01   1.2000000e+01   1.5000000e+01   0.0000000e+00   5.4000000e+00
   2.0170000e+03   7.0000000e+00   2.4000000e+01   1.2000000e+01   1.6000000e+01   0.0000000e+00   5.5499999e+00
   2.0170000e+03   7.0000000e+00   2.4000000e+01   1.2000000e+01   1.7000000e+01   0.0000000e+00   5.8500000e+00
   2.0170000e+03   7.0000000e+00   2.4000000e+01   1.2000000e+01   1.8000000e+01   0.0000000e+00   5.2500000e+00
   2.0170000e+03   7.0000000e+00   2.4000000e+01   1.2000000e+01   1.9000000e+01   0.0000000e+00   5.5500000e+00
   2.0170000e+03   7.0000000e+00   2.4000000e+01   1.2000000e+01   2.0000000e+01   0.0000000e+00   7.5000000e+00
   2.0170000e+03   7.0000000e+00   2.4000000e+01   1.2000000e+01   2.1000000e+01   0.0000000e+00   6.0000000e+00
   2.0170000e+03   7.0000000e+00   2.4000000e+01   1.2000000e+01   2.2000000e+01   0.0000000e+00   4.2000000e+00
   2.0170000e+03   7.0000000e+00   2.4000000e+01   1.2000000e+01   2.3000000e+01   0.0000000e+00   3.7499999e+00
   2.0170000e+03   7.0000000e+00   2.4000000e+01   1.2000000e+01   2.4000000e+01   0.0000000e+00   3.0000002e+00
   2.0170000e+03   7.0000000e+00   2.4000000e+01   1.2000000e+01   2.5000000e+01   0.0000000e+00   4.2000000e+00
   2.0170000e+03   7.0000000e+00   2.4000000e+01   1.2000000e+01   2.6000000e+01   0.0000000e+00   2.5500000e+00
   2.0170000e+03   7.0000000e+00   2.4000000e+01   1.2000000e+01   2.7000000e+01   0.0000000e+00   2.8500001e+00
   2.0170000e+03   7.0000000e+00   2.4000000e+01   1.2000000e+01   2.8000000e+01   0.0000000e+00   2.1000000e+00
   2.0170000e+03   7.0000000e+00   2.4000000e+01   1.2000000e+01   2.9000000e+01   0.0000000e+00   1.5000000e+00
   2.0170000e+03   7.0000000e+00   2.4000000e+01   1.2000000e+01   3.0000000e+01   0.0000000e+00   3.4499996e+00
   2.0170000e+03   7.0000000e+00   2.4000000e+01   1.2000000e+01   3.1000000e+01   0.0000000e+00   7.0500000e+00
   2.0170000e+03   7.0000000e+00   2.4000000e+01   1.2000000e+01   3.2000000e+01   0.0000000e+00   7.8000000e+00
   2.0170000e+03   7.0000000e+00   2.4000000e+01   1.2000000e+01   3.3000000e+01   0.0000000e+00   6.9000000e+00
   2.0170000e+03   7.0000000e+00   2.4000000e+01   1.2000000e+01   3.4000000e+01   0.0000000e+00   1.0800000e+01
   2.0170000e+03   7.0000000e+00   2.4000000e+01   1.2000000e+01   3.5000000e+01   0.0000000e+00   1.5600000e+01
   2.0170000e+03   7.0000000e+00   2.4000000e+01   1.2000000e+01   3.6000000e+01   0.0000000e+00   1.8750000e+01
   2.0170000e+03   7.0000000e+00   2.4000000e+01   1.2000000e+01   3.7000000e+01   0.0000000e+00   1.6200000e+01
   2.0170000e+03   7.0000000e+00   2.4000000e+01   1.2000000e+01   3.8000000e+01   0.0000000e+00   1.2300000e+01
   2.0170000e+03   7.0000000e+00   2.4000000e+01   1.2000000e+01   3.9000000e+01   0.0000000e+00   1.2000000e+01
   2.0170000e+03   7.0000000e+00   2.4000000e+01   1.2000000e+01   4.0000000e+01   0.0000000e+00   1.2300000e+01
   2.0170000e+03   7.0000000e+00   2.4000000e+01   1.2000000e+01   4.1000000e+01   0.0000000e+00   8.2500002e+00
   2.0170000e+03   7.0000000e+00   2.4000000e+01   1.2000000e+01   4.2000000e+01   0.0000000e+00   9.3000000e+00
   2.0170000e+03   7.0000000e+00   2.4000000e+01   1.2000000e+01   4.3000000e+01   0.0000000e+00   9.2999999e+00
   2.0170000e+03   7.0000000e+00   2.4000000e+01   1.2000000e+01   4.4000000e+01   0.0000000e+00   1.2000000e+01
   2.0170000e+03   7.0000000e+00   2.4000000e+01   1.2000000e+01   4.5000000e+01   0.0000000e+00   1.0500000e+01
   2.0170000e+03   7.0000000e+00   2.4000000e+01   1.2000000e+01   4.6000000e+01   0.0000000e+00   4.9500000e+00
   2.0170000e+03   7.0000000e+00   2.4000000e+01   1.2000000e+01   4.7000000e+01   0.0000000e+00   1.6500000e+00
   2.0170000e+03   7.0000000e+00   2.4000000e+01   1.2000000e+01   4.8000000e+01   0.0000000e+00   1.3500000e+00
   2.0170000e+03   7.0000000e+00   2.4000000e+01   1.2000000e+01   4.9000000e+01   0.0000000e+00   2.1000000e+00
   2.0170000e+03   7.0000000e+00   2.4000000e+01   1.2000000e+01   5.0000000e+01   0.0000000e+00   3.1500000e+00
   2.0170000e+03   7.0000000e+00   2.4000000e+01   1.2000000e+01   5.1000000e+01   0.0000000e+00   3.4500000e+00
   2.0170000e+03   7.0000000e+00   2.4000000e+01   1.2000000e+01   5.2000000e+01   0.0000000e+00   3.3000001e+00
   2.0170000e+03   7.0000000e+00   2.4000000e+01   1.2000000e+01   5.3000000e+01   0.0000000e+00   5.2500000e+00
   2.0170000e+03   7.0000000e+00   2.4000000e+01   1.2000000e+01   5.4000000e+01   0.0000000e+00   9.3000001e+00
   2.0170000e+03   7.0000000e+00   2.4000000e+01   1.2000000e+01   5.5000000e+01   0.0000000e+00   1.2450000e+01
   2.0170000e+03   7.0000000e+00   2.4000000e+01   1.2000000e+01   5.6000000e+01   0.0000000e+00   1.3800000e+01
   2.0170000e+03   7.0000000e+00   2.4000000e+01   1.2000000e+01   5.7000000e+01   0.0000000e+00   1.3050000e+01
   2.0170000e+03   7.0000000e+00   2.4000000e+01   1.2000000e+01   5.8000000e+01   0.0000000e+00   1.0650000e+01
   2.0170000e+03   7.0000000e+00   2.4000000e+01   1.2000000e+01   5.9000000e+01   0.0000000e+00   9.3000000e+00
   2.0170000e+03   7.0000000e+00   2.4000000e+01   1.3000000e+01   0.0000000e+00   0.0000000e+00   6.3000000e+00
   2.0170000e+03   7.0000000e+00   2.4000000e+01   1.3000000e+01   1.0000000e+00   0.0000000e+00   5.2500001e+00
   2.0170000e+03   7.0000000e+00   2.4000000e+01   1.3000000e+01   2.0000000e+00   0.0000000e+00   4.9500000e+00
   2.0170000e+03   7.0000000e+00   2.4000000e+01   1.3000000e+01   3.0000000e+00   0.0000000e+00   4.6500000e+00
   2.0170000e+03   7.0000000e+00   2.4000000e+01   1.3000000e+01   4.0000000e+00   0.0000000e+00   2.1000000e+00
   2.0170000e+03   7.0000000e+00   2.4000000e+01   1.3000000e+01   5.0000000e+00   0.0000000e+00   1.0500000e+00
   2.0170000e+03   7.0000000e+00   2.4000000e+01   1.3000000e+01   6.0000000e+00   0.0000000e+00   4.5000000e-01
   2.0170000e+03   7.0000000e+00   2.4000000e+01   1.3000000e+01   7.0000000e+00   0.0000000e+00   1.5000000e-01
   2.0170000e+03   7.0000000e+00   2.4000000e+01   1.3000000e+01   8.0000000e+00   0.0000000e+00   6.0000000e-01
   2.0170000e+03   7.0000000e+00   2.4000000e+01   1.3000000e+01   9.0000000e+00   0.0000000e+00   6.0000000e-01
   2.0170000e+03   7.0000000e+00   2.4000000e+01   1.3000000e+01   1.0000000e+01   0.0000000e+00   6.0000000e-01
   2.0170000e+03   7.0000000e+00   2.4000000e+01   1.3000000e+01   1.1000000e+01   0.0000000e+00   4.5000002e-01
   2.0170000e+03   7.0000000e+00   2.4000000e+01   1.3000000e+01   1.2000000e+01   0.0000000e+00   1.4999994e-01
   2.0170000e+03   7.0000000e+00   2.4000000e+01   1.3000000e+01   1.3000000e+01   0.0000000e+00   4.5000000e-01
   2.0170000e+03   7.0000000e+00   2.4000000e+01   1.3000000e+01   1.4000000e+01   0.0000000e+00   1.4999998e-01
   2.0170000e+03   7.0000000e+00   2.4000000e+01   1.3000000e+01   1.5000000e+01   0.0000000e+00   4.5000006e-01
   2.0170000e+03   7.0000000e+00   2.4000000e+01   1.3000000e+01   1.6000000e+01   0.0000000e+00   0.0000000e+00
   2.0170000e+03   7.0000000e+00   2.4000000e+01   1.3000000e+01   1.7000000e+01   0.0000000e+00   1.5000000e-01
   2.0170000e+03   7.0000000e+00   2.4000000e+01   1.3000000e+01   1.8000000e+01   0.0000000e+00   4.5000000e-01
   2.0170000e+03   7.0000000e+00   2.4000000e+01   1.3000000e+01   1.9000000e+01   0.0000000e+00   1.5000000e-01
   2.0170000e+03   7.0000000e+00   2.4000000e+01   1.3000000e+01   2.0000000e+01   0.0000000e+00   9.0000000e-01
   2.0170000e+03   7.0000000e+00   2.4000000e+01   1.3000000e+01   2.1000000e+01   0.0000000e+00   2.5500000e+00
   2.0170000e+03   7.0000000e+00   2.4000000e+01   1.3000000e+01   2.2000000e+01   0.0000000e+00   4.5000000e+00
   2.0170000e+03   7.0000000e+00   2.4000000e+01   1.3000000e+01   2.3000000e+01   0.0000000e+00   3.6000000e+00
   2.0170000e+03   7.0000000e+00   2.4000000e+01   1.3000000e+01   2.4000000e+01   0.0000000e+00   3.1500000e+00
   2.0170000e+03   7.0000000e+00   2.4000000e+01   1.3000000e+01   2.5000000e+01   0.0000000e+00   1.8000000e+00
   2.0170000e+03   7.0000000e+00   2.4000000e+01   1.3000000e+01   2.6000000e+01   0.0000000e+00   2.5500003e+00
   2.0170000e+03   7.0000000e+00   2.4000000e+01   1.3000000e+01   2.7000000e+01   0.0000000e+00   7.2000000e+00
   2.0170000e+03   7.0000000e+00   2.4000000e+01   1.3000000e+01   2.8000000e+01   0.0000000e+00   1.4400000e+01
   2.0170000e+03   7.0000000e+00   2.4000000e+01   1.3000000e+01   2.9000000e+01   0.0000000e+00   1.3350000e+01
   2.0170000e+03   7.0000000e+00   2.4000000e+01   1.3000000e+01   3.0000000e+01   0.0000000e+00   9.3000000e+00
   2.0170000e+03   7.0000000e+00   2.4000000e+01   1.3000000e+01   3.1000000e+01   0.0000000e+00   6.4500000e+00
   2.0170000e+03   7.0000000e+00   2.4000000e+01   1.3000000e+01   3.2000000e+01   0.0000000e+00   5.8500000e+00
   2.0170000e+03   7.0000000e+00   2.4000000e+01   1.3000000e+01   3.3000000e+01   0.0000000e+00   5.1000000e+00
   2.0170000e+03   7.0000000e+00   2.4000000e+01   1.3000000e+01   3.4000000e+01   0.0000000e+00   3.6000000e+00
   2.0170000e+03   7.0000000e+00   2.4000000e+01   1.3000000e+01   3.5000000e+01   0.0000000e+00   1.6500000e+00
   2.0170000e+03   7.0000000e+00   2.4000000e+01   1.3000000e+01   3.6000000e+01   0.0000000e+00   1.2000000e+00
   2.0170000e+03   7.0000000e+00   2.4000000e+01   1.3000000e+01   3.7000000e+01   0.0000000e+00   1.0499999e+00
   2.0170000e+03   7.0000000e+00   2.4000000e+01   1.3000000e+01   3.8000000e+01   0.0000000e+00   6.0000000e-01
   2.0170000e+03   7.0000000e+00   2.4000000e+01   1.3000000e+01   3.9000000e+01   0.0000000e+00   6.0000000e-01
   2.0170000e+03   7.0000000e+00   2.4000000e+01   1.3000000e+01   4.0000000e+01   0.0000000e+00   6.0000000e-01
   2.0170000e+03   7.0000000e+00   2.4000000e+01   1.3000000e+01   4.1000000e+01   0.0000000e+00   7.5000000e-01
   2.0170000e+03   7.0000000e+00   2.4000000e+01   1.3000000e+01   4.2000000e+01   0.0000000e+00   1.3500000e+00
   2.0170000e+03   7.0000000e+00   2.4000000e+01   1.3000000e+01   4.3000000e+01   0.0000000e+00   1.6500001e+00
   2.0170000e+03   7.0000000e+00   2.4000000e+01   1.3000000e+01   4.4000000e+01   0.0000000e+00   1.0500000e+00
   2.0170000e+03   7.0000000e+00   2.4000000e+01   1.3000000e+01   4.5000000e+01   0.0000000e+00   6.0000000e-01
   2.0170000e+03   7.0000000e+00   2.4000000e+01   1.3000000e+01   4.6000000e+01   0.0000000e+00   4.5000006e-01
   2.0170000e+03   7.0000000e+00   2.4000000e+01   1.3000000e+01   4.7000000e+01   0.0000000e+00   1.5000000e-01
   2.0170000e+03   7.0000000e+00   2.4000000e+01   1.3000000e+01   4.8000000e+01   0.0000000e+00   7.5000000e-01
   2.0170000e+03   7.0000000e+00   2.4000000e+01   1.3000000e+01   4.9000000e+01   0.0000000e+00   1.2000000e+00
   2.0170000e+03   7.0000000e+00   2.4000000e+01   1.3000000e+01   5.0000000e+01   0.0000000e+00   1.0500000e+00
   2.0170000e+03   7.0000000e+00   2.4000000e+01   1.3000000e+01   5.1000000e+01   0.0000000e+00   9.0000000e-01
   2.0170000e+03   7.0000000e+00   2.4000000e+01   1.3000000e+01   5.2000000e+01   0.0000000e+00   1.6500000e+00
   2.0170000e+03   7.0000000e+00   2.4000000e+01   1.3000000e+01   5.3000000e+01   0.0000000e+00   1.0500000e+00
   2.0170000e+03   7.0000000e+00   2.4000000e+01   1.3000000e+01   5.4000000e+01   0.0000000e+00   7.5000006e-01
   2.0170000e+03   7.0000000e+00   2.4000000e+01   1.3000000e+01   5.5000000e+01   0.0000000e+00   1.2000000e+00
   2.0170000e+03   7.0000000e+00   2.4000000e+01   1.3000000e+01   5.6000000e+01   0.0000000e+00   1.0500000e+00
   2.0170000e+03   7.0000000e+00   2.4000000e+01   1.3000000e+01   5.7000000e+01   0.0000000e+00   4.5000006e-01
   2.0170000e+03   7.0000000e+00   2.4000000e+01   1.3000000e+01   5.8000000e+01   0.0000000e+00   1.5000000e-01
   2.0170000e+03   7.0000000e+00   2.4000000e+01   1.3000000e+01   5.9000000e+01   0.0000000e+00   4.5000002e-01
   2.0170000e+03   7.0000000e+00   2.4000000e+01   1.4000000e+01   0.0000000e+00   0.0000000e+00   1.4999994e-01
   2.0170000e+03   7.0000000e+00   2.4000000e+01   1.4000000e+01   1.0000000e+00   0.0000000e+00   4.5000000e-01
   2.0170000e+03   7.0000000e+00   2.4000000e+01   1.4000000e+01   2.0000000e+00   0.0000000e+00   0.0000000e+00
   2.0170000e+03   7.0000000e+00   2.4000000e+01   1.4000000e+01   3.0000000e+00   0.0000000e+00   0.0000000e+00
   2.0170000e+03   7.0000000e+00   2.4000000e+01   1.4000000e+01   4.0000000e+00   0.0000000e+00   1.5000000e-01
   2.0170000e+03   7.0000000e+00   2.4000000e+01   1.4000000e+01   5.0000000e+00   0.0000000e+00   4.5000000e-01
   2.0170000e+03   7.0000000e+00   2.4000000e+01   1.4000000e+01   6.0000000e+00   0.0000000e+00   0.0000000e+00
   2.0170000e+03   7.0000000e+00   2.4000000e+01   1.4000000e+01   7.0000000e+00   0.0000000e+00   0.0000000e+00
   2.0170000e+03   7.0000000e+00   2.4000000e+01   1.4000000e+01   8.0000000e+00   0.0000000e+00   0.0000000e+00
   2.0170000e+03   7.0000000e+00   2.4000000e+01   1.4000000e+01   9.0000000e+00   0.0000000e+00   0.0000000e+00
   2.0170000e+03   7.0000000e+00   2.4000000e+01   1.4000000e+01   1.0000000e+01   0.0000000e+00   1.5000002e-01
   2.0170000e+03   7.0000000e+00   2.4000000e+01   1.4000000e+01   1.1000000e+01   0.0000000e+00   4.4999994e-01
   2.0170000e+03   7.0000000e+00   2.4000000e+01   1.4000000e+01   1.2000000e+01   0.0000000e+00   0.0000000e+00
   2.0170000e+03   7.0000000e+00   2.4000000e+01   1.4000000e+01   1.3000000e+01   0.0000000e+00   0.0000000e+00
   2.0170000e+03   7.0000000e+00   2.4000000e+01   1.4000000e+01   1.4000000e+01   0.0000000e+00   0.0000000e+00
   2.0170000e+03   7.0000000e+00   2.4000000e+01   1.4000000e+01   1.5000000e+01   0.0000000e+00   0.0000000e+00
   2.0170000e+03   7.0000000e+00   2.4000000e+01   1.4000000e+01   1.6000000e+01   0.0000000e+00   0.0000000e+00
   2.0170000e+03   7.0000000e+00   2.4000000e+01   1.4000000e+01   1.7000000e+01   0.0000000e+00   0.0000000e+00
   2.0170000e+03   7.0000000e+00   2.4000000e+01   1.4000000e+01   1.8000000e+01   0.0000000e+00   0.0000000e+00
   2.0170000e+03   7.0000000e+00   2.4000000e+01   1.4000000e+01   1.9000000e+01   0.0000000e+00   1.5000000e-01
   2.0170000e+03   7.0000000e+00   2.4000000e+01   1.4000000e+01   2.0000000e+01   0.0000000e+00   4.5000000e-01
   2.0170000e+03   7.0000000e+00   2.4000000e+01   1.4000000e+01   2.1000000e+01   0.0000000e+00   0.0000000e+00
   2.0170000e+03   7.0000000e+00   2.4000000e+01   1.4000000e+01   2.2000000e+01   0.0000000e+00   0.0000000e+00
   2.0170000e+03   7.0000000e+00   2.4000000e+01   1.4000000e+01   2.3000000e+01   0.0000000e+00   0.0000000e+00
   2.0170000e+03   7.0000000e+00   2.4000000e+01   1.4000000e+01   2.4000000e+01   0.0000000e+00   0.0000000e+00
   2.0170000e+03   7.0000000e+00   2.4000000e+01   1.4000000e+01   2.5000000e+01   0.0000000e+00   0.0000000e+00
   2.0170000e+03   7.0000000e+00   2.4000000e+01   1.4000000e+01   2.6000000e+01   0.0000000e+00   0.0000000e+00
   2.0170000e+03   7.0000000e+00   2.4000000e+01   1.4000000e+01   2.7000000e+01   0.0000000e+00   0.0000000e+00
   2.0170000e+03   7.0000000e+00   2.4000000e+01   1.4000000e+01   2.8000000e+01   0.0000000e+00   0.0000000e+00
   2.0170000e+03   7.0000000e+00   2.4000000e+01   1.4000000e+01   2.9000000e+01   0.0000000e+00   0.0000000e+00
   2.0170000e+03   7.0000000e+00   2.4000000e+01   1.4000000e+01   3.0000000e+01   0.0000000e+00   0.0000000e+00
   2.0170000e+03   7.0000000e+00   2.4000000e+01   1.4000000e+01   3.1000000e+01   0.0000000e+00   0.0000000e+00
   2.0170000e+03   7.0000000e+00   2.4000000e+01   1.4000000e+01   3.2000000e+01   0.0000000e+00   0.0000000e+00
   2.0170000e+03   7.0000000e+00   2.4000000e+01   1.4000000e+01   3.3000000e+01   0.0000000e+00   0.0000000e+00
   2.0170000e+03   7.0000000e+00   2.4000000e+01   1.4000000e+01   3.4000000e+01   0.0000000e+00   0.0000000e+00
   2.0170000e+03   7.0000000e+00   2.4000000e+01   1.4000000e+01   3.5000000e+01   0.0000000e+00   1.5000000e-01
   2.0170000e+03   7.0000000e+00   2.4000000e+01   1.4000000e+01   3.6000000e+01   0.0000000e+00   4.5000000e-01
   2.0170000e+03   7.0000000e+00   2.4000000e+01   1.4000000e+01   3.7000000e+01   0.0000000e+00   0.0000000e+00
   2.0170000e+03   7.0000000e+00   2.4000000e+01   1.4000000e+01   3.8000000e+01   0.0000000e+00   0.0000000e+00
   2.0170000e+03   7.0000000e+00   2.4000000e+01   1.4000000e+01   3.9000000e+01   0.0000000e+00   0.0000000e+00
   2.0170000e+03   7.0000000e+00   2.4000000e+01   1.4000000e+01   4.0000000e+01   0.0000000e+00   0.0000000e+00
   2.0170000e+03   7.0000000e+00   2.4000000e+01   1.4000000e+01   4.1000000e+01   0.0000000e+00   0.0000000e+00
   2.0170000e+03   7.0000000e+00   2.4000000e+01   1.4000000e+01   4.2000000e+01   0.0000000e+00   0.0000000e+00
   2.0170000e+03   7.0000000e+00   2.4000000e+01   1.4000000e+01   4.3000000e+01   0.0000000e+00   0.0000000e+00
   2.0170000e+03   7.0000000e+00   2.4000000e+01   1.4000000e+01   4.4000000e+01   0.0000000e+00   0.0000000e+00
   2.0170000e+03   7.0000000e+00   2.4000000e+01   1.4000000e+01   4.5000000e+01   0.0000000e+00   0.0000000e+00
   2.0170000e+03   7.0000000e+00   2.4000000e+01   1.4000000e+01   4.6000000e+01   0.0000000e+00   0.0000000e+00
   2.0170000e+03   7.0000000e+00   2.4000000e+01   1.4000000e+01   4.7000000e+01   0.0000000e+00   0.0000000e+00
   2.0170000e+03   7.0000000e+00   2.4000000e+01   1.4000000e+01   4.8000000e+01   0.0000000e+00   0.0000000e+00
   2.0170000e+03   7.0000000e+00   2.4000000e+01   1.4000000e+01   4.9000000e+01   0.0000000e+00   1.5000000e-01
   2.0170000e+03   7.0000000e+00   2.4000000e+01   1.4000000e+01   5.0000000e+01   0.0000000e+00   4.5000000e-01
   2.0170000e+03   7.0000000e+00   2.4000000e+01   1.4000000e+01   5.1000000e+01   0.0000000e+00   0.0000000e+00
   2.0170000e+03   7.0000000e+00   2.4000000e+01   1.4000000e+01   5.2000000e+01   0.0000000e+00   0.0000000e+00
   2.0170000e+03   7.0000000e+00   2.4000000e+01   1.4000000e+01   5.3000000e+01   0.0000000e+00   0.0000000e+00
   2.0170000e+03   7.0000000e+00   2.4000000e+01   1.4000000e+01   5.4000000e+01   0.0000000e+00   0.0000000e+00
   2.0170000e+03   7.0000000e+00   2.4000000e+01   1.4000000e+01   5.5000000e+01   0.0000000e+00   0.0000000e+00
   2.0170000e+03   7.0000000e+00   2.4000000e+01   1.4000000e+01   5.6000000e+01   0.0000000e+00   0.0000000e+00
   2.0170000e+03   7.0000000e+00   2.4000000e+01   1.4000000e+01   5.7000000e+01   0.0000000e+00   0.0000000e+00
   2.0170000e+03   7.0000000e+00   2.4000000e+01   1.4000000e+01   5.8000000e+01   0.0000000e+00   0.0000000e+00
   2.0170000e+03   7.0000000e+00   2.4000000e+01   1.4000000e+01   5.9000000e+01   0.0000000e+00   0.0000000e+00
   2.0170000e+03   7.0000000e+00   2.4000000e+01   1.5000000e+01   0.0000000e+00   0.0000000e+00   0.0000000e+00
   2.0170000e+03   7.0000000e+00   2.4000000e+01   1.5000000e+01   1.0000000e+00   0.0000000e+00   0.0000000e+00
   2.0170000e+03   7.0000000e+00   2.4000000e+01   1.5000000e+01   2.0000000e+00   0.0000000e+00   0.0000000e+00
   2.0170000e+03   7.0000000e+00   2.4000000e+01   1.5000000e+01   3.0000000e+00   0.0000000e+00   1.5000000e-01
   2.0170000e+03   7.0000000e+00   2.4000000e+01   1.5000000e+01   4.0000000e+00   0.0000000e+00   4.5000000e-01
   2.0170000e+03   7.0000000e+00   2.4000000e+01   1.5000000e+01   5.0000000e+00   0.0000000e+00   0.0000000e+00
   2.0170000e+03   7.0000000e+00   2.4000000e+01   1.5000000e+01   6.0000000e+00   0.0000000e+00   0.0000000e+00
   2.0170000e+03   7.0000000e+00   2.4000000e+01   1.5000000e+01   7.0000000e+00   0.0000000e+00   0.0000000e+00
   2.0170000e+03   7.0000000e+00   2.4000000e+01   1.5000000e+01   8.0000000e+00   0.0000000e+00   0.0000000e+00
   2.0170000e+03   7.0000000e+00   2.4000000e+01   1.5000000e+01   9.0000000e+00   0.0000000e+00   0.0000000e+00
   2.0170000e+03   7.0000000e+00   2.4000000e+01   1.5000000e+01   1.0000000e+01   0.0000000e+00   0.0000000e+00
   2.0170000e+03   7.0000000e+00   2.4000000e+01   1.5000000e+01   1.1000000e+01   0.0000000e+00   0.0000000e+00
   2.0170000e+03   7.0000000e+00   2.4000000e+01   1.5000000e+01   1.2000000e+01   0.0000000e+00   0.0000000e+00
   2.0170000e+03   7.0000000e+00   2.4000000e+01   1.5000000e+01   1.3000000e+01   0.0000000e+00   0.0000000e+00
   2.0170000e+03   7.0000000e+00   2.4000000e+01   1.5000000e+01   1.4000000e+01   0.0000000e+00   0.0000000e+00
   2.0170000e+03   7.0000000e+00   2.4000000e+01   1.5000000e+01   1.5000000e+01   0.0000000e+00   0.0000000e+00
   2.0170000e+03   7.0000000e+00   2.4000000e+01   1.5000000e+01   1.6000000e+01   0.0000000e+00   0.0000000e+00
   2.0170000e+03   7.0000000e+00   2.4000000e+01   1.5000000e+01   1.7000000e+01   0.0000000e+00   0.0000000e+00
   2.0170000e+03   7.0000000e+00   2.4000000e+01   1.5000000e+01   1.8000000e+01   0.0000000e+00   0.0000000e+00
   2.0170000e+03   7.0000000e+00   2.4000000e+01   1.5000000e+01   1.9000000e+01   0.0000000e+00   0.0000000e+00
   2.0170000e+03   7.0000000e+00   2.4000000e+01   1.5000000e+01   2.0000000e+01   0.0000000e+00   0.0000000e+00
   2.0170000e+03   7.0000000e+00   2.4000000e+01   1.5000000e+01   2.1000000e+01   0.0000000e+00   0.0000000e+00
   2.0170000e+03   7.0000000e+00   2.4000000e+01   1.5000000e+01   2.2000000e+01   0.0000000e+00   0.0000000e+00
   2.0170000e+03   7.0000000e+00   2.4000000e+01   1.5000000e+01   2.3000000e+01   0.0000000e+00   0.0000000e+00
   2.0170000e+03   7.0000000e+00   2.4000000e+01   1.5000000e+01   2.4000000e+01   0.0000000e+00   0.0000000e+00
   2.0170000e+03   7.0000000e+00   2.4000000e+01   1.5000000e+01   2.5000000e+01   0.0000000e+00   0.0000000e+00
   2.0170000e+03   7.0000000e+00   2.4000000e+01   1.5000000e+01   2.6000000e+01   0.0000000e+00   0.0000000e+00
   2.0170000e+03   7.0000000e+00   2.4000000e+01   1.5000000e+01   2.7000000e+01   0.0000000e+00   0.0000000e+00
   2.0170000e+03   7.0000000e+00   2.4000000e+01   1.5000000e+01   2.8000000e+01   0.0000000e+00   0.0000000e+00
   2.0170000e+03   7.0000000e+00   2.4000000e+01   1.5000000e+01   2.9000000e+01   0.0000000e+00   0.0000000e+00
   2.0170000e+03   7.0000000e+00   2.4000000e+01   1.5000000e+01   3.0000000e+01   0.0000000e+00   0.0000000e+00
   2.0170000e+03   7.0000000e+00   2.4000000e+01   1.5000000e+01   3.1000000e+01   0.0000000e+00   0.0000000e+00
   2.0170000e+03   7.0000000e+00   2.4000000e+01   1.5000000e+01   3.2000000e+01   0.0000000e+00   0.0000000e+00
   2.0170000e+03   7.0000000e+00   2.4000000e+01   1.5000000e+01   3.3000000e+01   0.0000000e+00   0.0000000e+00
   2.0170000e+03   7.0000000e+00   2.4000000e+01   1.5000000e+01   3.4000000e+01   0.0000000e+00   0.0000000e+00
   2.0170000e+03   7.0000000e+00   2.4000000e+01   1.5000000e+01   3.5000000e+01   0.0000000e+00   0.0000000e+00
   2.0170000e+03   7.0000000e+00   2.4000000e+01   1.5000000e+01   3.6000000e+01   0.0000000e+00   0.0000000e+00
   2.0170000e+03   7.0000000e+00   2.4000000e+01   1.5000000e+01   3.7000000e+01   0.0000000e+00   0.0000000e+00
   2.0170000e+03   7.0000000e+00   2.4000000e+01   1.5000000e+01   3.8000000e+01   0.0000000e+00   0.0000000e+00
   2.0170000e+03   7.0000000e+00   2.4000000e+01   1.5000000e+01   3.9000000e+01   0.0000000e+00   0.0000000e+00
   2.0170000e+03   7.0000000e+00   2.4000000e+01   1.5000000e+01   4.0000000e+01   0.0000000e+00   0.0000000e+00
   2.0170000e+03   7.0000000e+00   2.4000000e+01   1.5000000e+01   4.1000000e+01   0.0000000e+00   0.0000000e+00
   2.0170000e+03   7.0000000e+00   2.4000000e+01   1.5000000e+01   4.2000000e+01   0.0000000e+00   0.0000000e+00
   2.0170000e+03   7.0000000e+00   2.4000000e+01   1.5000000e+01   4.3000000e+01   0.0000000e+00   0.0000000e+00
   2.0170000e+03   7.0000000e+00   2.4000000e+01   1.5000000e+01   4.4000000e+01   0.0000000e+00   0.0000000e+00
   2.0170000e+03   7.0000000e+00   2.4000000e+01   1.5000000e+01   4.5000000e+01   0.0000000e+00   0.0000000e+00
   2.0170000e+03   7.0000000e+00   2.4000000e+01   1.5000000e+01   4.6000000e+01   0.0000000e+00   1.5000000e-01
   2.0170000e+03   7.0000000e+00   2.4000000e+01   1.5000000e+01   4.7000000e+01   0.0000000e+00   6.0000000e-01
   2.0170000e+03   7.0000000e+00   2.4000000e+01   1.5000000e+01   4.8000000e+01   0.0000000e+00   6.0000000e-01
   2.0170000e+03   7.0000000e+00   2.4000000e+01   1.5000000e+01   4.9000000e+01   0.0000000e+00   6.0000000e-01
   2.0170000e+03   7.0000000e+00   2.4000000e+01   1.5000000e+01   5.0000000e+01   0.0000000e+00   9.0000000e-01
   2.0170000e+03   7.0000000e+00   2.4000000e+01   1.5000000e+01   5.1000000e+01   0.0000000e+00   1.8000000e+00
   2.0170000e+03   7.0000000e+00   2.4000000e+01   1.5000000e+01   5.2000000e+01   0.0000000e+00   1.9500001e+00
   2.0170000e+03   7.0000000e+00   2.4000000e+01   1.5000000e+01   5.3000000e+01   0.0000000e+00   2.2500000e+00
   2.0170000e+03   7.0000000e+00   2.4000000e+01   1.5000000e+01   5.4000000e+01   0.0000000e+00   1.9500000e+00
   2.0170000e+03   7.0000000e+00   2.4000000e+01   1.5000000e+01   5.5000000e+01   0.0000000e+00   2.0999999e+00
   2.0170000e+03   7.0000000e+00   2.4000000e+01   1.5000000e+01   5.6000000e+01   0.0000000e+00   1.3500000e+00
   2.0170000e+03   7.0000000e+00   2.4000000e+01   1.5000000e+01   5.7000000e+01   0.0000000e+00   1.8000000e+00
   2.0170000e+03   7.0000000e+00   2.4000000e+01   1.5000000e+01   5.8000000e+01   0.0000000e+00   1.8000000e+00
   2.0170000e+03   7.0000000e+00   2.4000000e+01   1.5000000e+01   5.9000000e+01   0.0000000e+00   1.6500000e+00
   2.0170000e+03   7.0000000e+00   2.4000000e+01   1.6000000e+01   0.0000000e+00   0.0000000e+00   1.2000000e+00
   2.0170000e+03   7.0000000e+00   2.4000000e+01   1.6000000e+01   1.0000000e+00   0.0000000e+00   1.3499999e+00
   2.0170000e+03   7.0000000e+00   2.4000000e+01   1.6000000e+01   2.0000000e+00   0.0000000e+00   1.9500000e+00
   2.0170000e+03   7.0000000e+00   2.4000000e+01   1.6000000e+01   3.0000000e+00   0.0000000e+00   2.2500000e+00
   2.0170000e+03   7.0000000e+00   2.4000000e+01   1.6000000e+01   4.0000000e+00   0.0000000e+00   1.8000000e+00
   2.0170000e+03   7.0000000e+00   2.4000000e+01   1.6000000e+01   5.0000000e+00   0.0000000e+00   1.6500000e+00
   2.0170000e+03   7.0000000e+00   2.4000000e+01   1.6000000e+01   6.0000000e+00   0.0000000e+00   1.3500000e+00
   2.0170000e+03   7.0000000e+00   2.4000000e+01   1.6000000e+01   7.0000000e+00   0.0000000e+00   1.9500000e+00
   2.0170000e+03   7.0000000e+00   2.4000000e+01   1.6000000e+01   8.0000000e+00   0.0000000e+00   2.4000000e+00
   2.0170000e+03   7.0000000e+00   2.4000000e+01   1.6000000e+01   9.0000000e+00   0.0000000e+00   2.2499999e+00
   2.0170000e+03   7.0000000e+00   2.4000000e+01   1.6000000e+01   1.0000000e+01   0.0000000e+00   1.8000000e+00
   2.0170000e+03   7.0000000e+00   2.4000000e+01   1.6000000e+01   1.1000000e+01   0.0000000e+00   1.8000000e+00
   2.0170000e+03   7.0000000e+00   2.4000000e+01   1.6000000e+01   1.2000000e+01   0.0000000e+00   1.6500001e+00
   2.0170000e+03   7.0000000e+00   2.4000000e+01   1.6000000e+01   1.3000000e+01   0.0000000e+00   1.3500000e+00
   2.0170000e+03   7.0000000e+00   2.4000000e+01   1.6000000e+01   1.4000000e+01   0.0000000e+00   1.5000000e+00
   2.0170000e+03   7.0000000e+00   2.4000000e+01   1.6000000e+01   1.5000000e+01   0.0000000e+00   7.4999994e-01
   2.0170000e+03   7.0000000e+00   2.4000000e+01   1.6000000e+01   1.6000000e+01   0.0000000e+00   1.0500000e+00
   2.0170000e+03   7.0000000e+00   2.4000000e+01   1.6000000e+01   1.7000000e+01   0.0000000e+00   6.0000000e-01
   2.0170000e+03   7.0000000e+00   2.4000000e+01   1.6000000e+01   1.8000000e+01   0.0000000e+00   9.0000000e-01
   2.0170000e+03   7.0000000e+00   2.4000000e+01   1.6000000e+01   1.9000000e+01   0.0000000e+00   1.9500000e+00
   2.0170000e+03   7.0000000e+00   2.4000000e+01   1.6000000e+01   2.0000000e+01   0.0000000e+00   2.4000000e+00
   2.0170000e+03   7.0000000e+00   2.4000000e+01   1.6000000e+01   2.1000000e+01   0.0000000e+00   2.5500000e+00
   2.0170000e+03   7.0000000e+00   2.4000000e+01   1.6000000e+01   2.2000000e+01   0.0000000e+00   3.0000000e+00
   2.0170000e+03   7.0000000e+00   2.4000000e+01   1.6000000e+01   2.3000000e+01   0.0000000e+00   2.8499999e+00
   2.0170000e+03   7.0000000e+00   2.4000000e+01   1.6000000e+01   2.4000000e+01   0.0000000e+00   2.4000000e+00
   2.0170000e+03   7.0000000e+00   2.4000000e+01   1.6000000e+01   2.5000000e+01   0.0000000e+00   2.2500000e+00
   2.0170000e+03   7.0000000e+00   2.4000000e+01   1.6000000e+01   2.6000000e+01   0.0000000e+00   1.9500001e+00
   2.0170000e+03   7.0000000e+00   2.4000000e+01   1.6000000e+01   2.7000000e+01   0.0000000e+00   2.4000000e+00
   2.0170000e+03   7.0000000e+00   2.4000000e+01   1.6000000e+01   2.8000000e+01   0.0000000e+00   2.4000000e+00
   2.0170000e+03   7.0000000e+00   2.4000000e+01   1.6000000e+01   2.9000000e+01   0.0000000e+00   2.6999999e+00
   2.0170000e+03   7.0000000e+00   2.4000000e+01   1.6000000e+01   3.0000000e+01   0.0000000e+00   4.0500000e+00
   2.0170000e+03   7.0000000e+00   2.4000000e+01   1.6000000e+01   3.1000000e+01   0.0000000e+00   5.2500000e+00
   2.0170000e+03   7.0000000e+00   2.4000000e+01   1.6000000e+01   3.2000000e+01   0.0000000e+00   4.3500000e+00
   2.0170000e+03   7.0000000e+00   2.4000000e+01   1.6000000e+01   3.3000000e+01   0.0000000e+00   3.0000000e+00
   2.0170000e+03   7.0000000e+00   2.4000000e+01   1.6000000e+01   3.4000000e+01   0.0000000e+00   3.4500000e+00
   2.0170000e+03   7.0000000e+00   2.4000000e+01   1.6000000e+01   3.5000000e+01   0.0000000e+00   4.3500000e+00
   2.0170000e+03   7.0000000e+00   2.4000000e+01   1.6000000e+01   3.6000000e+01   0.0000000e+00   2.7000000e+00
   2.0170000e+03   7.0000000e+00   2.4000000e+01   1.6000000e+01   3.7000000e+01   0.0000000e+00   1.8000000e+00
   2.0170000e+03   7.0000000e+00   2.4000000e+01   1.6000000e+01   3.8000000e+01   0.0000000e+00   1.6500000e+00
   2.0170000e+03   7.0000000e+00   2.4000000e+01   1.6000000e+01   3.9000000e+01   0.0000000e+00   1.9500001e+00
   2.0170000e+03   7.0000000e+00   2.4000000e+01   1.6000000e+01   4.0000000e+01   0.0000000e+00   4.0499999e+00
   2.0170000e+03   7.0000000e+00   2.4000000e+01   1.6000000e+01   4.1000000e+01   0.0000000e+00   3.7500000e+00
   2.0170000e+03   7.0000000e+00   2.4000000e+01   1.6000000e+01   4.2000000e+01   0.0000000e+00   4.2000000e+00
   2.0170000e+03   7.0000000e+00   2.4000000e+01   1.6000000e+01   4.3000000e+01   0.0000000e+00   3.9000001e+00
   2.0170000e+03   7.0000000e+00   2.4000000e+01   1.6000000e+01   4.4000000e+01   0.0000000e+00   3.1500000e+00
   2.0170000e+03   7.0000000e+00   2.4000000e+01   1.6000000e+01   4.5000000e+01   0.0000000e+00   3.9000000e+00
   2.0170000e+03   7.0000000e+00   2.4000000e+01   1.6000000e+01   4.6000000e+01   0.0000000e+00   5.9999995e+00
   2.0170000e+03   7.0000000e+00   2.4000000e+01   1.6000000e+01   4.7000000e+01   0.0000000e+00   9.4500000e+00
   2.0170000e+03   7.0000000e+00   2.4000000e+01   1.6000000e+01   4.8000000e+01   0.0000000e+00   8.5500000e+00
   2.0170000e+03   7.0000000e+00   2.4000000e+01   1.6000000e+01   4.9000000e+01   0.0000000e+00   7.3500000e+00
   2.0170000e+03   7.0000000e+00   2.4000000e+01   1.6000000e+01   5.0000000e+01   0.0000000e+00   8.5500000e+00
   2.0170000e+03   7.0000000e+00   2.4000000e+01   1.6000000e+01   5.1000000e+01   0.0000000e+00   9.9000000e+00
   2.0170000e+03   7.0000000e+00   2.4000000e+01   1.6000000e+01   5.2000000e+01   0.0000000e+00   7.3500000e+00
   2.0170000e+03   7.0000000e+00   2.4000000e+01   1.6000000e+01   5.3000000e+01   0.0000000e+00   7.5000000e+00
   2.0170000e+03   7.0000000e+00   2.4000000e+01   1.6000000e+01   5.4000000e+01   0.0000000e+00   6.1499998e+00
   2.0170000e+03   7.0000000e+00   2.4000000e+01   1.6000000e+01   5.5000000e+01   0.0000000e+00   4.3500000e+00
   2.0170000e+03   7.0000000e+00   2.4000000e+01   1.6000000e+01   5.6000000e+01   0.0000000e+00   3.0000000e+00
   2.0170000e+03   7.0000000e+00   2.4000000e+01   1.6000000e+01   5.7000000e+01   0.0000000e+00   3.1499999e+00
   2.0170000e+03   7.0000000e+00   2.4000000e+01   1.6000000e+01   5.8000000e+01   0.0000000e+00   3.9000000e+00
   2.0170000e+03   7.0000000e+00   2.4000000e+01   1.6000000e+01   5.9000000e+01   0.0000000e+00   5.3999999e+00
   2.0170000e+03   7.0000000e+00   2.4000000e+01   1.7000000e+01   0.0000000e+00   0.0000000e+00   7.0500001e+00
   2.0170000e+03   7.0000000e+00   2.4000000e+01   1.7000000e+01   1.0000000e+00   0.0000000e+00   6.1500000e+00
   2.0170000e+03   7.0000000e+00   2.4000000e+01   1.7000000e+01   2.0000000e+00   0.0000000e+00   5.1000000e+00
   2.0170000e+03   7.0000000e+00   2.4000000e+01   1.7000000e+01   3.0000000e+00   0.0000000e+00   6.0000000e+00
   2.0170000e+03   7.0000000e+00   2.4000000e+01   1.7000000e+01   4.0000000e+00   0.0000000e+00   5.8500000e+00
   2.0170000e+03   7.0000000e+00   2.4000000e+01   1.7000000e+01   5.0000000e+00   0.0000000e+00   4.9500000e+00
   2.0170000e+03   7.0000000e+00   2.4000000e+01   1.7000000e+01   6.0000000e+00   0.0000000e+00   3.6000000e+00
   2.0170000e+03   7.0000000e+00   2.4000000e+01   1.7000000e+01   7.0000000e+00   0.0000000e+00   3.6000000e+00
   2.0170000e+03   7.0000000e+00   2.4000000e+01   1.7000000e+01   8.0000000e+00   0.0000000e+00   3.4499999e+00
   2.0170000e+03   7.0000000e+00   2.4000000e+01   1.7000000e+01   9.0000000e+00   0.0000000e+00   2.8500000e+00
   2.0170000e+03   7.0000000e+00   2.4000000e+01   1.7000000e+01   1.0000000e+01   0.0000000e+00   2.4000000e+00
   2.0170000e+03   7.0000000e+00   2.4000000e+01   1.7000000e+01   1.1000000e+01   0.0000000e+00   2.0999999e+00
   2.0170000e+03   7.0000000e+00   2.4000000e+01   1.7000000e+01   1.2000000e+01   0.0000000e+00   1.3500000e+00
   2.0170000e+03   7.0000000e+00   2.4000000e+01   1.7000000e+01   1.3000000e+01   0.0000000e+00   1.9500000e+00
   2.0170000e+03   7.0000000e+00   2.4000000e+01   1.7000000e+01   1.4000000e+01   0.0000000e+00   2.4000000e+00
   2.0170000e+03   7.0000000e+00   2.4000000e+01   1.7000000e+01   1.5000000e+01   0.0000000e+00   2.4000000e+00
   2.0170000e+03   7.0000000e+00   2.4000000e+01   1.7000000e+01   1.6000000e+01   0.0000000e+00   2.5500000e+00
   2.0170000e+03   7.0000000e+00   2.4000000e+01   1.7000000e+01   1.7000000e+01   0.0000000e+00   3.3000000e+00
   2.0170000e+03   7.0000000e+00   2.4000000e+01   1.7000000e+01   1.8000000e+01   0.0000000e+00   3.7500000e+00
   2.0170000e+03   7.0000000e+00   2.4000000e+01   1.7000000e+01   1.9000000e+01   0.0000000e+00   2.5500000e+00
   2.0170000e+03   7.0000000e+00   2.4000000e+01   1.7000000e+01   2.0000000e+01   0.0000000e+00   2.7000000e+00
   2.0170000e+03   7.0000000e+00   2.4000000e+01   1.7000000e+01   2.1000000e+01   0.0000000e+00   1.9500000e+00
   2.0170000e+03   7.0000000e+00   2.4000000e+01   1.7000000e+01   2.2000000e+01   0.0000000e+00   2.7000001e+00
   2.0170000e+03   7.0000000e+00   2.4000000e+01   1.7000000e+01   2.3000000e+01   0.0000000e+00   4.2000000e+00
   2.0170000e+03   7.0000000e+00   2.4000000e+01   1.7000000e+01   2.4000000e+01   0.0000000e+00   4.9499999e+00
   2.0170000e+03   7.0000000e+00   2.4000000e+01   1.7000000e+01   2.5000000e+01   0.0000000e+00   1.6499999e+00
   2.0170000e+03   7.0000000e+00   2.4000000e+01   1.7000000e+01   2.6000000e+01   0.0000000e+00   1.2000000e+00
   2.0170000e+03   7.0000000e+00   2.4000000e+01   1.7000000e+01   2.7000000e+01   0.0000000e+00   1.0500000e+00
   2.0170000e+03   7.0000000e+00   2.4000000e+01   1.7000000e+01   2.8000000e+01   0.0000000e+00   7.4999994e-01
   2.0170000e+03   7.0000000e+00   2.4000000e+01   1.7000000e+01   2.9000000e+01   0.0000000e+00   1.0500000e+00
   2.0170000e+03   7.0000000e+00   2.4000000e+01   1.7000000e+01   3.0000000e+01   0.0000000e+00   6.0000000e-01
   2.0170000e+03   7.0000000e+00   2.4000000e+01   1.7000000e+01   3.1000000e+01   0.0000000e+00   6.0000000e-01
   2.0170000e+03   7.0000000e+00   2.4000000e+01   1.7000000e+01   3.2000000e+01   0.0000000e+00   6.0000000e-01
   2.0170000e+03   7.0000000e+00   2.4000000e+01   1.7000000e+01   3.3000000e+01   0.0000000e+00   4.5000000e-01
   2.0170000e+03   7.0000000e+00   2.4000000e+01   1.7000000e+01   3.4000000e+01   0.0000000e+00   1.5000000e-01
   2.0170000e+03   7.0000000e+00   2.4000000e+01   1.7000000e+01   3.5000000e+01   0.0000000e+00   4.5000000e-01
   2.0170000e+03   7.0000000e+00   2.4000000e+01   1.7000000e+01   3.6000000e+01   0.0000000e+00   0.0000000e+00
   2.0170000e+03   7.0000000e+00   2.4000000e+01   1.7000000e+01   3.7000000e+01   0.0000000e+00   1.5000000e-01
   2.0170000e+03   7.0000000e+00   2.4000000e+01   1.7000000e+01   3.8000000e+01   0.0000000e+00   4.4999998e-01
   2.0170000e+03   7.0000000e+00   2.4000000e+01   1.7000000e+01   3.9000000e+01   0.0000000e+00   1.5000006e-01
   2.0170000e+03   7.0000000e+00   2.4000000e+01   1.7000000e+01   4.0000000e+01   0.0000000e+00   4.5000000e-01
   2.0170000e+03   7.0000000e+00   2.4000000e+01   1.7000000e+01   4.1000000e+01   0.0000000e+00   0.0000000e+00
   2.0170000e+03   7.0000000e+00   2.4000000e+01   1.7000000e+01   4.2000000e+01   0.0000000e+00   0.0000000e+00
   2.0170000e+03   7.0000000e+00   2.4000000e+01   1.7000000e+01   4.3000000e+01   0.0000000e+00   1.5000000e-01
   2.0170000e+03   7.0000000e+00   2.4000000e+01   1.7000000e+01   4.4000000e+01   0.0000000e+00   4.5000002e-01
   2.0170000e+03   7.0000000e+00   2.4000000e+01   1.7000000e+01   4.5000000e+01   0.0000000e+00   0.0000000e+00
   2.0170000e+03   7.0000000e+00   2.4000000e+01   1.7000000e+01   4.6000000e+01   0.0000000e+00   0.0000000e+00
   2.0170000e+03   7.0000000e+00   2.4000000e+01   1.7000000e+01   4.7000000e+01   0.0000000e+00   1.5000000e-01
   2.0170000e+03   7.0000000e+00   2.4000000e+01   1.7000000e+01   4.8000000e+01   0.0000000e+00   4.5000000e-01
   2.0170000e+03   7.0000000e+00   2.4000000e+01   1.7000000e+01   4.9000000e+01   0.0000000e+00   0.0000000e+00
   2.0170000e+03   7.0000000e+00   2.4000000e+01   1.7000000e+01   5.0000000e+01   0.0000000e+00   0.0000000e+00
   2.0170000e+03   7.0000000e+00   2.4000000e+01   1.7000000e+01   5.1000000e+01   0.0000000e+00   0.0000000e+00
   2.0170000e+03   7.0000000e+00   2.4000000e+01   1.7000000e+01   5.2000000e+01   0.0000000e+00   0.0000000e+00
   2.0170000e+03   7.0000000e+00   2.4000000e+01   1.7000000e+01   5.3000000e+01   0.0000000e+00   1.5000006e-01
   2.0170000e+03   7.0000000e+00   2.4000000e+01   1.7000000e+01   5.4000000e+01   0.0000000e+00   4.5000000e-01
   2.0170000e+03   7.0000000e+00   2.4000000e+01   1.7000000e+01   5.5000000e+01   0.0000000e+00   0.0000000e+00
   2.0170000e+03   7.0000000e+00   2.4000000e+01   1.7000000e+01   5.6000000e+01   0.0000000e+00   0.0000000e+00
   2.0170000e+03   7.0000000e+00   2.4000000e+01   1.7000000e+01   5.7000000e+01   0.0000000e+00   0.0000000e+00
   2.0170000e+03   7.0000000e+00   2.4000000e+01   1.7000000e+01   5.8000000e+01   0.0000000e+00   0.0000000e+00
   2.0170000e+03   7.0000000e+00   2.4000000e+01   1.7000000e+01   5.9000000e+01   0.0000000e+00   0.0000000e+00
   2.0170000e+03   7.0000000e+00   2.4000000e+01   1.8000000e+01   0.0000000e+00   0.0000000e+00   0.0000000e+00
   2.0170000e+03   7.0000000e+00   2.4000000e+01   1.8000000e+01   1.0000000e+00   0.0000000e+00   1.5000000e-01
   2.0170000e+03   7.0000000e+00   2.4000000e+01   1.8000000e+01   2.0000000e+00   0.0000000e+00   4.5000000e-01
   2.0170000e+03   7.0000000e+00   2.4000000e+01   1.8000000e+01   3.0000000e+00   0.0000000e+00   0.0000000e+00
   2.0170000e+03   7.0000000e+00   2.4000000e+01   1.8000000e+01   4.0000000e+00   0.0000000e+00   0.0000000e+00
   2.0170000e+03   7.0000000e+00   2.4000000e+01   1.8000000e+01   5.0000000e+00   0.0000000e+00   0.0000000e+00
   2.0170000e+03   7.0000000e+00   2.4000000e+01   1.8000000e+01   6.0000000e+00   0.0000000e+00   0.0000000e+00
   2.0170000e+03   7.0000000e+00   2.4000000e+01   1.8000000e+01   7.0000000e+00   0.0000000e+00   0.0000000e+00
   2.0170000e+03   7.0000000e+00   2.4000000e+01   1.8000000e+01   8.0000000e+00   0.0000000e+00   0.0000000e+00
   2.0170000e+03   7.0000000e+00   2.4000000e+01   1.8000000e+01   9.0000000e+00   0.0000000e+00   0.0000000e+00
   2.0170000e+03   7.0000000e+00   2.4000000e+01   1.8000000e+01   1.0000000e+01   0.0000000e+00   0.0000000e+00
   2.0170000e+03   7.0000000e+00   2.4000000e+01   1.8000000e+01   1.1000000e+01   0.0000000e+00   0.0000000e+00
   2.0170000e+03   7.0000000e+00   2.4000000e+01   1.8000000e+01   1.2000000e+01   0.0000000e+00   0.0000000e+00
   2.0170000e+03   7.0000000e+00   2.4000000e+01   1.8000000e+01   1.3000000e+01   0.0000000e+00   0.0000000e+00
   2.0170000e+03   7.0000000e+00   2.4000000e+01   1.8000000e+01   1.4000000e+01   0.0000000e+00   0.0000000e+00
   2.0170000e+03   7.0000000e+00   2.4000000e+01   1.8000000e+01   1.5000000e+01   0.0000000e+00   0.0000000e+00
   2.0170000e+03   7.0000000e+00   2.4000000e+01   1.8000000e+01   1.6000000e+01   0.0000000e+00   1.4999994e-01
   2.0170000e+03   7.0000000e+00   2.4000000e+01   1.8000000e+01   1.7000000e+01   0.0000000e+00   4.5000000e-01
   2.0170000e+03   7.0000000e+00   2.4000000e+01   1.8000000e+01   1.8000000e+01   0.0000000e+00   0.0000000e+00
   2.0170000e+03   7.0000000e+00   2.4000000e+01   1.8000000e+01   1.9000000e+01   0.0000000e+00   0.0000000e+00
   2.0170000e+03   7.0000000e+00   2.4000000e+01   1.8000000e+01   2.0000000e+01   0.0000000e+00   0.0000000e+00
   2.0170000e+03   7.0000000e+00   2.4000000e+01   1.8000000e+01   2.1000000e+01   0.0000000e+00   0.0000000e+00
   2.0170000e+03   7.0000000e+00   2.4000000e+01   1.8000000e+01   2.2000000e+01   0.0000000e+00   0.0000000e+00
   2.0170000e+03   7.0000000e+00   2.4000000e+01   1.8000000e+01   2.3000000e+01   0.0000000e+00   0.0000000e+00
   2.0170000e+03   7.0000000e+00   2.4000000e+01   1.8000000e+01   2.4000000e+01   0.0000000e+00   0.0000000e+00
   2.0170000e+03   7.0000000e+00   2.4000000e+01   1.8000000e+01   2.5000000e+01   0.0000000e+00   0.0000000e+00
   2.0170000e+03   7.0000000e+00   2.4000000e+01   1.8000000e+01   2.6000000e+01   0.0000000e+00   0.0000000e+00
   2.0170000e+03   7.0000000e+00   2.4000000e+01   1.8000000e+01   2.7000000e+01   0.0000000e+00   0.0000000e+00
   2.0170000e+03   7.0000000e+00   2.4000000e+01   1.8000000e+01   2.8000000e+01   0.0000000e+00   0.0000000e+00
   2.0170000e+03   7.0000000e+00   2.4000000e+01   1.8000000e+01   2.9000000e+01   0.0000000e+00   0.0000000e+00
   2.0170000e+03   7.0000000e+00   2.4000000e+01   1.8000000e+01   3.0000000e+01   0.0000000e+00   0.0000000e+00
   2.0170000e+03   7.0000000e+00   2.4000000e+01   1.8000000e+01   3.1000000e+01   0.0000000e+00   0.0000000e+00
   2.0170000e+03   7.0000000e+00   2.4000000e+01   1.8000000e+01   3.2000000e+01   0.0000000e+00   1.5000000e-01
   2.0170000e+03   7.0000000e+00   2.4000000e+01   1.8000000e+01   3.3000000e+01   0.0000000e+00   6.0000000e-01
   2.0170000e+03   7.0000000e+00   2.4000000e+01   1.8000000e+01   3.4000000e+01   0.0000000e+00   6.0000000e-01
   2.0170000e+03   7.0000000e+00   2.4000000e+01   1.8000000e+01   3.5000000e+01   0.0000000e+00   9.0000000e-01
   2.0170000e+03   7.0000000e+00   2.4000000e+01   1.8000000e+01   3.6000000e+01   0.0000000e+00   2.4000000e+00
   2.0170000e+03   7.0000000e+00   2.4000000e+01   1.8000000e+01   3.7000000e+01   0.0000000e+00   4.2000000e+00
   2.0170000e+03   7.0000000e+00   2.4000000e+01   1.8000000e+01   3.8000000e+01   0.0000000e+00   3.5999998e+00
   2.0170000e+03   7.0000000e+00   2.4000000e+01   1.8000000e+01   3.9000000e+01   0.0000000e+00   1.8000000e+00
   2.0170000e+03   7.0000000e+00   2.4000000e+01   1.8000000e+01   4.0000000e+01   0.0000000e+00   1.5000000e+00
   2.0170000e+03   7.0000000e+00   2.4000000e+01   1.8000000e+01   4.1000000e+01   0.0000000e+00   6.0000000e-01
   2.0170000e+03   7.0000000e+00   2.4000000e+01   1.8000000e+01   4.2000000e+01   0.0000000e+00   7.5000000e-01
   2.0170000e+03   7.0000000e+00   2.4000000e+01   1.8000000e+01   4.3000000e+01   0.0000000e+00   1.0500000e+00
   2.0170000e+03   7.0000000e+00   2.4000000e+01   1.8000000e+01   4.4000000e+01   0.0000000e+00   1.1999998e+00
   2.0170000e+03   7.0000000e+00   2.4000000e+01   1.8000000e+01   4.5000000e+01   0.0000000e+00   4.5000000e+00
   2.0170000e+03   7.0000000e+00   2.4000000e+01   1.8000000e+01   4.6000000e+01   0.0000000e+00   9.9000000e+00
   2.0170000e+03   7.0000000e+00   2.4000000e+01   1.8000000e+01   4.7000000e+01   0.0000000e+00   1.1250000e+01
   2.0170000e+03   7.0000000e+00   2.4000000e+01   1.8000000e+01   4.8000000e+01   0.0000000e+00   6.3000000e+00
   2.0170000e+03   7.0000000e+00   2.4000000e+01   1.8000000e+01   4.9000000e+01   0.0000000e+00   3.1500000e+00
   2.0170000e+03   7.0000000e+00   2.4000000e+01   1.8000000e+01   5.0000000e+01   0.0000000e+00   1.6500000e+00
   2.0170000e+03   7.0000000e+00   2.4000000e+01   1.8000000e+01   5.1000000e+01   0.0000000e+00   1.0500000e+00
   2.0170000e+03   7.0000000e+00   2.4000000e+01   1.8000000e+01   5.2000000e+01   0.0000000e+00   6.0000000e-01
   2.0170000e+03   7.0000000e+00   2.4000000e+01   1.8000000e+01   5.3000000e+01   0.0000000e+00   6.0000000e-01
   2.0170000e+03   7.0000000e+00   2.4000000e+01   1.8000000e+01   5.4000000e+01   0.0000000e+00   6.0000000e-01
   2.0170000e+03   7.0000000e+00   2.4000000e+01   1.8000000e+01   5.5000000e+01   0.0000000e+00   4.4999994e-01
   2.0170000e+03   7.0000000e+00   2.4000000e+01   1.8000000e+01   5.6000000e+01   0.0000000e+00   1.5000000e-01
   2.0170000e+03   7.0000000e+00   2.4000000e+01   1.8000000e+01   5.7000000e+01   0.0000000e+00   4.5000002e-01
   2.0170000e+03   7.0000000e+00   2.4000000e+01   1.8000000e+01   5.8000000e+01   0.0000000e+00   0.0000000e+00
   2.0170000e+03   7.0000000e+00   2.4000000e+01   1.8000000e+01   5.9000000e+01   0.0000000e+00   0.0000000e+00
   2.0170000e+03   7.0000000e+00   2.4000000e+01   1.9000000e+01   0.0000000e+00   0.0000000e+00   1.4999998e-01
   2.0170000e+03   7.0000000e+00   2.4000000e+01   1.9000000e+01   1.0000000e+00   0.0000000e+00   4.5000006e-01
   2.0170000e+03   7.0000000e+00   2.4000000e+01   1.9000000e+01   2.0000000e+00   0.0000000e+00   0.0000000e+00
   2.0170000e+03   7.0000000e+00   2.4000000e+01   1.9000000e+01   3.0000000e+00   0.0000000e+00   0.0000000e+00
   2.0170000e+03   7.0000000e+00   2.4000000e+01   1.9000000e+01   4.0000000e+00   0.0000000e+00   0.0000000e+00
   2.0170000e+03   7.0000000e+00   2.4000000e+01   1.9000000e+01   5.0000000e+00   0.0000000e+00   1.5000000e-01
   2.0170000e+03   7.0000000e+00   2.4000000e+01   1.9000000e+01   6.0000000e+00   0.0000000e+00   4.5000000e-01
   2.0170000e+03   7.0000000e+00   2.4000000e+01   1.9000000e+01   7.0000000e+00   0.0000000e+00   0.0000000e+00
   2.0170000e+03   7.0000000e+00   2.4000000e+01   1.9000000e+01   8.0000000e+00   0.0000000e+00   0.0000000e+00
   2.0170000e+03   7.0000000e+00   2.4000000e+01   1.9000000e+01   9.0000000e+00   0.0000000e+00   0.0000000e+00
   2.0170000e+03   7.0000000e+00   2.4000000e+01   1.9000000e+01   1.0000000e+01   0.0000000e+00   0.0000000e+00
   2.0170000e+03   7.0000000e+00   2.4000000e+01   1.9000000e+01   1.1000000e+01   0.0000000e+00   0.0000000e+00
   2.0170000e+03   7.0000000e+00   2.4000000e+01   1.9000000e+01   1.2000000e+01   0.0000000e+00   0.0000000e+00
   2.0170000e+03   7.0000000e+00   2.4000000e+01   1.9000000e+01   1.3000000e+01   0.0000000e+00   0.0000000e+00
   2.0170000e+03   7.0000000e+00   2.4000000e+01   1.9000000e+01   1.4000000e+01   0.0000000e+00   0.0000000e+00
   2.0170000e+03   7.0000000e+00   2.4000000e+01   1.9000000e+01   1.5000000e+01   0.0000000e+00   0.0000000e+00
   2.0170000e+03   7.0000000e+00   2.4000000e+01   1.9000000e+01   1.6000000e+01   0.0000000e+00   0.0000000e+00
   2.0170000e+03   7.0000000e+00   2.4000000e+01   1.9000000e+01   1.7000000e+01   0.0000000e+00   0.0000000e+00
   2.0170000e+03   7.0000000e+00   2.4000000e+01   1.9000000e+01   1.8000000e+01   0.0000000e+00   0.0000000e+00
   2.0170000e+03   7.0000000e+00   2.4000000e+01   1.9000000e+01   1.9000000e+01   0.0000000e+00   0.0000000e+00
   2.0170000e+03   7.0000000e+00   2.4000000e+01   1.9000000e+01   2.0000000e+01   0.0000000e+00   0.0000000e+00
   2.0170000e+03   7.0000000e+00   2.4000000e+01   1.9000000e+01   2.1000000e+01   0.0000000e+00   0.0000000e+00
   2.0170000e+03   7.0000000e+00   2.4000000e+01   1.9000000e+01   2.2000000e+01   0.0000000e+00   1.5000002e-01
   2.0170000e+03   7.0000000e+00   2.4000000e+01   1.9000000e+01   2.3000000e+01   0.0000000e+00   4.4999994e-01
   2.0170000e+03   7.0000000e+00   2.4000000e+01   1.9000000e+01   2.4000000e+01   0.0000000e+00   0.0000000e+00
   2.0170000e+03   7.0000000e+00   2.4000000e+01   1.9000000e+01   2.5000000e+01   0.0000000e+00   0.0000000e+00
   2.0170000e+03   7.0000000e+00   2.4000000e+01   1.9000000e+01   2.6000000e+01   0.0000000e+00   0.0000000e+00
   2.0170000e+03   7.0000000e+00   2.4000000e+01   1.9000000e+01   2.7000000e+01   0.0000000e+00   0.0000000e+00
   2.0170000e+03   7.0000000e+00   2.4000000e+01   1.9000000e+01   2.8000000e+01   0.0000000e+00   0.0000000e+00
   2.0170000e+03   7.0000000e+00   2.4000000e+01   1.9000000e+01   2.9000000e+01   0.0000000e+00   0.0000000e+00
   2.0170000e+03   7.0000000e+00   2.4000000e+01   1.9000000e+01   3.0000000e+01   0.0000000e+00   0.0000000e+00