   2.0170000e+03   7.0000000e+00   2.4000000e+01   0.0000000e+00   0.0000000e+00   0.0000000e+00   5.35764985314426
   2.0170000e+03   7.0000000e+00   2.4000000e+01   0.0000000e+00   1.0000000e+00   0.0000000e+00   5.12930912104683
   2.0170000e+03   7.0000000e+00   2.4000000e+01   0.0000000e+00   2.0000000e+00   0.0000000e+00   4.85772028893802
   2.0170000e+03   7.0000000e+00   2.4000000e+01   0.0000000e+00   3.0000000e+00   0.0000000e+00   4.16210360669982
   2.0170000e+03   7.0000000e+00   2.4000000e+01   0.0000000e+00   4.0000000e+00   0.0000000e+00   4.27541742057877
   2.0170000e+03   7.0000000e+00   2.4000000e+01   0.0000000e+00   5.0000000e+00   0.0000000e+00   4.90811195940216
   2.0170000e+03   7.0000000e+00   2.4000000e+01   0.0000000e+00   6.0000000e+00   0.0000000e+00   0.186702009586056
   2.0170000e+03   7.0000000e+00   2.4000000e+01   0.0000000e+00   7.0000000e+00   0.0000000e+00   2.15401467991520
   2.0170000e+03   7.0000000e+00   2.4000000e+01   0.0000000e+00   8.0000000e+00   0.0000000e+00   0.0123218556216482
   2.0170000e+03   7.0000000e+00   2.4000000e+01   0.0000000e+00   9.0000000e+00   0.0000000e+00   0.609229657661857
   2.0170000e+03   7.0000000e+00   2.4000000e+01   0.0000000e+00   1.0000000e+01   0.0000000e+00   1.52054876982371
   2.0170000e+03   7.0000000e+00   2.4000000e+01   0.0000000e+00   1.1000000e+01   0.0000000e+00   6.97675749697697
   2.0170000e+03   7.0000000e+00   2.4000000e+01   0.0000000e+00   1.2000000e+01   0.0000000e+00   6.16849382122379
   2.0170000e+03   7.0000000e+00   2.4000000e+01   0.0000000e+00   1.3000000e+01   0.0000000e+00   3.05848988938866
   2.0170000e+03   7.0000000e+00   2.4000000e+01   0.0000000e+00   1.4000000e+01   0.0000000e+00   0.756183374774835
   2.0170000e+03   7.0000000e+00   2.4000000e+01   0.0000000e+00   1.5000000e+01   0.0000000e+00   0
   2.0170000e+03   7.0000000e+00   2.4000000e+01   0.0000000e+00   1.6000000e+01   0.0000000e+00   0
   2.0170000e+03   7.0000000e+00   2.4000000e+01   0.0000000e+00   1.7000000e+01   0.0000000e+00   0
   2.0170000e+03   7.0000000e+00   2.4000000e+01   0.0000000e+00   1.8000000e+01   0.0000000e+00   0
   2.0170000e+03   7.0000000e+00   2.4000000e+01   0.0000000e+00   1.9000000e+01   0.0000000e+00   0
   2.0170000e+03   7.0000000e+00   2.4000000e+01   0.0000000e+00   2.0000000e+01   0.0000000e+00   0
   2.0170000e+03   7.0000000e+00   2.4000000e+01   0.0000000e+00   2.1000000e+01   0.0000000e+00   0.704646098336123
   2.0170000e+03   7.0000000e+00   2.4000000e+01   0.0000000e+00   2.2000000e+01   0.0000000e+00   0
   2.0170000e+03   7.0000000e+00   2.4000000e+01   0.0000000e+00   2.3000000e+01   0.0000000e+00   0
   2.0170000e+03   7.0000000e+00   2.4000000e+01   0.0000000e+00   2.4000000e+01   0.0000000e+00   0
   2.0170000e+03   7.0000000e+00   2.4000000e+01   0.0000000e+00   2.5000000e+01   0.0000000e+00   0
   2.0170000e+03   7.0000000e+00   2.4000000e+01   0.0000000e+00   2.6000000e+01   0.0000000e+00   0
   2.0170000e+03   7.0000000e+00   2.4000000e+01   0.0000000e+00   2.7000000e+01   0.0000000e+00   0
   2.0170000e+03   7.0000000e+00   2.4000000e+01   0.0000000e+00   2.8000000e+01   0.0000000e+00   0
   2.0170000e+03   7.0000000e+00   2.4000000e+01   0.0000000e+00   2.9000000e+01   0.0000000e+00   0
   2.0170000e+03   7.0000000e+00   2.4000000e+01   0.0000000e+00   3.0000000e+01   0.0000000e+00   0
   2.0170000e+03   7.0000000e+00   2.4000000e+01   0.0000000e+00   3.1000000e+01   0.0000000e+00   0
   2.0170000e+03   7.0000000e+00   2.4000000e+01   0.0000000e+00   3.2000000e+01   0.0000000e+00   0
   2.0170000e+03   7.0000000e+00   2.4000000e+01   0.0000000e+00   3.3000000e+01   0.0000000e+00   0
   2.0170000e+03   7.0000000e+00   2.4000000e+01   0.0000000e+00   3.4000000e+01   0.0000000e+00   0
   2.0170000e+03   7.0000000e+00   2.4000000e+01   0.0000000e+00   3.5000000e+01   0.0000000e+00   0
   2.0170000e+03   7.0000000e+00   2.4000000e+01   0.0000000e+00   3.6000000e+01   0.0000000e+00   0
   2.0170000e+03   7.0000000e+00   2.4000000e+01   0.0000000e+00   3.7000000e+01   0.0000000e+00   0
   2.0170000e+03   7.0000000e+00   2.4000000e+01   0.0000000e+00   3.8000000e+01   0.0000000e+00   0
   2.0170000e+03   7.0000000e+00   2.4000000e+01   0.0000000e+00   3.9000000e+01   0.0000000e+00   0
   2.0170000e+03   7.0000000e+00   2.4000000e+01   0.0000000e+00   4.0000000e+01   0.0000000e+00   0
   2.0170000e+03   7.0000000e+00   2.4000000e+01   0.0000000e+00   4.1000000e+01   0.0000000e+00   0
   2.0170000e+03   7.0000000e+00   2.4000000e+01   0.0000000e+00   4.2000000e+01   0.0000000e+00   0
   2.0170000e+03   7.0000000e+00   2.4000000e+01   0.0000000e+00   4.3000000e+01   0.0000000e+00   0
   2.0170000e+03   7.0000000e+00   2.4000000e+01   0.0000000e+00   4.4000000e+01   0.0000000e+00   0.537259215151452
   2.0170000e+03   7.0000000e+00   2.4000000e+01   0.0000000e+00   4.5000000e+01   0.0000000e+00   1.01500566423341
   2.0170000e+03   7.0000000e+00   2.4000000e+01   0.0000000e+00   4.6000000e+01   0.0000000e+00   0.929401021040000
   2.0170000e+03   7.0000000e+00   2.4000000e+01   0.0000000e+00   4.7000000e+01   0.0000000e+00   2.84824747356975
   2.0170000e+03   7.0000000e+00   2.4000000e+01   0.0000000e+00   4.8000000e+01   0.0000000e+00   1.22867262263593
   2.0170000e+03   7.0000000e+00   2.4000000e+01   0.0000000e+00   4.9000000e+01   0.0000000e+00   5.00069428813041
   2.0170000e+03   7.0000000e+00   2.4000000e+01   0.0000000e+00   5.0000000e+01   0.0000000e+00   2.31938982705253
   2.0170000e+03   7.0000000e+00   2.4000000e+01   0.0000000e+00   5.1000000e+01   0.0000000e+00   1.14049294911322
   2.0170000e+03   7.0000000e+00   2.4000000e+01   0.0000000e+00   5.2000000e+01   0.0000000e+00   3.38241989013824
   2.0170000e+03   7.0000000e+00   2.4000000e+01   0.0000000e+00   5.3000000e+01   0.0000000e+00   0.244260748001805
   2.0170000e+03   7.0000000e+00   2.4000000e+01   0.0000000e+00   5.4000000e+01   0.0000000e+00   4.31254499525606
   2.0170000e+03   7.0000000e+00   2.4000000e+01   0.0000000e+00   5.5000000e+01   0.0000000e+00   5.70023072164692
   2.0170000e+03   7.0000000e+00   2.4000000e+01   0.0000000e+00   5.6000000e+01   0.0000000e+00   5.99277509147299
   2.0170000e+03   7.0000000e+00   2.4000000e+01   0.0000000e+00   5.7000000e+01   0.0000000e+00   8.37406574661665
   2.0170000e+03   7.0000000e+00   2.4000000e+01   0.0000000e+00   5.8000000e+01   0.0000000e+00   5.34202249853171
   2.0170000e+03   7.0000000e+00   2.4000000e+01   0.0000000e+00   5.9000000e+01   0.0000000e+00   0.608895650248958
   2.0170000e+03   7.0000000e+00   2.4000000e+01   1.0000000e+00   0.0000000e+00   0.0000000e+00   0.655773400069125
   2.0170000e+03   7.0000000e+00   2.4000000e+01   1.0000000e+00   1.0000000e+00   0.0000000e+00   0
   2.0170000e+03   7.0000000e+00   2.4000000e+01   1.0000000e+00   2.0000000e+00   0.0000000e+00   0
   2.0170000e+03   7.0000000e+00   2.4000000e+01   1.0000000e+00   3.0000000e+00   0.0000000e+00   0
   2.0170000e+03   7.0000000e+00   2.4000000e+01   1.0000000e+00   4.0000000e+00   0.0000000e+00   0
   2.0170000e+03   7.0000000e+00   2.4000000e+01   1.0000000e+00   5.0000000e+00   0.0000000e+00   0
   2.0170000e+03   7.0000000e+00   2.4000000e+01   1.0000000e+00   6.0000000e+00   0.0000000e+00   0
   2.0170000e+03   7.0000000e+00   2.4000000e+01   1.0000000e+00   7.0000000e+00   0.0000000e+00   0
   2.0170000e+03   7.0000000e+00   2.4000000e+01   1.0000000e+00   8.0000000e+00   0.0000000e+00   0
   2.0170000e+03   7.0000000e+00   2.4000000e+01   1.0000000e+00   9.0000000e+00   0.0000000e+00   0
   2.0170000e+03   7.0000000e+00   2.4000000e+01   1.0000000e+00   1.0000000e+01   0.0000000e+00   0
   2.0170000e+03   7.0000000e+00   2.4000000e+01   1.0000000e+00   1.1000000e+01   0.0000000e+00   0
   2.0170000e+03   7.0000000e+00   2.4000000e+01   1.0000000e+00   1.2000000e+01   0.0000000e+00   0
   2.0170000e+03   7.0000000e+00   2.4000000e+01   1.0000000e+00   1.3000000e+01   0.0000000e+00   0
   2.0170000e+03   7.0000000e+00   2.4000000e+01   1.0000000e+00   1.4000000e+01   0.0000000e+00   0
   2.0170000e+03   7.0000000e+00   2.4000000e+01   1.0000000e+00   1.5000000e+01   0.0000000e+00   0
   2.0170000e+03   7.0000000e+00   2.4000000e+01   1.0000000e+00   1.6000000e+01   0.0000000e+00   0
   2.0170000e+03   7.0000000e+00   2.4000000e+01   1.0000000e+00   1.7000000e+01   0.0000000e+00   0
   2.0170000e+03   7.0000000e+00   2.4000000e+01   1.0000000e+00   1.8000000e+01   0.0000000e+00   0
   2.0170000e+03   7.0000000e+00   2.4000000e+01   1.0000000e+00   1.9000000e+01   0.0000000e+00   0
   2.0170000e+03   7.0000000e+00   2.4000000e+01   1.0000000e+00   2.0000000e+01   0.0000000e+00   0
   2.0170000e+03   7.0000000e+00   2.4000000e+01   1.0000000e+00   2.1000000e+01   0.0000000e+00   0
   2.0170000e+03   7.0000000e+00   2.4000000e+01   1.0000000e+00   2.2000000e+01   0.0000000e+00   0
   2.0170000e+03   7.0000000e+00   2.4000000e+01   1.0000000e+00   2.3000000e+01   0.0000000e+00   0.182039361858193
   2.0170000e+03   7.0000000e+00   2.4000000e+01   1.0000000e+00   2.4000000e+01   0.0000000e+00   0
   2.0170000e+03   7.0000000e+00   2.4000000e+01   1.0000000e+00   2.5000000e+01   0.0000000e+00   0.957085969782271
   2.0170000e+03   7.0000000e+00   2.4000000e+01   1.0000000e+00   2.6000000e+01   0.0000000e+00   4.58255808921047
   2.0170000e+03   7.0000000e+00   2.4000000e+01   1.0000000e+00   2.7000000e+01   0.0000000e+00   3.54518772910539
   2.0170000e+03   7.0000000e+00   2.4000000e+01   1.0000000e+00   2.8000000e+01   0.0000000e+00   5.93800930064326
   2.0170000e+03   7.0000000e+00   2.4000000e+01   1.0000000e+00   2.9000000e+01   0.0000000e+00   7.79227116329723
   2.0170000e+03   7.0000000e+00   2.4000000e+01   1.0000000e+00   3.0000000e+01   0.0000000e+00   1.89691849425369
   2.0170000e+03   7.0000000e+00   2.4000000e+01   1.0000000e+00   3.1000000e+01   0.0000000e+00   1.47096115980039
   2.0170000e+03   7.0000000e+00   2.4000000e+01   1.0000000e+00   3.2000000e+01   0.0000000e+00   0
   2.0170000e+03   7.0000000e+00   2.4000000e+01   1.0000000e+00   3.3000000e+01   0.0000000e+00   0
   2.0170000e+03   7.0000000e+00   2.4000000e+01   1.0000000e+00   3.4000000e+01   0.0000000e+00   0
   2.0170000e+03   7.0000000e+00   2.4000000e+01   1.0000000e+00   3.5000000e+01   0.0000000e+00   0
   2.0170000e+03   7.0000000e+00   2.4000000e+01   1.0000000e+00   3.6000000e+01   0.0000000e+00   0
   2.0170000e+03   7.0000000e+00   2.4000000e+01   1.0000000e+00   3.7000000e+01   0.0000000e+00   0.0320608879800216
   2.0170000e+03   7.0000000e+00   2.4000000e+01   1.0000000e+00   3.8000000e+01   0.0000000e+00   0.00641869870499554
   2.0170000e+03   7.0000000e+00   2.4000000e+01   1.0000000e+00   3.9000000e+01   0.0000000e+00   0
   2.0170000e+03   7.0000000e+00   2.4000000e+01   1.0000000e+00   4.0000000e+01   0.0000000e+00   0
   2.0170000e+03   7.0000000e+00   2.4000000e+01   1.0000000e+00   4.1000000e+01   0.0000000e+00   0
   2.0170000e+03   7.0000000e+00   2.4000000e+01   1.0000000e+00   4.2000000e+01   0.0000000e+00   0
   2.0170000e+03   7.0000000e+00   2.4000000e+01   1.0000000e+00   4.3000000e+01   0.0000000e+00   0.565726214932753
   2.0170000e+03   7.0000000e+00   2.4000000e+01   1.0000000e+00   4.4000000e+01   0.0000000e+00   3.39191814379888
   2.0170000e+03   7.0000000e+00   2.4000000e+01   1.0000000e+00   4.5000000e+01   0.0000000e+00   1.27597289694583
   2.0170000e+03   7.0000000e+00   2.4000000e+01   1.0000000e+00   4.6000000e+01   0.0000000e+00   0.0748829122249440
   2.0170000e+03   7.0000000e+00   2.4000000e+01   1.0000000e+00   4.7000000e+01   0.0000000e+00   0.00304432198604406
   2.0170000e+03   7.0000000e+00   2.4000000e+01   1.0000000e+00   4.8000000e+01   0.0000000e+00   0.640495461737114
   2.0170000e+03   7.0000000e+00   2.4000000e+01   1.0000000e+00   4.9000000e+01   0.0000000e+00   0.0205758024374569
   2.0170000e+03   7.0000000e+00   2.4000000e+01   1.0000000e+00   5.0000000e+01   0.0000000e+00   0
   2.0170000e+03   7.0000000e+00   2.4000000e+01   1.0000000e+00   5.1000000e+01   0.0000000e+00   0
   2.0170000e+03   7.0000000e+00   2.4000000e+01   1.0000000e+00   5.2000000e+01   0.0000000e+00   0
   2.0170000e+03   7.0000000e+00   2.4000000e+01   1.0000000e+00   5.3000000e+01   0.0000000e+00   0.0170441118376530
   2.0170000e+03   7.0000000e+00   2.4000000e+01   1.0000000e+00   5.4000000e+01   0.0000000e+00   1.24054320696804
   2.0170000e+03   7.0000000e+00   2.4000000e+01   1.0000000e+00   5.5000000e+01   0.0000000e+00   2.74008171776604
   2.0170000e+03   7.0000000e+00   2.4000000e+01   1.0000000e+00   5.6000000e+01   0.0000000e+00   6.11499665174213
   2.0170000e+03   7.0000000e+00   2.4000000e+01   1.0000000e+00   5.7000000e+01   0.0000000e+00   1.43016514881603
   2.0170000e+03   7.0000000e+00   2.4000000e+01   1.0000000e+00   5.8000000e+01   0.0000000e+00   0.431710483303406
   2.0170000e+03   7.0000000e+00   2.4000000e+01   1.0000000e+00   5.9000000e+01   0.0000000e+00   0.837259378666971
   2.0170000e+03   7.0000000e+00   2.4000000e+01   2.0000000e+00   0.0000000e+00   0.0000000e+00   5.47488479398683
   2.0170000e+03   7.0000000e+00   2.4000000e+01   2.0000000e+00   1.0000000e+00   0.0000000e+00   8.40884796793472
   2.0170000e+03   7.0000000e+00   2.4000000e+01   2.0000000e+00   2.0000000e+00   0.0000000e+00   8.62567394912851
   2.0170000e+03   7.0000000e+00   2.4000000e+01   2.0000000e+00   3.0000000e+00   0.0000000e+00   8.73445761820989
   2.0170000e+03   7.0000000e+00   2.4000000e+01   2.0000000e+00   4.0000000e+00   0.0000000e+00   10.3504377732985
   2.0170000e+03   7.0000000e+00   2.4000000e+01   2.0000000e+00   5.0000000e+00   0.0000000e+00   8.88816427585161
   2.0170000e+03   7.0000000e+00   2.4000000e+01   2.0000000e+00   6.0000000e+00   0.0000000e+00   10.8352276646158
   2.0170000e+03   7.0000000e+00   2.4000000e+01   2.0000000e+00   7.0000000e+00   0.0000000e+00   10.9684711808594
   2.0170000e+03   7.0000000e+00   2.4000000e+01   2.0000000e+00   8.0000000e+00   0.0000000e+00   8.41628067745431
   2.0170000e+03   7.0000000e+00   2.4000000e+01   2.0000000e+00   9.0000000e+00   0.0000000e+00   6.89043656742925
   2.0170000e+03   7.0000000e+00   2.4000000e+01   2.0000000e+00   1.0000000e+01   0.0000000e+00   6.03843948470616
   2.0170000e+03   7.0000000e+00   2.4000000e+01   2.0000000e+00   1.1000000e+01   0.0000000e+00   3.59421493530963
   2.0170000e+03   7.0000000e+00   2.4000000e+01   2.0000000e+00   1.2000000e+01   0.0000000e+00   2.50350862739412
   2.0170000e+03   7.0000000e+00   2.4000000e+01   2.0000000e+00   1.3000000e+01   0.0000000e+00   0.215710125915767
   2.0170000e+03   7.0000000e+00   2.4000000e+01   2.0000000e+00   1.4000000e+01   0.0000000e+00   0.409153935570517
   2.0170000e+03   7.0000000e+00   2.4000000e+01   2.0000000e+00   1.5000000e+01   0.0000000e+00   0.453633471986298
   2.0170000e+03   7.0000000e+00   2.4000000e+01   2.0000000e+00   1.6000000e+01   0.0000000e+00   0.736724654950763
   2.0170000e+03   7.0000000e+00   2.4000000e+01   2.0000000e+00   1.7000000e+01   0.0000000e+00   1.42378332335676
   2.0170000e+03   7.0000000e+00   2.4000000e+01   2.0000000e+00   1.8000000e+01   0.0000000e+00   2.34427412432961
   2.0170000e+03   7.0000000e+00   2.4000000e+01   2.0000000e+00   1.9000000e+01   0.0000000e+00   3.82766677602329
   2.0170000e+03   7.0000000e+00   2.4000000e+01   2.0000000e+00   2.0000000e+01   0.0000000e+00   3.69945473932927
   2.0170000e+03   7.0000000e+00   2.4000000e+01   2.0000000e+00   2.1000000e+01   0.0000000e+00   2.97144042548588
   2.0170000e+03   7.0000000e+00   2.4000000e+01   2.0000000e+00   2.2000000e+01   0.0000000e+00   7.13601204529085
   2.0170000e+03   7.0000000e+00   2.4000000e+01   2.0000000e+00   2.3000000e+01   0.0000000e+00   2.20024813644455
   2.0170000e+03   7.0000000e+00   2.4000000e+01   2.0000000e+00   2.4000000e+01   0.0000000e+00   2.14014063676035
   2.0170000e+03   7.0000000e+00   2.4000000e+01   2.0000000e+00   2.5000000e+01   0.0000000e+00   3.75148308926093
   2.0170000e+03   7.0000000e+00   2.4000000e+01   2.0000000e+00   2.6000000e+01   0.0000000e+00   3.78367086822964
   2.0170000e+03   7.0000000e+00   2.4000000e+01   2.0000000e+00   2.7000000e+01   0.0000000e+00   5.29734985431778
   2.0170000e+03   7.0000000e+00   2.4000000e+01   2.0000000e+00   2.8000000e+01   0.0000000e+00   6.39735998327210
   2.0170000e+03   7.0000000e+00   2.4000000e+01   2.0000000e+00   2.9000000e+01   0.0000000e+00   4.12835125951701
   2.0170000e+03   7.0000000e+00   2.4000000e+01   2.0000000e+00   3.0000000e+01   0.0000000e+00   2.25032610291135
   2.0170000e+03   7.0000000e+00   2.4000000e+01   2.0000000e+00   3.1000000e+01   0.0000000e+00   1.72300984238381
   2.0170000e+03   7.0000000e+00   2.4000000e+01   2.0000000e+00   3.2000000e+01   0.0000000e+00   0.415588697899585
   2.0170000e+03   7.0000000e+00   2.4000000e+01   2.0000000e+00   3.3000000e+01   0.0000000e+00   1.61553275938269
   2.0170000e+03   7.0000000e+00   2.4000000e+01   2.0000000e+00   3.4000000e+01   0.0000000e+00   0.320872508382127
   2.0170000e+03   7.0000000e+00   2.4000000e+01   2.0000000e+00   3.5000000e+01   0.0000000e+00   2.27015799699234
   2.0170000e+03   7.0000000e+00   2.4000000e+01   2.0000000e+00   3.6000000e+01   0.0000000e+00   7.73726604726724
   2.0170000e+03   7.0000000e+00   2.4000000e+01   2.0000000e+00   3.7000000e+01   0.0000000e+00   10.3659298682783
   2.0170000e+03   7.0000000e+00   2.4000000e+01   2.0000000e+00   3.8000000e+01   0.0000000e+00   7.56375237821028
   2.0170000e+03   7.0000000e+00   2.4000000e+01   2.0000000e+00   3.9000000e+01   0.0000000e+00   7.88036852432334
   2.0170000e+03   7.0000000e+00   2.4000000e+01   2.0000000e+00   4.0000000e+01   0.0000000e+00   3.85960313809751
   2.0170000e+03   7.0000000e+00   2.4000000e+01   2.0000000e+00   4.1000000e+01   0.0000000e+00   5.52305573937324
   2.0170000e+03   7.0000000e+00   2.4000000e+01   2.0000000e+00   4.2000000e+01   0.0000000e+00   5.06868540765373
   2.0170000e+03   7.0000000e+00   2.4000000e+01   2.0000000e+00   4.3000000e+01   0.0000000e+00   1.60560792793623
   2.0170000e+03   7.0000000e+00   2.4000000e+01   2.0000000e+00   4.4000000e+01   0.0000000e+00   0.505531746735715
   2.0170000e+03   7.0000000e+00   2.4000000e+01   2.0000000e+00   4.5000000e+01   0.0000000e+00   0.0908866564404958
   2.0170000e+03   7.0000000e+00   2.4000000e+01   2.0000000e+00   4.6000000e+01   0.0000000e+00   0.304816839218533
   2.0170000e+03   7.0000000e+00   2.4000000e+01   2.0000000e+00   4.7000000e+01   0.0000000e+00   1.87441430750904
   2.0170000e+03   7.0000000e+00   2.4000000e+01   2.0000000e+00   4.8000000e+01   0.0000000e+00   1.19100556532934
   2.0170000e+03   7.0000000e+00   2.4000000e+01   2.0000000e+00   4.9000000e+01   0.0000000e+00   1.06056964368892
   2.0170000e+03   7.0000000e+00   2.4000000e+01   2.0000000e+00   5.0000000e+01   0.0000000e+00   3.09489731082351
   2.0170000e+03   7.0000000e+00   2.4000000e+01   2.0000000e+00   5.1000000e+01   0.0000000e+00   0.847726699765454
   2.0170000e+03   7.0000000e+00   2.4000000e+01   2.0000000e+00   5.2000000e+01   0.0000000e+00   1.67975682960057
   2.0170000e+03   7.0000000e+00   2.4000000e+01   2.0000000e+00   5.3000000e+01   0.0000000e+00   0.366938410350767
   2.0170000e+03   7.0000000e+00   2.4000000e+01   2.0000000e+00   5.4000000e+01   0.0000000e+00   0.0505694104457237
   2.0170000e+03   7.0000000e+00   2.4000000e+01   2.0000000e+00   5.5000000e+01   0.0000000e+00   0
   2.0170000e+03   7.0000000e+00   2.4000000e+01   2.0000000e+00   5.6000000e+01   0.0000000e+00   0
   2.0170000e+03   7.0000000e+00   2.4000000e+01   2.0000000e+00   5.7000000e+01   0.0000000e+00   0
   2.0170000e+03   7.0000000e+00   2.4000000e+01   2.0000000e+00   5.8000000e+01   0.0000000e+00   0
   2.0170000e+03   7.0000000e+00   2.4000000e+01   2.0000000e+00   5.9000000e+01   0.0000000e+00   0
   2.0170000e+03   7.0000000e+00   2.4000000e+01   3.0000000e+00   0.0000000e+00   0.0000000e+00   0
   2.0170000e+03   7.0000000e+00   2.4000000e+01   3.0000000e+00   1.0000000e+00   0.0000000e+00   0
   2.0170000e+03   7.0000000e+00   2.4000000e+01   3.0000000e+00   2.0000000e+00   0.0000000e+00   0
   2.0170000e+03   7.0000000e+00   2.4000000e+01   3.0000000e+00   3.0000000e+00   0.0000000e+00   0
   2.0170000e+03   7.0000000e+00   2.4000000e+01   3.0000000e+00   4.0000000e+00   0.0000000e+00   0
   2.0170000e+03   7.0000000e+00   2.4000000e+01   3.0000000e+00   5.0000000e+00   0.0000000e+00   0
   2.0170000e+03   7.0000000e+00   2.4000000e+01   3.0000000e+00   6.0000000e+00   0.0000000e+00   0
   2.0170000e+03   7.0000000e+00   2.4000000e+01   3.0000000e+00   7.0000000e+00   0.0000000e+00   0
   2.0170000e+03   7.0000000e+00   2.4000000e+01   3.0000000e+00   8.0000000e+00   0.0000000e+00   0.0536584201874030
   2.0170000e+03   7.0000000e+00   2.4000000e+01   3.0000000e+00   9.0000000e+00   0.0000000e+00   0
   2.0170000e+03   7.0000000e+00   2.4000000e+01   3.0000000e+00   1.0000000e+01   0.0000000e+00   0
   2.0170000e+03   7.0000000e+00   2.4000000e+01   3.0000000e+00   1.1000000e+01   0.0000000e+00   0
   2.0170000e+03   7.0000000e+00   2.4000000e+01   3.0000000e+00   1.2000000e+01   0.0000000e+00   0
   2.0170000e+03   7.0000000e+00   2.4000000e+01   3.0000000e+00   1.3000000e+01   0.0000000e+00   0
   2.0170000e+03   7.0000000e+00   2.4000000e+01   3.0000000e+00   1.4000000e+01   0.0000000e+00   0
   2.0170000e+03   7.0000000e+00   2.4000000e+01   3.0000000e+00   1.5000000e+01   0.0000000e+00   0
   2.0170000e+03   7.0000000e+00   2.4000000e+01   3.0000000e+00   1.6000000e+01   0.0000000e+00   0
   2.0170000e+03   7.0000000e+00   2.4000000e+01   3.0000000e+00   1.7000000e+01   0.0000000e+00   0
   2.0170000e+03   7.0000000e+00   2.4000000e+01   3.0000000e+00   1.8000000e+01   0.0000000e+00   0
   2.0170000e+03   7.0000000e+00   2.4000000e+01   3.0000000e+00   1.9000000e+01   0.0000000e+00   0
   2.0170000e+03   7.0000000e+00   2.4000000e+01   3.0000000e+00   2.0000000e+01   0.0000000e+00   0
   2.0170000e+03   7.0000000e+00   2.4000000e+01   3.0000000e+00   2.1000000e+01   0.0000000e+00   0
   2.0170000e+03   7.0000000e+00   2.4000000e+01   3.0000000e+00   2.2000000e+01   0.0000000e+00   0
   2.0170000e+03   7.0000000e+00   2.4000000e+01   3.0000000e+00   2.3000000e+01   0.0000000e+00   0.0887650963184312
   2.0170000e+03   7.0000000e+00   2.4000000e+01   3.0000000e+00   2.4000000e+01   0.0000000e+00   0.452473253350594
   2.0170000e+03   7.0000000e+00   2.4000000e+01   3.0000000e+00   2.5000000e+01   0.0000000e+00   2.59100878492525
   2.0170000e+03   7.0000000e+00   2.4000000e+01   3.0000000e+00   2.6000000e+01   0.0000000e+00   2.11799964811685
   2.0170000e+03   7.0000000e+00   2.4000000e+01   3.0000000e+00   2.7000000e+01   0.0000000e+00   2.00365764849643
   2.0170000e+03   7.0000000e+00   2.4000000e+01   3.0000000e+00   2.8000000e+01   0.0000000e+00   5.75232028898622
   2.0170000e+03   7.0000000e+00   2.4000000e+01   3.0000000e+00   2.9000000e+01   0.0000000e+00   4.04123421705519
   2.0170000e+03   7.0000000e+00   2.4000000e+01   3.0000000e+00   3.0000000e+01   0.0000000e+00   6.52620329771440
   2.0170000e+03   7.0000000e+00   2.4000000e+01   3.0000000e+00   3.1000000e+01   0.0000000e+00   8.75392478008677
   2.0170000e+03   7.0000000e+00   2.4000000e+01   3.0000000e+00   3.2000000e+01   0.0000000e+00   2.03593071318666
   2.0170000e+03   7.0000000e+00   2.4000000e+01   3.0000000e+00   3.3000000e+01   0.0000000e+00   2.38199225601707
   2.0170000e+03   7.0000000e+00   2.4000000e+01   3.0000000e+00   3.4000000e+01   0.0000000e+00   5.10874235780180
   2.0170000e+03   7.0000000e+00   2.4000000e+01   3.0000000e+00   3.5000000e+01   0.0000000e+00   2.07892536408472
   2.0170000e+03   7.0000000e+00   2.4000000e+01   3.0000000e+00   3.6000000e+01   0.0000000e+00   3.37684435341488
   2.0170000e+03   7.0000000e+00   2.4000000e+01   3.0000000e+00   3.7000000e+01   0.0000000e+00   2.71021582896346
   2.0170000e+03   7.0000000e+00   2.4000000e+01   3.0000000e+00   3.8000000e+01   0.0000000e+00   1.61443377563836
   2.0170000e+03   7.0000000e+00   2.4000000e+01   3.0000000e+00   3.9000000e+01   0.0000000e+00   5.38037813303227
   2.0170000e+03   7.0000000e+00   2.4000000e+01   3.0000000e+00   4.0000000e+01   0.0000000e+00   7.23551788052926
   2.0170000e+03   7.0000000e+00   2.4000000e+01   3.0000000e+00   4.1000000e+01   0.0000000e+00   2.72775689530932
   2.0170000e+03   7.0000000e+00   2.4000000e+01   3.0000000e+00   4.2000000e+01   0.0000000e+00   3.48531248770098
   2.0170000e+03   7.0000000e+00   2.4000000e+01   3.0000000e+00   4.3000000e+01   0.0000000e+00   6.03071448585960
   2.0170000e+03   7.0000000e+00   2.4000000e+01   3.0000000e+00   4.4000000e+01   0.0000000e+00   1.71644511153403
   2.0170000e+03   7.0000000e+00   2.4000000e+01   3.0000000e+00   4.5000000e+01   0.0000000e+00   0.00484303633794916
   2.0170000e+03   7.0000000e+00   2.4000000e+01   3.0000000e+00   4.6000000e+01   0.0000000e+00   0
   2.0170000e+03   7.0000000e+00   2.4000000e+01   3.0000000e+00   4.7000000e+01   0.0000000e+00   0
   2.0170000e+03   7.0000000e+00   2.4000000e+01   3.0000000e+00   4.8000000e+01   0.0000000e+00   0
   2.0170000e+03   7.0000000e+00   2.4000000e+01   3.0000000e+00   4.9000000e+01   0.0000000e+00   0
   2.0170000e+03   7.0000000e+00   2.4000000e+01   3.0000000e+00   5.0000000e+01   0.0000000e+00   0
   2.0170000e+03   7.0000000e+00   2.4000000e+01   3.0000000e+00   5.1000000e+01   0.0000000e+00   0
   2.0170000e+03   7.0000000e+00   2.4000000e+01   3.0000000e+00   5.2000000e+01   0.0000000e+00   0
   2.0170000e+03   7.0000000e+00   2.4000000e+01   3.0000000e+00   5.3000000e+01   0.0000000e+00   0
   2.0170000e+03   7.0000000e+00   2.4000000e+01   3.0000000e+00   5.4000000e+01   0.0000000e+00   0.00247001591491050
   2.0170000e+03   7.0000000e+00   2.4000000e+01   3.0000000e+00   5.5000000e+01   0.0000000e+00   0
   2.0170000e+03   7.0000000e+00   2.4000000e+01   3.0000000e+00   5.6000000e+01   0.0000000e+00   0
   2.0170000e+03   7.0000000e+00   2.4000000e+01   3.0000000e+00   5.7000000e+01   0.0000000e+00   0
   2.0170000e+03   7.0000000e+00   2.4000000e+01   3.0000000e+00   5.8000000e+01   0.0000000e+00   0.0687027582588448
   2.0170000e+03   7.0000000e+00   2.4000000e+01   3.0000000e+00   5.9000000e+01   0.0000000e+00   0
   2.0170000e+03   7.0000000e+00   2.4000000e+01   4.0000000e+00   0.0000000e+00   0.0000000e+00   0
   2.0170000e+03   7.0000000e+00   2.4000000e+01   4.0000000e+00   1.0000000e+00   0.0000000e+00   0
   2.0170000e+03   7.0000000e+00   2.4000000e+01   4.0000000e+00   2.0000000e+00   0.0000000e+00   0
   2.0170000e+03   7.0000000e+00   2.4000000e+01   4.0000000e+00   3.0000000e+00   0.0000000e+00   0
   2.0170000e+03   7.0000000e+00   2.4000000e+01   4.0000000e+00   4.0000000e+00   0.0000000e+00   0
   2.0170000e+03   7.0000000e+00   2.4000000e+01   4.0000000e+00   5.0000000e+00   0.0000000e+00   0
   2.0170000e+03   7.0000000e+00   2.4000000e+01   4.0000000e+00   6.0000000e+00   0.0000000e+00   0
   2.0170000e+03   7.0000000e+00   2.4000000e+01   4.0000000e+00   7.0000000e+00   0.0000000e+00   0.0180221473728177
   2.0170000e+03   7.0000000e+00   2.4000000e+01   4.0000000e+00   8.0000000e+00   0.0000000e+00   0.109907249093983
   2.0170000e+03   7.0000000e+00   2.4000000e+01   4.0000000e+00   9.0000000e+00   0.0000000e+00   0.0118624313396622
   2.0170000e+03   7.0000000e+00   2.4000000e+01   4.0000000e+00   1.0000000e+01   0.0000000e+00   0
   2.0170000e+03   7.0000000e+00   2.4000000e+01   4.0000000e+00   1.1000000e+01   0.0000000e+00   0.361661566860130
   2.0170000e+03   7.0000000e+00   2.4000000e+01   4.0000000e+00   1.2000000e+01   0.0000000e+00   0.854503313846413
   2.0170000e+03   7.0000000e+00   2.4000000e+01   4.0000000e+00   1.3000000e+01   0.0000000e+00   0.0201229522562114
   2.0170000e+03   7.0000000e+00   2.4000000e+01   4.0000000e+00   1.4000000e+01   0.0000000e+00   1.64828921767850
   2.0170000e+03   7.0000000e+00   2.4000000e+01   4.0000000e+00   1.5000000e+01   0.0000000e+00   4.04423316919715
   2.0170000e+03   7.0000000e+00   2.4000000e+01   4.0000000e+00   1.6000000e+01   0.0000000e+00   8.14580883516795
   2.0170000e+03   7.0000000e+00   2.4000000e+01   4.0000000e+00   1.7000000e+01   0.0000000e+00   1.99362958475420
   2.0170000e+03   7.0000000e+00   2.4000000e+01   4.0000000e+00   1.8000000e+01   0.0000000e+00   7.52041134593987
   2.0170000e+03   7.0000000e+00   2.4000000e+01   4.0000000e+00   1.9000000e+01   0.0000000e+00   8.47703620574539
   2.0170000e+03   7.0000000e+00   2.4000000e+01   4.0000000e+00   2.0000000e+01   0.0000000e+00   12.1665712677438
   2.0170000e+03   7.0000000e+00   2.4000000e+01   4.0000000e+00   2.1000000e+01   0.0000000e+00   14.1560872215054
   2.0170000e+03   7.0000000e+00   2.4000000e+01   4.0000000e+00   2.2000000e+01   0.0000000e+00   12.7108453632980
   2.0170000e+03   7.0000000e+00   2.4000000e+01   4.0000000e+00   2.3000000e+01   0.0000000e+00   8.95617712654171
   2.0170000e+03   7.0000000e+00   2.4000000e+01   4.0000000e+00   2.4000000e+01   0.0000000e+00   16.6976596601796
   2.0170000e+03   7.0000000e+00   2.4000000e+01   4.0000000e+00   2.5000000e+01   0.0000000e+00   15.0788365999504
   2.0170000e+03   7.0000000e+00   2.4000000e+01   4.0000000e+00   2.6000000e+01   0.0000000e+00   7.21277542220791
   2.0170000e+03   7.0000000e+00   2.4000000e+01   4.0000000e+00   2.7000000e+01   0.0000000e+00   4.21632205356213
   2.0170000e+03   7.0000000e+00   2.4000000e+01   4.0000000e+00   2.8000000e+01   0.0000000e+00   9.00833799259796
   2.0170000e+03   7.0000000e+00   2.4000000e+01   4.0000000e+00   2.9000000e+01   0.0000000e+00   5.25971033376414
   2.0170000e+03   7.0000000e+00   2.4000000e+01   4.0000000e+00   3.0000000e+01   0.0000000e+00   0.832109107803435
   2.0170000e+03   7.0000000e+00   2.4000000e+01   4.0000000e+00   3.1000000e+01   0.0000000e+00   0.608404172428007
   2.0170000e+03   7.0000000e+00   2.4000000e+01   4.0000000e+00   3.2000000e+01   0.0000000e+00   3.80834005550812
   2.0170000e+03   7.0000000e+00   2.4000000e+01   4.0000000e+00   3.3000000e+01   0.0000000e+00   4.53354773654818
   2.0170000e+03   7.0000000e+00   2.4000000e+01   4.0000000e+00   3.4000000e+01   0.0000000e+00   1.75050614290908
   2.0170000e+03   7.0000000e+00   2.4000000e+01   4.0000000e+00   3.5000000e+01   0.0000000e+00   2.91058022317001
   2.0170000e+03   7.0000000e+00   2.4000000e+01   4.0000000e+00   3.6000000e+01   0.0000000e+00   1.46431688735489
   2.0170000e+03   7.0000000e+00   2.4000000e+01   4.0000000e+00   3.7000000e+01   0.0000000e+00   0
   2.0170000e+03   7.0000000e+00   2.4000000e+01   4.0000000e+00   3.8000000e+01   0.0000000e+00   0.138567017863612
   2.0170000e+03   7.0000000e+00   2.4000000e+01   4.0000000e+00   3.9000000e+01   0.0000000e+00   0.779115831126996
   2.0170000e+03   7.0000000e+00   2.4000000e+01   4.0000000e+00   4.0000000e+01   0.0000000e+00   0.241416270448898
   2.0170000e+03   7.0000000e+00   2.4000000e+01   4.0000000e+00   4.1000000e+01   0.0000000e+00   0
   2.0170000e+03   7.0000000e+00   2.4000000e+01   4.0000000e+00   4.2000000e+01   0.0000000e+00   0.312453879555496
   2.0170000e+03   7.0000000e+00   2.4000000e+01   4.0000000e+00   4.3000000e+01   0.0000000e+00   2.30049775374912
   2.0170000e+03   7.0000000e+00   2.4000000e+01   4.0000000e+00   4.4000000e+01   0.0000000e+00   0.839064321258232
   2.0170000e+03   7.0000000e+00   2.4000000e+01   4.0000000e+00   4.5000000e+01   0.0000000e+00   1.04253508609954
   2.0170000e+03   7.0000000e+00   2.4000000e+01   4.0000000e+00   4.6000000e+01   0.0000000e+00   0.0542416766455218
   2.0170000e+03   7.0000000e+00   2.4000000e+01   4.0000000e+00   4.7000000e+01   0.0000000e+00   3.48873823512527
   2.0170000e+03   7.0000000e+00   2.4000000e+01   4.0000000e+00   4.8000000e+01   0.0000000e+00   2.99632436378654
   2.0170000e+03   7.0000000e+00   2.4000000e+01   4.0000000e+00   4.9000000e+01   0.0000000e+00   1.04231714194626
   2.0170000e+03   7.0000000e+00   2.4000000e+01   4.0000000e+00   5.0000000e+01   0.0000000e+00   2.09966951218052
   2.0170000e+03   7.0000000e+00   2.4000000e+01   4.0000000e+00   5.1000000e+01   0.0000000e+00   2.64324400650868
   2.0170000e+03   7.0000000e+00   2.4000000e+01   4.0000000e+00   5.2000000e+01   0.0000000e+00   0.667249109477499
   2.0170000e+03   7.0000000e+00   2.4000000e+01   4.0000000e+00   5.3000000e+01   0.0000000e+00   0.994578616425290
   2.0170000e+03   7.0000000e+00   2.4000000e+01   4.0000000e+00   5.4000000e+01   0.0000000e+00   2.42425843867238
   2.0170000e+03   7.0000000e+00   2.4000000e+01   4.0000000e+00   5.5000000e+01   0.0000000e+00   0.751959635290609
   2.0170000e+03   7.0000000e+00   2.4000000e+01   4.0000000e+00   5.6000000e+01   0.0000000e+00   1.25087949685456
   2.0170000e+03   7.0000000e+00   2.4000000e+01   4.0000000e+00   5.7000000e+01   0.0000000e+00   0.0165220386411142
   2.0170000e+03   7.0000000e+00   2.4000000e+01   4.0000000e+00   5.8000000e+01   0.0000000e+00   0.245377387414998
   2.0170000e+03   7.0000000e+00   2.4000000e+01   4.0000000e+00   5.9000000e+01   0.0000000e+00   1.12314572972104
   2.0170000e+03   7.0000000e+00   2.4000000e+01   5.0000000e+00   0.0000000e+00   0.0000000e+00   0.192943576430024
   2.0170000e+03   7.0000000e+00   2.4000000e+01   5.0000000e+00   1.0000000e+00   0.0000000e+00   0.0145072178342657
   2.0170000e+03   7.0000000e+00   2.4000000e+01   5.0000000e+00   2.0000000e+00   0.0000000e+00   0.0642915028927880
   2.0170000e+03   7.0000000e+00   2.4000000e+01   5.0000000e+00   3.0000000e+00   0.0000000e+00   0.594484153989563
   2.0170000e+03   7.0000000e+00   2.4000000e+01   5.0000000e+00   4.0000000e+00   0.0000000e+00   0.148448422074016
   2.0170000e+03   7.0000000e+00   2.4000000e+01   5.0000000e+00   5.0000000e+00   0.0000000e+00   1.39525114708971
   2.0170000e+03   7.0000000e+00   2.4000000e+01   5.0000000e+00   6.0000000e+00   0.0000000e+00   2.44073628338463
   2.0170000e+03   7.0000000e+00   2.4000000e+01   5.0000000e+00   7.0000000e+00   0.0000000e+00   1.49139930787884
   2.0170000e+03   7.0000000e+00   2.4000000e+01   5.0000000e+00   8.0000000e+00   0.0000000e+00   0.0837569941503109
   2.0170000e+03   7.0000000e+00   2.4000000e+01   5.0000000e+00   9.0000000e+00   0.0000000e+00   0.351670308748545
   2.0170000e+03   7.0000000e+00   2.4000000e+01   5.0000000e+00   1.0000000e+01   0.0000000e+00   0.374257136864610
   2.0170000e+03   7.0000000e+00   2.4000000e+01   5.0000000e+00   1.1000000e+01   0.0000000e+00   6.32438417732607
   2.0170000e+03   7.0000000e+00   2.4000000e+01   5.0000000e+00   1.2000000e+01   0.0000000e+00   5.05440156113888
   2.0170000e+03   7.0000000e+00   2.4000000e+01   5.0000000e+00   1.3000000e+01   0.0000000e+00   10.1160373958095
   2.0170000e+03   7.0000000e+00   2.4000000e+01   5.0000000e+00   1.4000000e+01   0.0000000e+00   13.1255428936232
   2.0170000e+03   7.0000000e+00   2.4000000e+01   5.0000000e+00   1.5000000e+01   0.0000000e+00   12.1030089901596
   2.0170000e+03   7.0000000e+00   2.4000000e+01   5.0000000e+00   1.6000000e+01   0.0000000e+00   3.26746522077577
   2.0170000e+03   7.0000000e+00   2.4000000e+01   5.0000000e+00   1.7000000e+01   0.0000000e+00   8.24850604530649
   2.0170000e+03   7.0000000e+00   2.4000000e+01   5.0000000e+00   1.8000000e+01   0.0000000e+00   17.7139185820633
   2.0170000e+03   7.0000000e+00   2.4000000e+01   5.0000000e+00   1.9000000e+01   0.0000000e+00   23.8584301167054
   2.0170000e+03   7.0000000e+00   2.4000000e+01   5.0000000e+00   2.0000000e+01   0.0000000e+00   14.3454842574643
   2.0170000e+03   7.0000000e+00   2.4000000e+01   5.0000000e+00   2.1000000e+01   0.0000000e+00   21.2893136299580
   2.0170000e+03   7.0000000e+00   2.4000000e+01   5.0000000e+00   2.2000000e+01   0.0000000e+00   13.9244511490117
   2.0170000e+03   7.0000000e+00   2.4000000e+01   5.0000000e+00   2.3000000e+01   0.0000000e+00   15.9344831630619
   2.0170000e+03   7.0000000e+00   2.4000000e+01   5.0000000e+00   2.4000000e+01   0.0000000e+00   22.0783465693003
   2.0170000e+03   7.0000000e+00   2.4000000e+01   5.0000000e+00   2.5000000e+01   0.0000000e+00   21.2676015351501
   2.0170000e+03   7.0000000e+00   2.4000000e+01   5.0000000e+00   2.6000000e+01   0.0000000e+00   9.80599527734964
   2.0170000e+03   7.0000000e+00   2.4000000e+01   5.0000000e+00   2.7000000e+01   0.0000000e+00   5.56519344660747
   2.0170000e+03   7.0000000e+00   2.4000000e+01   5.0000000e+00   2.8000000e+01   0.0000000e+00   5.82244624712115
   2.0170000e+03   7.0000000e+00   2.4000000e+01   5.0000000e+00   2.9000000e+01   0.0000000e+00   1.32333984308755
   2.0170000e+03   7.0000000e+00   2.4000000e+01   5.0000000e+00   3.0000000e+01   0.0000000e+00   0
   2.0170000e+03   7.0000000e+00   2.4000000e+01   5.0000000e+00   3.1000000e+01   0.0000000e+00   0
   2.0170000e+03   7.0000000e+00   2.4000000e+01   5.0000000e+00   3.2000000e+01   0.0000000e+00   0.0666408628739242
   2.0170000e+03   7.0000000e+00   2.4000000e+01   5.0000000e+00   3.3000000e+01   0.0000000e+00   0
   2.0170000e+03   7.0000000e+00   2.4000000e+01   5.0000000e+00   3.4000000e+01   0.0000000e+00   0
   2.0170000e+03   7.0000000e+00   2.4000000e+01   5.0000000e+00   3.5000000e+01   0.0000000e+00   0
   2.0170000e+03   7.0000000e+00   2.4000000e+01   5.0000000e+00   3.6000000e+01   0.0000000e+00   0
   2.0170000e+03   7.0000000e+00   2.4000000e+01   5.0000000e+00   3.7000000e+01   0.0000000e+00   0.000639524685867222
   2.0170000e+03   7.0000000e+00   2.4000000e+01   5.0000000e+00   3.8000000e+01   0.0000000e+00   0
   2.0170000e+03   7.0000000e+00   2.4000000e+01   5.0000000e+00   3.9000000e+01   0.0000000e+00   0
   2.0170000e+03   7.0000000e+00   2.4000000e+01   5.0000000e+00   4.0000000e+01   0.0000000e+00   0.121452386247400
   2.0170000e+03   7.0000000e+00   2.4000000e+01   5.0000000e+00   4.1000000e+01   0.0000000e+00   1.16821729923101
   2.0170000e+03   7.0000000e+00   2.4000000e+01   5.0000000e+00   4.2000000e+01   0.0000000e+00   0.834309533747179
   2.0170000e+03   7.0000000e+00   2.4000000e+01   5.0000000e+00   4.3000000e+01   0.0000000e+00   1.74997687853291
   2.0170000e+03   7.0000000e+00   2.4000000e+01   5.0000000e+00   4.4000000e+01   0.0000000e+00   5.17273541247160
   2.0170000e+03   7.0000000e+00   2.4000000e+01   5.0000000e+00   4.5000000e+01   0.0000000e+00   8.52269621263224
   2.0170000e+03   7.0000000e+00   2.4000000e+01   5.0000000e+00   4.6000000e+01   0.0000000e+00   3.70675072027557
   2.0170000e+03   7.0000000e+00   2.4000000e+01   5.0000000e+00   4.7000000e+01   0.0000000e+00   1.96306541383337
   2.0170000e+03   7.0000000e+00   2.4000000e+01   5.0000000e+00   4.8000000e+01   0.0000000e+00   2.58846006559002
   2.0170000e+03   7.0000000e+00   2.4000000e+01   5.0000000e+00   4.9000000e+01   0.0000000e+00   0.597160946861925
   2.0170000e+03   7.0000000e+00   2.4000000e+01   5.0000000e+00   5.0000000e+01   0.0000000e+00   0.00274847202779218
   2.0170000e+03   7.0000000e+00   2.4000000e+01   5.0000000e+00   5.1000000e+01   0.0000000e+00   0.143125047982964
   2.0170000e+03   7.0000000e+00   2.4000000e+01   5.0000000e+00   5.2000000e+01   0.0000000e+00   0.00145297384292008
   2.0170000e+03   7.0000000e+00   2.4000000e+01   5.0000000e+00   5.3000000e+01   0.0000000e+00   0
   2.0170000e+03   7.0000000e+00   2.4000000e+01   5.0000000e+00   5.4000000e+01   0.0000000e+00   0
   2.0170000e+03   7.0000000e+00   2.4000000e+01   5.0000000e+00   5.5000000e+01   0.0000000e+00   0
   2.0170000e+03   7.0000000e+00   2.4000000e+01   5.0000000e+00   5.6000000e+01   0.0000000e+00   0
   2.0170000e+03   7.0000000e+00   2.4000000e+01   5.0000000e+00   5.7000000e+01   0.0000000e+00   0
   2.0170000e+03   7.0000000e+00   2.4000000e+01   5.0000000e+00   5.8000000e+01   0.0000000e+00   0
   2.0170000e+03   7.0000000e+00   2.4000000e+01   5.0000000e+00   5.9000000e+01   0.0000000e+00   0
   2.0170000e+03   7.0000000e+00   2.4000000e+01   6.0000000e+00   0.0000000e+00   0.0000000e+00   0
   2.0170000e+03   7.0000000e+00   2.4000000e+01   6.0000000e+00   1.0000000e+00   0.0000000e+00   0
   2.0170000e+03   7.0000000e+00   2.4000000e+01   6.0000000e+00   2.0000000e+00   0.0000000e+00   0
   2.0170000e+03   7.0000000e+00   2.4000000e+01   6.0000000e+00   3.0000000e+00   0.0000000e+00   0
   2.0170000e+03   7.0000000e+00   2.4000000e+01   6.0000000e+00   4.0000000e+00   0.0000000e+00   0
   2.0170000e+03   7.0000000e+00   2.4000000e+01   6.0000000e+00   5.0000000e+00   0.0000000e+00   0
   2.0170000e+03   7.0000000e+00   2.4000000e+01   6.0000000e+00   6.0000000e+00   0.0000000e+00   0
   2.0170000e+03   7.0000000e+00   2.4000000e+01   6.0000000e+00   7.0000000e+00   0.0000000e+00   0
   2.0170000e+03   7.0000000e+00   2.4000000e+01   6.0000000e+00   8.0000000e+00   0.0000000e+00   0
   2.0170000e+03   7.0000000e+00   2.4000000e+01   6.0000000e+00   9.0000000e+00   0.0000000e+00   2.52567057142373
   2.0170000e+03   7.0000000e+00   2.4000000e+01   6.0000000e+00   1.0000000e+01   0.0000000e+00   3.71543750318071
   2.0170000e+03   7.0000000e+00   2.4000000e+01   6.0000000e+00   1.1000000e+01   0.0000000e+00   3.78079252468534
   2.0170000e+03   7.0000000e+00   2.4000000e+01   6.0000000e+00   1.2000000e+01   0.0000000e+00   2.20642628662152
   2.0170000e+03   7.0000000e+00   2.4000000e+01   6.0000000e+00   1.3000000e+01   0.0000000e+00   4.79517539838361
   2.0170000e+03   7.0000000e+00   2.4000000e+01   6.0000000e+00   1.4000000e+01   0.0000000e+00   1.34447299570124
   2.0170000e+03   7.0000000e+00   2.4000000e+01   6.0000000e+00   1.5000000e+01   0.0000000e+00   1.82020531709074
   2.0170000e+03   7.0000000e+00   2.4000000e+01   6.0000000e+00   1.6000000e+01   0.0000000e+00   0.377968249626321
   2.0170000e+03   7.0000000e+00   2.4000000e+01   6.0000000e+00   1.7000000e+01   0.0000000e+00   1.82530772339688
   2.0170000e+03   7.0000000e+00   2.4000000e+01   6.0000000e+00   1.8000000e+01   0.0000000e+00   0.987273590159441
   2.0170000e+03   7.0000000e+00   2.4000000e+01   6.0000000e+00   1.9000000e+01   0.0000000e+00   3.14660421668674
   2.0170000e+03   7.0000000e+00   2.4000000e+01   6.0000000e+00   2.0000000e+01   0.0000000e+00   7.16301520805713
   2.0170000e+03   7.0000000e+00   2.4000000e+01   6.0000000e+00   2.1000000e+01   0.0000000e+00   6.89020572185431
   2.0170000e+03   7.0000000e+00   2.4000000e+01   6.0000000e+00   2.2000000e+01   0.0000000e+00   14.8803174396423
   2.0170000e+03   7.0000000e+00   2.4000000e+01   6.0000000e+00   2.3000000e+01   0.0000000e+00   15.3668362091186
   2.0170000e+03   7.0000000e+00   2.4000000e+01   6.0000000e+00   2.4000000e+01   0.0000000e+00   8.49421324890009
   2.0170000e+03   7.0000000e+00   2.4000000e+01   6.0000000e+00   2.5000000e+01   0.0000000e+00   3.88247804296426
   2.0170000e+03   7.0000000e+00   2.4000000e+01   6.0000000e+00   2.6000000e+01   0.0000000e+00   11.9221366641419
   2.0170000e+03   7.0000000e+00   2.4000000e+01   6.0000000e+00   2.7000000e+01   0.0000000e+00   10.2240154237757
   2.0170000e+03   7.0000000e+00   2.4000000e+01   6.0000000e+00   2.8000000e+01   0.0000000e+00   19.4708102112232
   2.0170000e+03   7.0000000e+00   2.4000000e+01   6.0000000e+00   2.9000000e+01   0.0000000e+00   10.3697124651653
   2.0170000e+03   7.0000000e+00   2.4000000e+01   6.0000000e+00   3.0000000e+01   0.0000000e+00   8.24509965497650
   2.0170000e+03   7.0000000e+00   2.4000000e+01   6.0000000e+00   3.1000000e+01   0.0000000e+00   4.57402339365962
   2.0170000e+03   7.0000000e+00   2.4000000e+01   6.0000000e+00   3.2000000e+01   0.0000000e+00   4.78679097506418
   2.0170000e+03   7.0000000e+00   2.4000000e+01   6.0000000e+00   3.3000000e+01   0.0000000e+00   3.93160873816787
   2.0170000e+03   7.0000000e+00   2.4000000e+01   6.0000000e+00   3.4000000e+01   0.0000000e+00   2.51963119488274
   2.0170000e+03   7.0000000e+00   2.4000000e+01   6.0000000e+00   3.5000000e+01   0.0000000e+00   4.36412512818415
   2.0170000e+03   7.0000000e+00   2.4000000e+01   6.0000000e+00   3.6000000e+01   0.0000000e+00   2.78395344167355
   2.0170000e+03   7.0000000e+00   2.4000000e+01   6.0000000e+00   3.7000000e+01   0.0000000e+00   5.60197764930602
   2.0170000e+03   7.0000000e+00   2.4000000e+01   6.0000000e+00   3.8000000e+01   0.0000000e+00   3.10705127679675
   2.0170000e+03   7.0000000e+00   2.4000000e+01   6.0000000e+00   3.9000000e+01   0.0000000e+00   0.642384308801211