   2.0170000e+03   7.0000000e+00   2.4000000e+01   7.0000000e+00   0.0000000e+00   0.0000000e+00   0.0000000e+00
   2.0170000e+03   7.0000000e+00   2.4000000e+01   7.0000000e+00   1.0000000e+00   0.0000000e+00   0.0000000e+00
   2.0170000e+03   7.0000000e+00   2.4000000e+01   7.0000000e+00   2.0000000e+00   0.0000000e+00   0.0000000e+00
   2.0170000e+03   7.0000000e+00   2.4000000e+01   7.0000000e+00   3.0000000e+00   0.0000000e+00   0.0000000e+00
   2.0170000e+03   7.0000000e+00   2.4000000e+01   7.0000000e+00   4.0000000e+00   0.0000000e+00   0.0000000e+00
   2.0170000e+03   7.0000000e+00   2.4000000e+01   7.0000000e+00   5.0000000e+00   0.0000000e+00   0.0000000e+00
   2.0170000e+03   7.0000000e+00   2.4000000e+01   7.0000000e+00   6.0000000e+00   0.0000000e+00   0.0000000e+00
   2.0170000e+03   7.0000000e+00   2.4000000e+01   7.0000000e+00   7.0000000e+00   0.0000000e+00   0.0000000e+00
   2.0170000e+03   7.0000000e+00   2.4000000e+01   7.0000000e+00   8.0000000e+00   0.0000000e+00   0.0000000e+00
   2.0170000e+03   7.0000000e+00   2.4000000e+01   7.0000000e+00   9.0000000e+00   0.0000000e+00   0.0000000e+00
   2.0170000e+03   7.0000000e+00   2.4000000e+01   7.0000000e+00   1.0000000e+01   0.0000000e+00   0.0000000e+00
   2.0170000e+03   7.0000000e+00   2.4000000e+01   7.0000000e+00   1.1000000e+01   0.0000000e+00   0.0000000e+00
   2.0170000e+03   7.0000000e+00   2.4000000e+01   7.0000000e+00   1.2000000e+01   0.0000000e+00   0.0000000e+00
   2.0170000e+03   7.0000000e+00   2.4000000e+01   7.0000000e+00   1.3000000e+01   0.0000000e+00   0.0000000e+00
   2.0170000e+03   7.0000000e+00   2.4000000e+01   7.0000000e+00   1.4000000e+01   0.0000000e+00   0.0000000e+00
   2.0170000e+03   7.0000000e+00   2.4000000e+01   7.0000000e+00   1.5000000e+01   0.0000000e+00   0.0000000e+00
   2.0170000e+03   7.0000000e+00   2.4000000e+01   7.0000000e+00   1.6000000e+01   0.0000000e+00   0.0000000e+00
   2.0170000e+03   7.0000000e+00   2.4000000e+01   7.0000000e+00   1.7000000e+01   0.0000000e+00   0.0000000e+00
   2.0170000e+03   7.0000000e+00   2.4000000e+01   7.0000000e+00   1.8000000e+01   0.0000000e+00   0.0000000e+00
   2.0170000e+03   7.0000000e+00   2.4000000e+01   7.0000000e+00   1.9000000e+01   0.0000000e+00   0.0000000e+00
   2.0170000e+03   7.0000000e+00   2.4000000e+01   7.0000000e+00   2.0000000e+01   0.0000000e+00   0.0000000e+00
   2.0170000e+03   7.0000000e+00   2.4000000e+01   7.0000000e+00   2.1000000e+01   0.0000000e+00   0.0000000e+00
   2.0170000e+03   7.0000000e+00   2.4000000e+01   7.0000000e+00   2.2000000e+01   0.0000000e+00   0.0000000e+00
   2.0170000e+03   7.0000000e+00   2.4000000e+01   7.0000000e+00   2.3000000e+01   0.0000000e+00   0.0000000e+00
   2.0170000e+03   7.0000000e+00   2.4000000e+01   7.0000000e+00   2.4000000e+01   0.0000000e+00   0.0000000e+00
   2.0170000e+03   7.0000000e+00   2.4000000e+01   7.0000000e+00   2.5000000e+01   0.0000000e+00   0.0000000e+00
   2.0170000e+03   7.0000000e+00   2.4000000e+01   7.0000000e+00   2.6000000e+01   0.0000000e+00   0.0000000e+00
   2.0170000e+03   7.0000000e+00   2.4000000e+01   7.0000000e+00   2.7000000e+01   0.0000000e+00   0.0000000e+00
   2.0170000e+03   7.0000000e+00   2.4000000e+01   7.0000000e+00   2.8000000e+01   0.0000000e+00   0.0000000e+00
   2.0170000e+03   7.0000000e+00   2.4000000e+01   7.0000000e+00   2.9000000e+01   0.0000000e+00   0.0000000e+00
   2.0170000e+03   7.0000000e+00   2.4000000e+01   7.0000000e+00   3.0000000e+01   0.0000000e+00   0.0000000e+00
   2.0170000e+03   7.0000000e+00   2.4000000e+01   7.0000000e+00   3.1000000e+01   0.0000000e+00   0.0000000e+00
   2.0170000e+03   7.0000000e+00   2.4000000e+01   7.0000000e+00   3.2000000e+01   0.0000000e+00   0.0000000e+00
   2.0170000e+03   7.0000000e+00   2.4000000e+01   7.0000000e+00   3.3000000e+01   0.0000000e+00   0.0000000e+00
   2.0170000e+03   7.0000000e+00   2.4000000e+01   7.0000000e+00   3.4000000e+01   0.0000000e+00   0.0000000e+00
   2.0170000e+03   7.0000000e+00   2.4000000e+01   7.0000000e+00   3.5000000e+01   0.0000000e+00   0.0000000e+00
   2.0170000e+03   7.0000000e+00   2.4000000e+01   7.0000000e+00   3.6000000e+01   0.0000000e+00   0.0000000e+00
   2.0170000e+03   7.0000000e+00   2.4000000e+01   7.0000000e+00   3.7000000e+01   0.0000000e+00   0.0000000e+00
   2.0170000e+03   7.0000000e+00   2.4000000e+01   7.0000000e+00   3.8000000e+01   0.0000000e+00   0.0000000e+00
   2.0170000e+03   7.0000000e+00   2.4000000e+01   7.0000000e+00   3.9000000e+01   0.0000000e+00   0.0000000e+00
   2.0170000e+03   7.0000000e+00   2.4000000e+01   7.0000000e+00   4.0000000e+01   0.0000000e+00   0.0000000e+00
   2.0170000e+03   7.0000000e+00   2.4000000e+01   7.0000000e+00   4.1000000e+01   0.0000000e+00   0.0000000e+00
   2.0170000e+03   7.0000000e+00   2.4000000e+01   7.0000000e+00   4.2000000e+01   0.0000000e+00   0.0000000e+00
   2.0170000e+03   7.0000000e+00   2.4000000e+01   7.0000000e+00   4.3000000e+01   0.0000000e+00   0.0000000e+00
   2.0170000e+03   7.0000000e+00   2.4000000e+01   7.0000000e+00   4.4000000e+01   0.0000000e+00   0.0000000e+00
   2.0170000e+03   7.0000000e+00   2.4000000e+01   7.0000000e+00   4.5000000e+01   0.0000000e+00   0.0000000e+00
   2.0170000e+03   7.0000000e+00   2.4000000e+01   7.0000000e+00   4.6000000e+01   0.0000000e+00   0.0000000e+00
   2.0170000e+03   7.0000000e+00   2.4000000e+01   7.0000000e+00   4.7000000e+01   0.0000000e+00   0.0000000e+00
   2.0170000e+03   7.0000000e+00   2.4000000e+01   7.0000000e+00   4.8000000e+01   0.0000000e+00   0.0000000e+00
   2.0170000e+03   7.0000000e+00   2.4000000e+01   7.0000000e+00   4.9000000e+01   0.0000000e+00   0.0000000e+00
   2.0170000e+03   7.0000000e+00   2.4000000e+01   7.0000000e+00   5.0000000e+01   0.0000000e+00   0.0000000e+00
   2.0170000e+03   7.0000000e+00   2.4000000e+01   7.0000000e+00   5.1000000e+01   0.0000000e+00   9.5999997e-01
   2.0170000e+03   7.0000000e+00   2.4000000e+01   7.0000000e+00   5.2000000e+01   0.0000000e+00   2.1600000e+00
   2.0170000e+03   7.0000000e+00   2.4000000e+01   7.0000000e+00   5.3000000e+01   0.0000000e+00   1.9200000e+00
   2.0170000e+03   7.0000000e+00   2.4000000e+01   7.0000000e+00   5.4000000e+01   0.0000000e+00   1.8000000e+00
   2.0170000e+03   7.0000000e+00   2.4000000e+01   7.0000000e+00   5.5000000e+01   0.0000000e+00   1.3200000e+00
   2.0170000e+03   7.0000000e+00   2.4000000e+01   7.0000000e+00   5.6000000e+01   0.0000000e+00   7.2000000e-01
   2.0170000e+03   7.0000000e+00   2.4000000e+01   7.0000000e+00   5.7000000e+01   0.0000000e+00   1.0800000e+00
   2.0170000e+03   7.0000000e+00   2.4000000e+01   7.0000000e+00   5.8000000e+01   0.0000000e+00   1.6800001e+00
   2.0170000e+03   7.0000000e+00   2.4000000e+01   7.0000000e+00   5.9000000e+01   0.0000000e+00   1.3200000e+00
   2.0170000e+03   7.0000000e+00   2.4000000e+01   8.0000000e+00   0.0000000e+00   0.0000000e+00   7.2000000e-01
   2.0170000e+03   7.0000000e+00   2.4000000e+01   8.0000000e+00   1.0000000e+00   0.0000000e+00   6.0000000e-01
   2.0170000e+03   7.0000000e+00   2.4000000e+01   8.0000000e+00   2.0000000e+00   0.0000000e+00   1.2000002e-01
   2.0170000e+03   7.0000000e+00   2.4000000e+01   8.0000000e+00   3.0000000e+00   0.0000000e+00   4.8000000e-01
   2.0170000e+03   7.0000000e+00   2.4000000e+01   8.0000000e+00   4.0000000e+00   0.0000000e+00   6.0000000e-01
   2.0170000e+03   7.0000000e+00   2.4000000e+01   8.0000000e+00   5.0000000e+00   0.0000000e+00   1.2000002e-01
   2.0170000e+03   7.0000000e+00   2.4000000e+01   8.0000000e+00   6.0000000e+00   0.0000000e+00   4.8000000e-01
   2.0170000e+03   7.0000000e+00   2.4000000e+01   8.0000000e+00   7.0000000e+00   0.0000000e+00   1.2000000e-01
   2.0170000e+03   7.0000000e+00   2.4000000e+01   8.0000000e+00   8.0000000e+00   0.0000000e+00   1.4400000e+00
   2.0170000e+03   7.0000000e+00   2.4000000e+01   8.0000000e+00   9.0000000e+00   0.0000000e+00   1.3200000e+00
   2.0170000e+03   7.0000000e+00   2.4000000e+01   8.0000000e+00   1.0000000e+01   0.0000000e+00   7.2000000e-01
   2.0170000e+03   7.0000000e+00   2.4000000e+01   8.0000000e+00   1.1000000e+01   0.0000000e+00   1.0800000e+00
   2.0170000e+03   7.0000000e+00   2.4000000e+01   8.0000000e+00   1.2000000e+01   0.0000000e+00   2.3999988e-01
   2.0170000e+03   7.0000000e+00   2.4000000e+01   8.0000000e+00   1.3000000e+01   0.0000000e+00   4.8000002e-01
   2.0170000e+03   7.0000000e+00   2.4000000e+01   8.0000000e+00   1.4000000e+01   0.0000000e+00   1.2000000e-01
   2.0170000e+03   7.0000000e+00   2.4000000e+01   8.0000000e+00   1.5000000e+01   0.0000000e+00   0.0000000e+00
   2.0170000e+03   7.0000000e+00   2.4000000e+01   8.0000000e+00   1.6000000e+01   0.0000000e+00   4.8000002e-01
   2.0170000e+03   7.0000000e+00   2.4000000e+01   8.0000000e+00   1.7000000e+01   0.0000000e+00   1.2000000e-01
   2.0170000e+03   7.0000000e+00   2.4000000e+01   8.0000000e+00   1.8000000e+01   0.0000000e+00   0.0000000e+00
   2.0170000e+03   7.0000000e+00   2.4000000e+01   8.0000000e+00   1.9000000e+01   0.0000000e+00   0.0000000e+00
   2.0170000e+03   7.0000000e+00   2.4000000e+01   8.0000000e+00   2.0000000e+01   0.0000000e+00   4.8000000e-01
   2.0170000e+03   7.0000000e+00   2.4000000e+01   8.0000000e+00   2.1000000e+01   0.0000000e+00   6.0000000e-01
   2.0170000e+03   7.0000000e+00   2.4000000e+01   8.0000000e+00   2.2000000e+01   0.0000000e+00   6.0000000e-01
   2.0170000e+03   7.0000000e+00   2.4000000e+01   8.0000000e+00   2.3000000e+01   0.0000000e+00   6.0000000e-01
   2.0170000e+03   7.0000000e+00   2.4000000e+01   8.0000000e+00   2.4000000e+01   0.0000000e+00   1.0800000e+00
   2.0170000e+03   7.0000000e+00   2.4000000e+01   8.0000000e+00   2.5000000e+01   0.0000000e+00   7.2000000e-01
   2.0170000e+03   7.0000000e+00   2.4000000e+01   8.0000000e+00   2.6000000e+01   0.0000000e+00   6.0000000e-01
   2.0170000e+03   7.0000000e+00   2.4000000e+01   8.0000000e+00   2.7000000e+01   0.0000000e+00   1.1999998e-01
   2.0170000e+03   7.0000000e+00   2.4000000e+01   8.0000000e+00   2.8000000e+01   0.0000000e+00   0.0000000e+00
   2.0170000e+03   7.0000000e+00   2.4000000e+01   8.0000000e+00   2.9000000e+01   0.0000000e+00   4.8000006e-01
   2.0170000e+03   7.0000000e+00   2.4000000e+01   8.0000000e+00   3.0000000e+01   0.0000000e+00   1.1999998e-01
   2.0170000e+03   7.0000000e+00   2.4000000e+01   8.0000000e+00   3.1000000e+01   0.0000000e+00   0.0000000e+00
   2.0170000e+03   7.0000000e+00   2.4000000e+01   8.0000000e+00   3.2000000e+01   0.0000000e+00   4.8000006e-01
   2.0170000e+03   7.0000000e+00   2.4000000e+01   8.0000000e+00   3.3000000e+01   0.0000000e+00   1.1999998e-01
   2.0170000e+03   7.0000000e+00   2.4000000e+01   8.0000000e+00   3.4000000e+01   0.0000000e+00   0.0000000e+00
   2.0170000e+03   7.0000000e+00   2.4000000e+01   8.0000000e+00   3.5000000e+01   0.0000000e+00   0.0000000e+00
   2.0170000e+03   7.0000000e+00   2.4000000e+01   8.0000000e+00   3.6000000e+01   0.0000000e+00   0.0000000e+00
   2.0170000e+03   7.0000000e+00   2.4000000e+01   8.0000000e+00   3.7000000e+01   0.0000000e+00   0.0000000e+00
   2.0170000e+03   7.0000000e+00   2.4000000e+01   8.0000000e+00   3.8000000e+01   0.0000000e+00   0.0000000e+00
   2.0170000e+03   7.0000000e+00   2.4000000e+01   8.0000000e+00   3.9000000e+01   0.0000000e+00   0.0000000e+00
   2.0170000e+03   7.0000000e+00   2.4000000e+01   8.0000000e+00   4.0000000e+01   0.0000000e+00   0.0000000e+00
   2.0170000e+03   7.0000000e+00   2.4000000e+01   8.0000000e+00   4.1000000e+01   0.0000000e+00   4.8000000e-01
   2.0170000e+03   7.0000000e+00   2.4000000e+01   8.0000000e+00   4.2000000e+01   0.0000000e+00   1.2000000e-01
   2.0170000e+03   7.0000000e+00   2.4000000e+01   8.0000000e+00   4.3000000e+01   0.0000000e+00   4.8000006e-01
   2.0170000e+03   7.0000000e+00   2.4000000e+01   8.0000000e+00   4.4000000e+01   0.0000000e+00   6.0000000e-01
   2.0170000e+03   7.0000000e+00   2.4000000e+01   8.0000000e+00   4.5000000e+01   0.0000000e+00   1.2000000e-01
   2.0170000e+03   7.0000000e+00   2.4000000e+01   8.0000000e+00   4.6000000e+01   0.0000000e+00   0.0000000e+00
   2.0170000e+03   7.0000000e+00   2.4000000e+01   8.0000000e+00   4.7000000e+01   0.0000000e+00   0.0000000e+00
   2.0170000e+03   7.0000000e+00   2.4000000e+01   8.0000000e+00   4.8000000e+01   0.0000000e+00   4.8000000e-01
   2.0170000e+03   7.0000000e+00   2.4000000e+01   8.0000000e+00   4.9000000e+01   0.0000000e+00   1.0799999e+00
   2.0170000e+03   7.0000000e+00   2.4000000e+01   8.0000000e+00   5.0000000e+01   0.0000000e+00   2.6400000e+00
   2.0170000e+03   7.0000000e+00   2.4000000e+01   8.0000000e+00   5.1000000e+01   0.0000000e+00   2.5200000e+00
   2.0170000e+03   7.0000000e+00   2.4000000e+01   8.0000000e+00   5.2000000e+01   0.0000000e+00   2.4000000e+00
   2.0170000e+03   7.0000000e+00   2.4000000e+01   8.0000000e+00   5.3000000e+01   0.0000000e+00   3.3600000e+00
   2.0170000e+03   7.0000000e+00   2.4000000e+01   8.0000000e+00   5.4000000e+01   0.0000000e+00   5.5200000e+00
   2.0170000e+03   7.0000000e+00   2.4000000e+01   8.0000000e+00   5.5000000e+01   0.0000000e+00   5.0400000e+00
   2.0170000e+03   7.0000000e+00   2.4000000e+01   8.0000000e+00   5.6000000e+01   0.0000000e+00   5.7600000e+00
   2.0170000e+03   7.0000000e+00   2.4000000e+01   8.0000000e+00   5.7000000e+01   0.0000000e+00   6.0000000e+00
   2.0170000e+03   7.0000000e+00   2.4000000e+01   8.0000000e+00   5.8000000e+01   0.0000000e+00   4.0799999e+00
   2.0170000e+03   7.0000000e+00   2.4000000e+01   8.0000000e+00   5.9000000e+01   0.0000000e+00   3.1200000e+00
   2.0170000e+03   7.0000000e+00   2.4000000e+01   9.0000000e+00   0.0000000e+00   0.0000000e+00   5.4000003e+00
   2.0170000e+03   7.0000000e+00   2.4000000e+01   9.0000000e+00   1.0000000e+00   0.0000000e+00   4.5600000e+00
   2.0170000e+03   7.0000000e+00   2.4000000e+01   9.0000000e+00   2.0000000e+00   0.0000000e+00   4.2000000e+00
   2.0170000e+03   7.0000000e+00   2.4000000e+01   9.0000000e+00   3.0000000e+00   0.0000000e+00   2.2800002e+00
   2.0170000e+03   7.0000000e+00   2.4000000e+01   9.0000000e+00   4.0000000e+00   0.0000000e+00   8.4000003e-01
   2.0170000e+03   7.0000000e+00   2.4000000e+01   9.0000000e+00   5.0000000e+00   0.0000000e+00   6.0000000e-01
   2.0170000e+03   7.0000000e+00   2.4000000e+01   9.0000000e+00   6.0000000e+00   0.0000000e+00   1.2000006e-01
   2.0170000e+03   7.0000000e+00   2.4000000e+01   9.0000000e+00   7.0000000e+00   0.0000000e+00   4.7999998e-01
   2.0170000e+03   7.0000000e+00   2.4000000e+01   9.0000000e+00   8.0000000e+00   0.0000000e+00   6.0000000e-01
   2.0170000e+03   7.0000000e+00   2.4000000e+01   9.0000000e+00   9.0000000e+00   0.0000000e+00   1.2000000e-01
   2.0170000e+03   7.0000000e+00   2.4000000e+01   9.0000000e+00   1.0000000e+01   0.0000000e+00   4.8000000e-01
   2.0170000e+03   7.0000000e+00   2.4000000e+01   9.0000000e+00   1.1000000e+01   0.0000000e+00   6.0000000e-01
   2.0170000e+03   7.0000000e+00   2.4000000e+01   9.0000000e+00   1.2000000e+01   0.0000000e+00   1.0800000e+00
   2.0170000e+03   7.0000000e+00   2.4000000e+01   9.0000000e+00   1.3000000e+01   0.0000000e+00   5.0400000e+00
   2.0170000e+03   7.0000000e+00   2.4000000e+01   9.0000000e+00   1.4000000e+01   0.0000000e+00   1.0320001e+01
   2.0170000e+03   7.0000000e+00   2.4000000e+01   9.0000000e+00   1.5000000e+01   0.0000000e+00   7.5599999e+00
   2.0170000e+03   7.0000000e+00   2.4000000e+01   9.0000000e+00   1.6000000e+01   0.0000000e+00   4.2000000e+00
   2.0170000e+03   7.0000000e+00   2.4000000e+01   9.0000000e+00   1.7000000e+01   0.0000000e+00   2.1599998e+00
   2.0170000e+03   7.0000000e+00   2.4000000e+01   9.0000000e+00   1.8000000e+01   0.0000000e+00   3.2400000e+00
   2.0170000e+03   7.0000000e+00   2.4000000e+01   9.0000000e+00   1.9000000e+01   0.0000000e+00   3.6000000e+00
   2.0170000e+03   7.0000000e+00   2.4000000e+01   9.0000000e+00   2.0000000e+01   0.0000000e+00   3.6000000e+00
   2.0170000e+03   7.0000000e+00   2.4000000e+01   9.0000000e+00   2.1000000e+01   0.0000000e+00   1.6800001e+00
   2.0170000e+03   7.0000000e+00   2.4000000e+01   9.0000000e+00   2.2000000e+01   0.0000000e+00   2.6400000e+00
   2.0170000e+03   7.0000000e+00   2.4000000e+01   9.0000000e+00   2.3000000e+01   0.0000000e+00   3.9600000e+00
   2.0170000e+03   7.0000000e+00   2.4000000e+01   9.0000000e+00   2.4000000e+01   0.0000000e+00   2.2800000e+00
   2.0170000e+03   7.0000000e+00   2.4000000e+01   9.0000000e+00   2.5000000e+01   0.0000000e+00   8.4000000e-01
   2.0170000e+03   7.0000000e+00   2.4000000e+01   9.0000000e+00   2.6000000e+01   0.0000000e+00   1.0800000e+00
   2.0170000e+03   7.0000000e+00   2.4000000e+01   9.0000000e+00   2.7000000e+01   0.0000000e+00   7.2000000e-01
   2.0170000e+03   7.0000000e+00   2.4000000e+01   9.0000000e+00   2.8000000e+01   0.0000000e+00   1.0800001e+00
   2.0170000e+03   7.0000000e+00   2.4000000e+01   9.0000000e+00   2.9000000e+01   0.0000000e+00   1.2000000e+00
   2.0170000e+03   7.0000000e+00   2.4000000e+01   9.0000000e+00   3.0000000e+01   0.0000000e+00   1.2000000e+00
   2.0170000e+03   7.0000000e+00   2.4000000e+01   9.0000000e+00   3.1000000e+01   0.0000000e+00   2.6399998e+00
   2.0170000e+03   7.0000000e+00   2.4000000e+01   9.0000000e+00   3.2000000e+01   0.0000000e+00   2.5200000e+00
   2.0170000e+03   7.0000000e+00   2.4000000e+01   9.0000000e+00   3.3000000e+01   0.0000000e+00   1.9200000e+00
   2.0170000e+03   7.0000000e+00   2.4000000e+01   9.0000000e+00   3.4000000e+01   0.0000000e+00   3.6000018e-01
   2.0170000e+03   7.0000000e+00   2.4000000e+01   9.0000000e+00   3.5000000e+01   0.0000000e+00   0.0000000e+00
   2.0170000e+03   7.0000000e+00   2.4000000e+01   9.0000000e+00   3.6000000e+01   0.0000000e+00   4.8000000e-01
   2.0170000e+03   7.0000000e+00   2.4000000e+01   9.0000000e+00   3.7000000e+01   0.0000000e+00   1.2000000e-01
   2.0170000e+03   7.0000000e+00   2.4000000e+01   9.0000000e+00   3.8000000e+01   0.0000000e+00   0.0000000e+00
   2.0170000e+03   7.0000000e+00   2.4000000e+01   9.0000000e+00   3.9000000e+01   0.0000000e+00   0.0000000e+00
   2.0170000e+03   7.0000000e+00   2.4000000e+01   9.0000000e+00   4.0000000e+01   0.0000000e+00   0.0000000e+00
   2.0170000e+03   7.0000000e+00   2.4000000e+01   9.0000000e+00   4.1000000e+01   0.0000000e+00   0.0000000e+00
   2.0170000e+03   7.0000000e+00   2.4000000e+01   9.0000000e+00   4.2000000e+01   0.0000000e+00   0.0000000e+00
   2.0170000e+03   7.0000000e+00   2.4000000e+01   9.0000000e+00   4.3000000e+01   0.0000000e+00   0.0000000e+00
   2.0170000e+03   7.0000000e+00   2.4000000e+01   9.0000000e+00   4.4000000e+01   0.0000000e+00   4.8000000e-01
   2.0170000e+03   7.0000000e+00   2.4000000e+01   9.0000000e+00   4.5000000e+01   0.0000000e+00   1.1999994e-01
   2.0170000e+03   7.0000000e+00   2.4000000e+01   9.0000000e+00   4.6000000e+01   0.0000000e+00   0.0000000e+00
   2.0170000e+03   7.0000000e+00   2.4000000e+01   9.0000000e+00   4.7000000e+01   0.0000000e+00   0.0000000e+00
   2.0170000e+03   7.0000000e+00   2.4000000e+01   9.0000000e+00   4.8000000e+01   0.0000000e+00   0.0000000e+00
   2.0170000e+03   7.0000000e+00   2.4000000e+01   9.0000000e+00   4.9000000e+01   0.0000000e+00   0.0000000e+00
   2.0170000e+03   7.0000000e+00   2.4000000e+01   9.0000000e+00   5.0000000e+01   0.0000000e+00   0.0000000e+00
   2.0170000e+03   7.0000000e+00   2.4000000e+01   9.0000000e+00   5.1000000e+01   0.0000000e+00   0.0000000e+00
   2.0170000e+03   7.0000000e+00   2.4000000e+01   9.0000000e+00   5.2000000e+01   0.0000000e+00   0.0000000e+00
   2.0170000e+03   7.0000000e+00   2.4000000e+01   9.0000000e+00   5.3000000e+01   0.0000000e+00   0.0000000e+00
   2.0170000e+03   7.0000000e+00   2.4000000e+01   9.0000000e+00   5.4000000e+01   0.0000000e+00   0.0000000e+00
   2.0170000e+03   7.0000000e+00   2.4000000e+01   9.0000000e+00   5.5000000e+01   0.0000000e+00   0.0000000e+00
   2.0170000e+03   7.0000000e+00   2.4000000e+01   9.0000000e+00   5.6000000e+01   0.0000000e+00   0.0000000e+00
   2.0170000e+03   7.0000000e+00   2.4000000e+01   9.0000000e+00   5.7000000e+01   0.0000000e+00   0.0000000e+00
   2.0170000e+03   7.0000000e+00   2.4000000e+01   9.0000000e+00   5.8000000e+01   0.0000000e+00   0.0000000e+00
   2.0170000e+03   7.0000000e+00   2.4000000e+01   9.0000000e+00   5.9000000e+01   0.0000000e+00   4.8000006e-01
   2.0170000e+03   7.0000000e+00   2.4000000e+01   1.0000000e+01   0.0000000e+00   0.0000000e+00   1.5600000e+00
   2.0170000e+03   7.0000000e+00   2.4000000e+01   1.0000000e+01   1.0000000e+00   0.0000000e+00   1.3200000e+00
   2.0170000e+03   7.0000000e+00   2.4000000e+01   1.0000000e+01   2.0000000e+00   0.0000000e+00   7.1999994e-01
   2.0170000e+03   7.0000000e+00   2.4000000e+01   1.0000000e+01   3.0000000e+00   0.0000000e+00   1.1999998e-01
   2.0170000e+03   7.0000000e+00   2.4000000e+01   1.0000000e+01   4.0000000e+00   0.0000000e+00   1.9200000e+00
   2.0170000e+03   7.0000000e+00   2.4000000e+01   1.0000000e+01   5.0000000e+00   0.0000000e+00   1.4400001e+00
   2.0170000e+03   7.0000000e+00   2.4000000e+01   1.0000000e+01   6.0000000e+00   0.0000000e+00   1.2000000e+00
   2.0170000e+03   7.0000000e+00   2.4000000e+01   1.0000000e+01   7.0000000e+00   0.0000000e+00   7.2000000e-01
   2.0170000e+03   7.0000000e+00   2.4000000e+01   1.0000000e+01   8.0000000e+00   0.0000000e+00   1.5600000e+00
   2.0170000e+03   7.0000000e+00   2.4000000e+01   1.0000000e+01   9.0000000e+00   0.0000000e+00   3.7200000e+00
   2.0170000e+03   7.0000000e+00   2.4000000e+01   1.0000000e+01   1.0000000e+01   0.0000000e+00   5.6400000e+00
   2.0170000e+03   7.0000000e+00   2.4000000e+01   1.0000000e+01   1.1000000e+01   0.0000000e+00   6.9600000e+00
   2.0170000e+03   7.0000000e+00   2.4000000e+01   1.0000000e+01   1.2000000e+01   0.0000000e+00   5.7600000e+00
   2.0170000e+03   7.0000000e+00   2.4000000e+01   1.0000000e+01   1.3000000e+01   0.0000000e+00   3.9599998e+00
   2.0170000e+03   7.0000000e+00   2.4000000e+01   1.0000000e+01   1.4000000e+01   0.0000000e+00   2.6400000e+00
   2.0170000e+03   7.0000000e+00   2.4000000e+01   1.0000000e+01   1.5000000e+01   0.0000000e+00   3.8400000e+00
   2.0170000e+03   7.0000000e+00   2.4000000e+01   1.0000000e+01   1.6000000e+01   0.0000000e+00   5.6399998e+00
   2.0170000e+03   7.0000000e+00   2.4000000e+01   1.0000000e+01   1.7000000e+01   0.0000000e+00   2.6400001e+00
   2.0170000e+03   7.0000000e+00   2.4000000e+01   1.0000000e+01   1.8000000e+01   0.0000000e+00   2.7600000e+00
   2.0170000e+03   7.0000000e+00   2.4000000e+01   1.0000000e+01   1.9000000e+01   0.0000000e+00   7.3199995e+00
   2.0170000e+03   7.0000000e+00   2.4000000e+01   1.0000000e+01   2.0000000e+01   0.0000000e+00   7.4400000e+00
   2.0170000e+03   7.0000000e+00   2.4000000e+01   1.0000000e+01   2.1000000e+01   0.0000000e+00   6.7200000e+00
   2.0170000e+03   7.0000000e+00   2.4000000e+01   1.0000000e+01   2.2000000e+01   0.0000000e+00   6.1200000e+00
   2.0170000e+03   7.0000000e+00   2.4000000e+01   1.0000000e+01   2.3000000e+01   0.0000000e+00   5.0400000e+00
   2.0170000e+03   7.0000000e+00   2.4000000e+01   1.0000000e+01   2.4000000e+01   0.0000000e+00   3.3600000e+00
   2.0170000e+03   7.0000000e+00   2.4000000e+01   1.0000000e+01   2.5000000e+01   0.0000000e+00   3.4800000e+00
   2.0170000e+03   7.0000000e+00   2.4000000e+01   1.0000000e+01   2.6000000e+01   0.0000000e+00   4.0800000e+00
   2.0170000e+03   7.0000000e+00   2.4000000e+01   1.0000000e+01   2.7000000e+01   0.0000000e+00   2.7599998e+00
   2.0170000e+03   7.0000000e+00   2.4000000e+01   1.0000000e+01   2.8000000e+01   0.0000000e+00   2.8800000e+00
   2.0170000e+03   7.0000000e+00   2.4000000e+01   1.0000000e+01   2.9000000e+01   0.0000000e+00   1.5600000e+00
   2.0170000e+03   7.0000000e+00   2.4000000e+01   1.0000000e+01   3.0000000e+01   0.0000000e+00   2.3999988e-01
   2.0170000e+03   7.0000000e+00   2.4000000e+01   1.0000000e+01   3.1000000e+01   0.0000000e+00   4.8000002e-01
   2.0170000e+03   7.0000000e+00   2.4000000e+01   1.0000000e+01   3.2000000e+01   0.0000000e+00   1.2000000e-01
   2.0170000e+03   7.0000000e+00   2.4000000e+01   1.0000000e+01   3.3000000e+01   0.0000000e+00   0.0000000e+00
   2.0170000e+03   7.0000000e+00   2.4000000e+01   1.0000000e+01   3.4000000e+01   0.0000000e+00   4.7999998e-01
   2.0170000e+03   7.0000000e+00   2.4000000e+01   1.0000000e+01   3.5000000e+01   0.0000000e+00   1.2000000e-01
   2.0170000e+03   7.0000000e+00   2.4000000e+01   1.0000000e+01   3.6000000e+01   0.0000000e+00   0.0000000e+00
   2.0170000e+03   7.0000000e+00   2.4000000e+01   1.0000000e+01   3.7000000e+01   0.0000000e+00   4.7999998e-01
   2.0170000e+03   7.0000000e+00   2.4000000e+01   1.0000000e+01   3.8000000e+01   0.0000000e+00   1.2000000e-01
   2.0170000e+03   7.0000000e+00   2.4000000e+01   1.0000000e+01   3.9000000e+01   0.0000000e+00   0.0000000e+00
   2.0170000e+03   7.0000000e+00   2.4000000e+01   1.0000000e+01   4.0000000e+01   0.0000000e+00   0.0000000e+00
   2.0170000e+03   7.0000000e+00   2.4000000e+01   1.0000000e+01   4.1000000e+01   0.0000000e+00   0.0000000e+00
   2.0170000e+03   7.0000000e+00   2.4000000e+01   1.0000000e+01   4.2000000e+01   0.0000000e+00   4.8000002e-01
   2.0170000e+03   7.0000000e+00   2.4000000e+01   1.0000000e+01   4.3000000e+01   0.0000000e+00   1.2000000e-01
   2.0170000e+03   7.0000000e+00   2.4000000e+01   1.0000000e+01   4.4000000e+01   0.0000000e+00   0.0000000e+00
   2.0170000e+03   7.0000000e+00   2.4000000e+01   1.0000000e+01   4.5000000e+01   0.0000000e+00   0.0000000e+00
   2.0170000e+03   7.0000000e+00   2.4000000e+01   1.0000000e+01   4.6000000e+01   0.0000000e+00   0.0000000e+00
   2.0170000e+03   7.0000000e+00   2.4000000e+01   1.0000000e+01   4.7000000e+01   0.0000000e+00   0.0000000e+00
   2.0170000e+03   7.0000000e+00   2.4000000e+01   1.0000000e+01   4.8000000e+01   0.0000000e+00   0.0000000e+00
   2.0170000e+03   7.0000000e+00   2.4000000e+01   1.0000000e+01   4.9000000e+01   0.0000000e+00   0.0000000e+00
   2.0170000e+03   7.0000000e+00   2.4000000e+01   1.0000000e+01   5.0000000e+01   0.0000000e+00   0.0000000e+00
   2.0170000e+03   7.0000000e+00   2.4000000e+01   1.0000000e+01   5.1000000e+01   0.0000000e+00   0.0000000e+00
   2.0170000e+03   7.0000000e+00   2.4000000e+01   1.0000000e+01   5.2000000e+01   0.0000000e+00   0.0000000e+00
   2.0170000e+03   7.0000000e+00   2.4000000e+01   1.0000000e+01   5.3000000e+01   0.0000000e+00   0.0000000e+00
   2.0170000e+03   7.0000000e+00   2.4000000e+01   1.0000000e+01   5.4000000e+01   0.0000000e+00   0.0000000e+00
   2.0170000e+03   7.0000000e+00   2.4000000e+01   1.0000000e+01   5.5000000e+01   0.0000000e+00   0.0000000e+00
   2.0170000e+03   7.0000000e+00   2.4000000e+01   1.0000000e+01   5.6000000e+01   0.0000000e+00   0.0000000e+00
   2.0170000e+03   7.0000000e+00   2.4000000e+01   1.0000000e+01   5.7000000e+01   0.0000000e+00   9.6000000e-01
   2.0170000e+03   7.0000000e+00   2.4000000e+01   1.0000000e+01   5.8000000e+01   0.0000000e+00   4.0800004e+00
   2.0170000e+03   7.0000000e+00   2.4000000e+01   1.0000000e+01   5.9000000e+01   0.0000000e+00   1.0080000e+01
   2.0170000e+03   7.0000000e+00   2.4000000e+01   1.1000000e+01   0.0000000e+00   0.0000000e+00   1.1880000e+01
   2.0170000e+03   7.0000000e+00   2.4000000e+01   1.1000000e+01   1.0000000e+00   0.0000000e+00   1.2000000e+01
   2.0170000e+03   7.0000000e+00   2.4000000e+01   1.1000000e+01   2.0000000e+00   0.0000000e+00   7.2000002e+00
   2.0170000e+03   7.0000000e+00   2.4000000e+01   1.1000000e+01   3.0000000e+00   0.0000000e+00   5.5200000e+00
   2.0170000e+03   7.0000000e+00   2.4000000e+01   1.1000000e+01   4.0000000e+00   0.0000000e+00   1.4039999e+01
   2.0170000e+03   7.0000000e+00   2.4000000e+01   1.1000000e+01   5.0000000e+00   0.0000000e+00   1.6680000e+01
   2.0170000e+03   7.0000000e+00   2.4000000e+01   1.1000000e+01   6.0000000e+00   0.0000000e+00   5.7600000e+00
   2.0170000e+03   7.0000000e+00   2.4000000e+01   1.1000000e+01   7.0000000e+00   0.0000000e+00   1.5600000e+00
   2.0170000e+03   7.0000000e+00   2.4000000e+01   1.1000000e+01   8.0000000e+00   0.0000000e+00   1.6800000e+00
   2.0170000e+03   7.0000000e+00   2.4000000e+01   1.1000000e+01   9.0000000e+00   0.0000000e+00   8.0400000e+00
   2.0170000e+03   7.0000000e+00   2.4000000e+01   1.1000000e+01   1.0000000e+01   0.0000000e+00   7.2000000e+00
   2.0170000e+03   7.0000000e+00   2.4000000e+01   1.1000000e+01   1.1000000e+01   0.0000000e+00   6.6000000e+00
   2.0170000e+03   7.0000000e+00   2.4000000e+01   1.1000000e+01   1.2000000e+01   0.0000000e+00   4.6799998e+00
   2.0170000e+03   7.0000000e+00   2.4000000e+01   1.1000000e+01   1.3000000e+01   0.0000000e+00   3.2400000e+00
   2.0170000e+03   7.0000000e+00   2.4000000e+01   1.1000000e+01   1.4000000e+01   0.0000000e+00   3.9600000e+00
   2.0170000e+03   7.0000000e+00   2.4000000e+01   1.1000000e+01   1.5000000e+01   0.0000000e+00   1.3800001e+01
   2.0170000e+03   7.0000000e+00   2.4000000e+01   1.1000000e+01   1.6000000e+01   0.0000000e+00   1.2360000e+01
   2.0170000e+03   7.0000000e+00   2.4000000e+01   1.1000000e+01   1.7000000e+01   0.0000000e+00   8.0400000e+00
   2.0170000e+03   7.0000000e+00   2.4000000e+01   1.1000000e+01   1.8000000e+01   0.0000000e+00   6.2400001e+00
   2.0170000e+03   7.0000000e+00   2.4000000e+01   1.1000000e+01   1.9000000e+01   0.0000000e+00   6.4800000e+00
   2.0170000e+03   7.0000000e+00   2.4000000e+01   1.1000000e+01   2.0000000e+01   0.0000000e+00   5.1600000e+00
   2.0170000e+03   7.0000000e+00   2.4000000e+01   1.1000000e+01   2.1000000e+01   0.0000000e+00   2.8800002e+00
   2.0170000e+03   7.0000000e+00   2.4000000e+01   1.1000000e+01   2.2000000e+01   0.0000000e+00   9.6000005e-01
   2.0170000e+03   7.0000000e+00   2.4000000e+01   1.1000000e+01   2.3000000e+01   0.0000000e+00   6.0000000e-01
   2.0170000e+03   7.0000000e+00   2.4000000e+01   1.1000000e+01   2.4000000e+01   0.0000000e+00   1.2000000e-01
   2.0170000e+03   7.0000000e+00   2.4000000e+01   1.1000000e+01   2.5000000e+01   0.0000000e+00   0.0000000e+00
   2.0170000e+03   7.0000000e+00   2.4000000e+01   1.1000000e+01   2.6000000e+01   0.0000000e+00   4.8000006e-01
   2.0170000e+03   7.0000000e+00   2.4000000e+01   1.1000000e+01   2.7000000e+01   0.0000000e+00   1.1999998e-01
   2.0170000e+03   7.0000000e+00   2.4000000e+01   1.1000000e+01   2.8000000e+01   0.0000000e+00   0.0000000e+00
   2.0170000e+03   7.0000000e+00   2.4000000e+01   1.1000000e+01   2.9000000e+01   0.0000000e+00   0.0000000e+00
   2.0170000e+03   7.0000000e+00   2.4000000e+01   1.1000000e+01   3.0000000e+01   0.0000000e+00   0.0000000e+00
   2.0170000e+03   7.0000000e+00   2.4000000e+01   1.1000000e+01   3.1000000e+01   0.0000000e+00   4.8000000e-01
   2.0170000e+03   7.0000000e+00   2.4000000e+01   1.1000000e+01   3.2000000e+01   0.0000000e+00   1.1999994e-01
   2.0170000e+03   7.0000000e+00   2.4000000e+01   1.1000000e+01   3.3000000e+01   0.0000000e+00   0.0000000e+00
   2.0170000e+03   7.0000000e+00   2.4000000e+01   1.1000000e+01   3.4000000e+01   0.0000000e+00   0.0000000e+00
   2.0170000e+03   7.0000000e+00   2.4000000e+01   1.1000000e+01   3.5000000e+01   0.0000000e+00   4.7999994e-01
   2.0170000e+03   7.0000000e+00   2.4000000e+01   1.1000000e+01   3.6000000e+01   0.0000000e+00   1.2000002e-01
   2.0170000e+03   7.0000000e+00   2.4000000e+01   1.1000000e+01   3.7000000e+01   0.0000000e+00   4.8000000e-01
   2.0170000e+03   7.0000000e+00   2.4000000e+01   1.1000000e+01   3.8000000e+01   0.0000000e+00   1.2000000e-01
   2.0170000e+03   7.0000000e+00   2.4000000e+01   1.1000000e+01   3.9000000e+01   0.0000000e+00   0.0000000e+00
   2.0170000e+03   7.0000000e+00   2.4000000e+01   1.1000000e+01   4.0000000e+01   0.0000000e+00   4.8000000e-01
   2.0170000e+03   7.0000000e+00   2.4000000e+01   1.1000000e+01   4.1000000e+01   0.0000000e+00   1.2000000e-01
   2.0170000e+03   7.0000000e+00   2.4000000e+01   1.1000000e+01   4.2000000e+01   0.0000000e+00   4.8000000e-01
   2.0170000e+03   7.0000000e+00   2.4000000e+01   1.1000000e+01   4.3000000e+01   0.0000000e+00   1.1999994e-01
   2.0170000e+03   7.0000000e+00   2.4000000e+01   1.1000000e+01   4.4000000e+01   0.0000000e+00   0.0000000e+00
   2.0170000e+03   7.0000000e+00   2.4000000e+01   1.1000000e+01   4.5000000e+01   0.0000000e+00   4.8000000e-01
   2.0170000e+03   7.0000000e+00   2.4000000e+01   1.1000000e+01   4.6000000e+01   0.0000000e+00   1.0799999e+00
   2.0170000e+03   7.0000000e+00   2.4000000e+01   1.1000000e+01   4.7000000e+01   0.0000000e+00   3.1199999e+00
   2.0170000e+03   7.0000000e+00   2.4000000e+01   1.1000000e+01   4.8000000e+01   0.0000000e+00   6.0000000e+00
   2.0170000e+03   7.0000000e+00   2.4000000e+01   1.1000000e+01   4.9000000e+01   0.0000000e+00   2.7600005e+00
   2.0170000e+03   7.0000000e+00   2.4000000e+01   1.1000000e+01   5.0000000e+01   0.0000000e+00   8.4000003e-01
   2.0170000e+03   7.0000000e+00   2.4000000e+01   1.1000000e+01   5.1000000e+01   0.0000000e+00   1.0800000e+00
   2.0170000e+03   7.0000000e+00   2.4000000e+01   1.1000000e+01   5.2000000e+01   0.0000000e+00   1.2000000e+00
   2.0170000e+03   7.0000000e+00   2.4000000e+01   1.1000000e+01   5.3000000e+01   0.0000000e+00   1.6800000e+00
   2.0170000e+03   7.0000000e+00   2.4000000e+01   1.1000000e+01   5.4000000e+01   0.0000000e+00   1.8000000e+00
   2.0170000e+03   7.0000000e+00   2.4000000e+01   1.1000000e+01   5.5000000e+01   0.0000000e+00   2.2800000e+00
   2.0170000e+03   7.0000000e+00   2.4000000e+01   1.1000000e+01   5.6000000e+01   0.0000000e+00   4.8000000e+00
   2.0170000e+03   7.0000000e+00   2.4000000e+01   1.1000000e+01   5.7000000e+01   0.0000000e+00   3.9599998e+00
   2.0170000e+03   7.0000000e+00   2.4000000e+01   1.1000000e+01   5.8000000e+01   0.0000000e+00   3.6000000e+00
   2.0170000e+03   7.0000000e+00   2.4000000e+01   1.1000000e+01   5.9000000e+01   0.0000000e+00   3.6000000e+00
   2.0170000e+03   7.0000000e+00   2.4000000e+01   1.2000000e+01   0.0000000e+00   0.0000000e+00   9.3600007e+00
   2.0170000e+03   7.0000000e+00   2.4000000e+01   1.2000000e+01   1.0000000e+00   0.0000000e+00   1.4160000e+01
   2.0170000e+03   7.0000000e+00   2.4000000e+01   1.2000000e+01   2.0000000e+00   0.0000000e+00   1.0200000e+01
   2.0170000e+03   7.0000000e+00   2.4000000e+01   1.2000000e+01   3.0000000e+00   0.0000000e+00   8.0400001e+00
   2.0170000e+03   7.0000000e+00   2.4000000e+01   1.2000000e+01   4.0000000e+00   0.0000000e+00   6.3600000e+00
   2.0170000e+03   7.0000000e+00   2.4000000e+01   1.2000000e+01   5.0000000e+00   0.0000000e+00   2.6400000e+00
   2.0170000e+03   7.0000000e+00   2.4000000e+01   1.2000000e+01   6.0000000e+00   0.0000000e+00   2.7599999e+00
   2.0170000e+03   7.0000000e+00   2.4000000e+01   1.2000000e+01   7.0000000e+00   0.0000000e+00   4.4400000e+00
   2.0170000e+03   7.0000000e+00   2.4000000e+01   1.2000000e+01   8.0000000e+00   0.0000000e+00   3.8400000e+00
   2.0170000e+03   7.0000000e+00   2.4000000e+01   1.2000000e+01   9.0000000e+00   0.0000000e+00   7.9200000e+00
   2.0170000e+03   7.0000000e+00   2.4000000e+01   1.2000000e+01   1.0000000e+01   0.0000000e+00   9.4800000e+00
   2.0170000e+03   7.0000000e+00   2.4000000e+01   1.2000000e+01   1.1000000e+01   0.0000000e+00   9.6000000e+00
   2.0170000e+03   7.0000000e+00   2.4000000e+01   1.2000000e+01   1.2000000e+01   0.0000000e+00   7.1999999e+00
   2.0170000e+03   7.0000000e+00   2.4000000e+01   1.2000000e+01   1.3000000e+01   0.0000000e+00   4.6800000e+00
   2.0170000e+03   7.0000000e+00   2.4000000e+01   1.2000000e+01   1.4000000e+01   0.0000000e+00   4.2000000e+00
   2.0170000e+03   7.0000000e+00   2.4000000e+01   1.2000000e+01   1.5000000e+01   0.0000000e+00   4.2000000e+00
   2.0170000e+03   7.0000000e+00   2.4000000e+01   1.2000000e+01   1.6000000e+01   0.0000000e+00   3.2400000e+00
   2.0170000e+03   7.0000000e+00   2.4000000e+01   1.2000000e+01   1.7000000e+01   0.0000000e+00   1.5599998e+00
   2.0170000e+03   7.0000000e+00   2.4000000e+01   1.2000000e+01   1.8000000e+01   0.0000000e+00   2.1600000e+00
   2.0170000e+03   7.0000000e+00   2.4000000e+01   1.2000000e+01   1.9000000e+01   0.0000000e+00   1.9200000e+00
   2.0170000e+03   7.0000000e+00   2.4000000e+01   1.2000000e+01   2.0000000e+01   0.0000000e+00   3.7199998e+00
   2.0170000e+03   7.0000000e+00   2.4000000e+01   1.2000000e+01   2.1000000e+01   0.0000000e+00   4.2000000e+00
   2.0170000e+03   7.0000000e+00   2.4000000e+01   1.2000000e+01   2.2000000e+01   0.0000000e+00   2.7600000e+00
   2.0170000e+03   7.0000000e+00   2.4000000e+01   1.2000000e+01   2.3000000e+01   0.0000000e+00   4.3200000e+00
   2.0170000e+03   7.0000000e+00   2.4000000e+01   1.2000000e+01   2.4000000e+01   0.0000000e+00   5.2800000e+00
   2.0170000e+03   7.0000000e+00   2.4000000e+01   1.2000000e+01   2.5000000e+01   0.0000000e+00   2.5200000e+00
   2.0170000e+03   7.0000000e+00   2.4000000e+01   1.2000000e+01   2.6000000e+01   0.0000000e+00   1.8000000e+00
   2.0170000e+03   7.0000000e+00   2.4000000e+01   1.2000000e+01   2.7000000e+01   0.0000000e+00   1.3200000e+00
   2.0170000e+03   7.0000000e+00   2.4000000e+01   1.2000000e+01   2.8000000e+01   0.0000000e+00   7.9200009e+00
   2.0170000e+03   7.0000000e+00   2.4000000e+01   1.2000000e+01   2.9000000e+01   0.0000000e+00   1.1040000e+01
   2.0170000e+03   7.0000000e+00   2.4000000e+01   1.2000000e+01   3.0000000e+01   0.0000000e+00   6.1200000e+00
   2.0170000e+03   7.0000000e+00   2.4000000e+01   1.2000000e+01   3.1000000e+01   0.0000000e+00   4.8000000e+00
   2.0170000e+03   7.0000000e+00   2.4000000e+01   1.2000000e+01   3.2000000e+01   0.0000000e+00   6.7199999e+00
   2.0170000e+03   7.0000000e+00   2.4000000e+01   1.2000000e+01   3.3000000e+01   0.0000000e+00   7.6800000e+00
   2.0170000e+03   7.0000000e+00   2.4000000e+01   1.2000000e+01   3.4000000e+01   0.0000000e+00   4.9200004e+00
   2.0170000e+03   7.0000000e+00   2.4000000e+01   1.2000000e+01   3.5000000e+01   0.0000000e+00   8.9999998e+00
   2.0170000e+03   7.0000000e+00   2.4000000e+01   1.2000000e+01   3.6000000e+01   0.0000000e+00   1.3560000e+01
   2.0170000e+03   7.0000000e+00   2.4000000e+01   1.2000000e+01   3.7000000e+01   0.0000000e+00   8.6400000e+00
   2.0170000e+03   7.0000000e+00   2.4000000e+01   1.2000000e+01   3.8000000e+01   0.0000000e+00   1.4400000e+01
   2.0170000e+03   7.0000000e+00   2.4000000e+01   1.2000000e+01   3.9000000e+01   0.0000000e+00   2.0040000e+01
   2.0170000e+03   7.0000000e+00   2.4000000e+01   1.2000000e+01   4.0000000e+01   0.0000000e+00   1.4760000e+01
   2.0170000e+03   7.0000000e+00   2.4000000e+01   1.2000000e+01   4.1000000e+01   0.0000000e+00   6.4800000e+00
   2.0170000e+03   7.0000000e+00   2.4000000e+01   1.2000000e+01   4.2000000e+01   0.0000000e+00   3.3599998e+00
   2.0170000e+03   7.0000000e+00   2.4000000e+01   1.2000000e+01   4.3000000e+01   0.0000000e+00   5.8800001e+00
   2.0170000e+03   7.0000000e+00   2.4000000e+01   1.2000000e+01   4.4000000e+01   0.0000000e+00   6.1200000e+00
   2.0170000e+03   7.0000000e+00   2.4000000e+01   1.2000000e+01   4.5000000e+01   0.0000000e+00   7.4400002e+00
   2.0170000e+03   7.0000000e+00   2.4000000e+01   1.2000000e+01   4.6000000e+01   0.0000000e+00   5.8799999e+00
   2.0170000e+03   7.0000000e+00   2.4000000e+01   1.2000000e+01   4.7000000e+01   0.0000000e+00   3.0000000e+00
   2.0170000e+03   7.0000000e+00   2.4000000e+01   1.2000000e+01   4.8000000e+01   0.0000000e+00   1.4400001e+00
   2.0170000e+03   7.0000000e+00   2.4000000e+01   1.2000000e+01   4.9000000e+01   0.0000000e+00   1.2000000e+00
   2.0170000e+03   7.0000000e+00   2.4000000e+01   1.2000000e+01   5.0000000e+01   0.0000000e+00   1.2000000e+00
   2.0170000e+03   7.0000000e+00   2.4000000e+01   1.2000000e+01   5.1000000e+01   0.0000000e+00   5.9999994e+00
   2.0170000e+03   7.0000000e+00   2.4000000e+01   1.2000000e+01   5.2000000e+01   0.0000000e+00   8.6400000e+00
   2.0170000e+03   7.0000000e+00   2.4000000e+01   1.2000000e+01   5.3000000e+01   0.0000000e+00   1.0440000e+01
   2.0170000e+03   7.0000000e+00   2.4000000e+01   1.2000000e+01   5.4000000e+01   0.0000000e+00   1.0800000e+01
   2.0170000e+03   7.0000000e+00   2.4000000e+01   1.2000000e+01   5.5000000e+01   0.0000000e+00   1.1280000e+01
   2.0170000e+03   7.0000000e+00   2.4000000e+01   1.2000000e+01   5.6000000e+01   0.0000000e+00   9.4799998e+00
   2.0170000e+03   7.0000000e+00   2.4000000e+01   1.2000000e+01   5.7000000e+01   0.0000000e+00   1.3800000e+01
   2.0170000e+03   7.0000000e+00   2.4000000e+01   1.2000000e+01   5.8000000e+01   0.0000000e+00   1.3080000e+01
   2.0170000e+03   7.0000000e+00   2.4000000e+01   1.2000000e+01   5.9000000e+01   0.0000000e+00   2.1720001e+01
   2.0170000e+03   7.0000000e+00   2.4000000e+01   1.3000000e+01   0.0000000e+00   0.0000000e+00   1.3920000e+01
   2.0170000e+03   7.0000000e+00   2.4000000e+01   1.3000000e+01   1.0000000e+00   0.0000000e+00   6.1200000e+00
   2.0170000e+03   7.0000000e+00   2.4000000e+01   1.3000000e+01   2.0000000e+00   0.0000000e+00   7.6800004e+00
   2.0170000e+03   7.0000000e+00   2.4000000e+01   1.3000000e+01   3.0000000e+00   0.0000000e+00   2.6399998e+00
   2.0170000e+03   7.0000000e+00   2.4000000e+01   1.3000000e+01   4.0000000e+00   0.0000000e+00   1.2000000e+00
   2.0170000e+03   7.0000000e+00   2.4000000e+01   1.3000000e+01   5.0000000e+00   0.0000000e+00   1.2000000e+00
   2.0170000e+03   7.0000000e+00   2.4000000e+01   1.3000000e+01   6.0000000e+00   0.0000000e+00   1.2000000e+00
   2.0170000e+03   7.0000000e+00   2.4000000e+01   1.3000000e+01   7.0000000e+00   0.0000000e+00   1.2000000e+00
   2.0170000e+03   7.0000000e+00   2.4000000e+01   1.3000000e+01   8.0000000e+00   0.0000000e+00   7.2000000e-01
   2.0170000e+03   7.0000000e+00   2.4000000e+01   1.3000000e+01   9.0000000e+00   0.0000000e+00   1.2000000e-01
   2.0170000e+03   7.0000000e+00   2.4000000e+01   1.3000000e+01   1.0000000e+01   0.0000000e+00   0.0000000e+00
   2.0170000e+03   7.0000000e+00   2.4000000e+01   1.3000000e+01   1.1000000e+01   0.0000000e+00   4.8000000e-01
   2.0170000e+03   7.0000000e+00   2.4000000e+01   1.3000000e+01   1.2000000e+01   0.0000000e+00   1.2000000e-01
   2.0170000e+03   7.0000000e+00   2.4000000e+01   1.3000000e+01   1.3000000e+01   0.0000000e+00   9.6000012e-01
   2.0170000e+03   7.0000000e+00   2.4000000e+01   1.3000000e+01   1.4000000e+01   0.0000000e+00   7.1999998e-01
   2.0170000e+03   7.0000000e+00   2.4000000e+01   1.3000000e+01   1.5000000e+01   0.0000000e+00   6.0000000e-01
   2.0170000e+03   7.0000000e+00   2.4000000e+01   1.3000000e+01   1.6000000e+01   0.0000000e+00   1.2000006e-01
   2.0170000e+03   7.0000000e+00   2.4000000e+01   1.3000000e+01   1.7000000e+01   0.0000000e+00   0.0000000e+00
   2.0170000e+03   7.0000000e+00   2.4000000e+01   1.3000000e+01   1.8000000e+01   0.0000000e+00   4.8000000e-01
   2.0170000e+03   7.0000000e+00   2.4000000e+01   1.3000000e+01   1.9000000e+01   0.0000000e+00   6.0000000e-01
   2.0170000e+03   7.0000000e+00   2.4000000e+01   1.3000000e+01   2.0000000e+01   0.0000000e+00   1.2000002e-01
   2.0170000e+03   7.0000000e+00   2.4000000e+01   1.3000000e+01   2.1000000e+01   0.0000000e+00   4.8000000e-01
   2.0170000e+03   7.0000000e+00   2.4000000e+01   1.3000000e+01   2.2000000e+01   0.0000000e+00   6.0000000e-01
   2.0170000e+03   7.0000000e+00   2.4000000e+01   1.3000000e+01   2.3000000e+01   0.0000000e+00   2.0400000e+00
   2.0170000e+03   7.0000000e+00   2.4000000e+01   1.3000000e+01   2.4000000e+01   0.0000000e+00   1.9200000e+00
   2.0170000e+03   7.0000000e+00   2.4000000e+01   1.3000000e+01   2.5000000e+01   0.0000000e+00   1.3200000e+00
   2.0170000e+03   7.0000000e+00   2.4000000e+01   1.3000000e+01   2.6000000e+01   0.0000000e+00   5.5200000e+00
   2.0170000e+03   7.0000000e+00   2.4000000e+01   1.3000000e+01   2.7000000e+01   0.0000000e+00   1.6200001e+01
   2.0170000e+03   7.0000000e+00   2.4000000e+01   1.3000000e+01   2.8000000e+01   0.0000000e+00   1.3800000e+01
   2.0170000e+03   7.0000000e+00   2.4000000e+01   1.3000000e+01   2.9000000e+01   0.0000000e+00   5.4000000e+00
   2.0170000e+03   7.0000000e+00   2.4000000e+01   1.3000000e+01   3.0000000e+01   0.0000000e+00   1.6799998e+00
   2.0170000e+03   7.0000000e+00   2.4000000e+01   1.3000000e+01   3.1000000e+01   0.0000000e+00   7.1999998e-01
   2.0170000e+03   7.0000000e+00   2.4000000e+01   1.3000000e+01   3.2000000e+01   0.0000000e+00   6.0000000e-01
   2.0170000e+03   7.0000000e+00   2.4000000e+01   1.3000000e+01   3.3000000e+01   0.0000000e+00   6.0000000e-01
   2.0170000e+03   7.0000000e+00   2.4000000e+01   1.3000000e+01   3.4000000e+01   0.0000000e+00   1.2000002e-01
   2.0170000e+03   7.0000000e+00   2.4000000e+01   1.3000000e+01   3.5000000e+01   0.0000000e+00   4.8000000e-01
   2.0170000e+03   7.0000000e+00   2.4000000e+01   1.3000000e+01   3.6000000e+01   0.0000000e+00   1.2000006e-01
   2.0170000e+03   7.0000000e+00   2.4000000e+01   1.3000000e+01   3.7000000e+01   0.0000000e+00   4.7999998e-01
   2.0170000e+03   7.0000000e+00   2.4000000e+01   1.3000000e+01   3.8000000e+01   0.0000000e+00   1.2000000e-01
   2.0170000e+03   7.0000000e+00   2.4000000e+01   1.3000000e+01   3.9000000e+01   0.0000000e+00   4.8000000e-01
   2.0170000e+03   7.0000000e+00   2.4000000e+01   1.3000000e+01   4.0000000e+01   0.0000000e+00   6.0000000e-01
   2.0170000e+03   7.0000000e+00   2.4000000e+01   1.3000000e+01   4.1000000e+01   0.0000000e+00   1.0800001e+00
   2.0170000e+03   7.0000000e+00   2.4000000e+01   1.3000000e+01   4.2000000e+01   0.0000000e+00   1.2000000e+00
   2.0170000e+03   7.0000000e+00   2.4000000e+01   1.3000000e+01   4.3000000e+01   0.0000000e+00   7.2000000e-01
   2.0170000e+03   7.0000000e+00   2.4000000e+01   1.3000000e+01   4.4000000e+01   0.0000000e+00   1.1999994e-01
   2.0170000e+03   7.0000000e+00   2.4000000e+01   1.3000000e+01   4.5000000e+01   0.0000000e+00   4.8000002e-01
   2.0170000e+03   7.0000000e+00   2.4000000e+01   1.3000000e+01   4.6000000e+01   0.0000000e+00   1.2000000e-01
   2.0170000e+03   7.0000000e+00   2.4000000e+01   1.3000000e+01   4.7000000e+01   0.0000000e+00   0.0000000e+00
   2.0170000e+03   7.0000000e+00   2.4000000e+01   1.3000000e+01   4.8000000e+01   0.0000000e+00   0.0000000e+00
   2.0170000e+03   7.0000000e+00   2.4000000e+01   1.3000000e+01   4.9000000e+01   0.0000000e+00   0.0000000e+00
   2.0170000e+03   7.0000000e+00   2.4000000e+01   1.3000000e+01   5.0000000e+01   0.0000000e+00   4.7999994e-01
   2.0170000e+03   7.0000000e+00   2.4000000e+01   1.3000000e+01   5.1000000e+01   0.0000000e+00   6.0000000e-01
   2.0170000e+03   7.0000000e+00   2.4000000e+01   1.3000000e+01   5.2000000e+01   0.0000000e+00   1.2000000e-01
   2.0170000e+03   7.0000000e+00   2.4000000e+01   1.3000000e+01   5.3000000e+01   0.0000000e+00   4.8000000e-01
   2.0170000e+03   7.0000000e+00   2.4000000e+01   1.3000000e+01   5.4000000e+01   0.0000000e+00   1.5600000e+00
   2.0170000e+03   7.0000000e+00   2.4000000e+01   1.3000000e+01   5.5000000e+01   0.0000000e+00   8.4000000e-01
   2.0170000e+03   7.0000000e+00   2.4000000e+01   1.3000000e+01   5.6000000e+01   0.0000000e+00   1.2000000e-01
   2.0170000e+03   7.0000000e+00   2.4000000e+01   1.3000000e+01   5.7000000e+01   0.0000000e+00   0.0000000e+00
   2.0170000e+03   7.0000000e+00   2.4000000e+01   1.3000000e+01   5.8000000e+01   0.0000000e+00   0.0000000e+00
   2.0170000e+03   7.0000000e+00   2.4000000e+01   1.3000000e+01   5.9000000e+01   0.0000000e+00   0.0000000e+00
   2.0170000e+03   7.0000000e+00   2.4000000e+01   1.4000000e+01   0.0000000e+00   0.0000000e+00   0.0000000e+00
   2.0170000e+03   7.0000000e+00   2.4000000e+01   1.4000000e+01   1.0000000e+00   0.0000000e+00   0.0000000e+00
   2.0170000e+03   7.0000000e+00   2.4000000e+01   1.4000000e+01   2.0000000e+00   0.0000000e+00   0.0000000e+00
   2.0170000e+03   7.0000000e+00   2.4000000e+01   1.4000000e+01   3.0000000e+00   0.0000000e+00   4.8000000e-01
   2.0170000e+03   7.0000000e+00   2.4000000e+01   1.4000000e+01   4.0000000e+00   0.0000000e+00   1.2000006e-01
   2.0170000e+03   7.0000000e+00   2.4000000e+01   1.4000000e+01   5.0000000e+00   0.0000000e+00   0.0000000e+00
   2.0170000e+03   7.0000000e+00   2.4000000e+01   1.4000000e+01   6.0000000e+00   0.0000000e+00   0.0000000e+00
   2.0170000e+03   7.0000000e+00   2.4000000e+01   1.4000000e+01   7.0000000e+00   0.0000000e+00   0.0000000e+00
   2.0170000e+03   7.0000000e+00   2.4000000e+01   1.4000000e+01   8.0000000e+00   0.0000000e+00   0.0000000e+00
   2.0170000e+03   7.0000000e+00   2.4000000e+01   1.4000000e+01   9.0000000e+00   0.0000000e+00   0.0000000e+00
   2.0170000e+03   7.0000000e+00   2.4000000e+01   1.4000000e+01   1.0000000e+01   0.0000000e+00   0.0000000e+00
   2.0170000e+03   7.0000000e+00   2.4000000e+01   1.4000000e+01   1.1000000e+01   0.0000000e+00   0.0000000e+00
   2.0170000e+03   7.0000000e+00   2.4000000e+01   1.4000000e+01   1.2000000e+01   0.0000000e+00   0.0000000e+00
   2.0170000e+03   7.0000000e+00   2.4000000e+01   1.4000000e+01   1.3000000e+01   0.0000000e+00   0.0000000e+00
   2.0170000e+03   7.0000000e+00   2.4000000e+01   1.4000000e+01   1.4000000e+01   0.0000000e+00   0.0000000e+00
   2.0170000e+03   7.0000000e+00   2.4000000e+01   1.4000000e+01   1.5000000e+01   0.0000000e+00   0.0000000e+00
   2.0170000e+03   7.0000000e+00   2.4000000e+01   1.4000000e+01   1.6000000e+01   0.0000000e+00   0.0000000e+00
   2.0170000e+03   7.0000000e+00   2.4000000e+01   1.4000000e+01   1.7000000e+01   0.0000000e+00   0.0000000e+00
   2.0170000e+03   7.0000000e+00   2.4000000e+01   1.4000000e+01   1.8000000e+01   0.0000000e+00   0.0000000e+00
   2.0170000e+03   7.0000000e+00   2.4000000e+01   1.4000000e+01   1.9000000e+01   0.0000000e+00   0.0000000e+00
   2.0170000e+03   7.0000000e+00   2.4000000e+01   1.4000000e+01   2.0000000e+01   0.0000000e+00   0.0000000e+00
   2.0170000e+03   7.0000000e+00   2.4000000e+01   1.4000000e+01   2.1000000e+01   0.0000000e+00   0.0000000e+00
   2.0170000e+03   7.0000000e+00   2.4000000e+01   1.4000000e+01   2.2000000e+01   0.0000000e+00   0.0000000e+00
   2.0170000e+03   7.0000000e+00   2.4000000e+01   1.4000000e+01   2.3000000e+01   0.0000000e+00   0.0000000e+00
   2.0170000e+03   7.0000000e+00   2.4000000e+01   1.4000000e+01   2.4000000e+01   0.0000000e+00   0.0000000e+00
   2.0170000e+03   7.0000000e+00   2.4000000e+01   1.4000000e+01   2.5000000e+01   0.0000000e+00   0.0000000e+00
   2.0170000e+03   7.0000000e+00   2.4000000e+01   1.4000000e+01   2.6000000e+01   0.0000000e+00   0.0000000e+00
   2.0170000e+03   7.0000000e+00   2.4000000e+01   1.4000000e+01   2.7000000e+01   0.0000000e+00   0.0000000e+00
   2.0170000e+03   7.0000000e+00   2.4000000e+01   1.4000000e+01   2.8000000e+01   0.0000000e+00   0.0000000e+00
   2.0170000e+03   7.0000000e+00   2.4000000e+01   1.4000000e+01   2.9000000e+01   0.0000000e+00   0.0000000e+00
   2.0170000e+03   7.0000000e+00   2.4000000e+01   1.4000000e+01   3.0000000e+01   0.0000000e+00   0.0000000e+00
   2.0170000e+03   7.0000000e+00   2.4000000e+01   1.4000000e+01   3.1000000e+01   0.0000000e+00   0.0000000e+00
   2.0170000e+03   7.0000000e+00   2.4000000e+01   1.4000000e+01   3.2000000e+01   0.0000000e+00   0.0000000e+00
   2.0170000e+03   7.0000000e+00   2.4000000e+01   1.4000000e+01   3.3000000e+01   0.0000000e+00   0.0000000e+00
   2.0170000e+03   7.0000000e+00   2.4000000e+01   1.4000000e+01   3.4000000e+01   0.0000000e+00   0.0000000e+00
   2.0170000e+03   7.0000000e+00   2.4000000e+01   1.4000000e+01   3.5000000e+01   0.0000000e+00   0.0000000e+00
   2.0170000e+03   7.0000000e+00   2.4000000e+01   1.4000000e+01   3.6000000e+01   0.0000000e+00   0.0000000e+00
   2.0170000e+03   7.0000000e+00   2.4000000e+01   1.4000000e+01   3.7000000e+01   0.0000000e+00   0.0000000e+00
   2.0170000e+03   7.0000000e+00   2.4000000e+01   1.4000000e+01   3.8000000e+01   0.0000000e+00   0.0000000e+00
   2.0170000e+03   7.0000000e+00   2.4000000e+01   1.4000000e+01   3.9000000e+01   0.0000000e+00   0.0000000e+00
   2.0170000e+03   7.0000000e+00   2.4000000e+01   1.4000000e+01   4.0000000e+01   0.0000000e+00   0.0000000e+00
   2.0170000e+03   7.0000000e+00   2.4000000e+01   1.4000000e+01   4.1000000e+01   0.0000000e+00   0.0000000e+00
   2.0170000e+03   7.0000000e+00   2.4000000e+01   1.4000000e+01   4.2000000e+01   0.0000000e+00   0.0000000e+00
   2.0170000e+03   7.0000000e+00   2.4000000e+01   1.4000000e+01   4.3000000e+01   0.0000000e+00   0.0000000e+00
   2.0170000e+03   7.0000000e+00   2.4000000e+01   1.4000000e+01   4.4000000e+01   0.0000000e+00   0.0000000e+00
   2.0170000e+03   7.0000000e+00   2.4000000e+01   1.4000000e+01   4.5000000e+01   0.0000000e+00   0.0000000e+00
   2.0170000e+03   7.0000000e+00   2.4000000e+01   1.4000000e+01   4.6000000e+01   0.0000000e+00   0.0000000e+00
   2.0170000e+03   7.0000000e+00   2.4000000e+01   1.4000000e+01   4.7000000e+01   0.0000000e+00   0.0000000e+00
   2.0170000e+03   7.0000000e+00   2.4000000e+01   1.4000000e+01   4.8000000e+01   0.0000000e+00   0.0000000e+00
   2.0170000e+03   7.0000000e+00   2.4000000e+01   1.4000000e+01   4.9000000e+01   0.0000000e+00   0.0000000e+00
   2.0170000e+03   7.0000000e+00   2.4000000e+01   1.4000000e+01   5.0000000e+01   0.0000000e+00   0.0000000e+00
   2.0170000e+03   7.0000000e+00   2.4000000e+01   1.4000000e+01   5.1000000e+01   0.0000000e+00   0.0000000e+00
   2.0170000e+03   7.0000000e+00   2.4000000e+01   1.4000000e+01   5.2000000e+01   0.0000000e+00   0.0000000e+00
   2.0170000e+03   7.0000000e+00   2.4000000e+01   1.4000000e+01   5.3000000e+01   0.0000000e+00   0.0000000e+00
   2.0170000e+03   7.0000000e+00   2.4000000e+01   1.4000000e+01   5.4000000e+01   0.0000000e+00   0.0000000e+00
   2.0170000e+03   7.0000000e+00   2.4000000e+01   1.4000000e+01   5.5000000e+01   0.0000000e+00   0.0000000e+00
   2.0170000e+03   7.0000000e+00   2.4000000e+01   1.4000000e+01   5.6000000e+01   0.0000000e+00   0.0000000e+00
   2.0170000e+03   7.0000000e+00   2.4000000e+01   1.4000000e+01   5.7000000e+01   0.0000000e+00   0.0000000e+00
   2.0170000e+03   7.0000000e+00   2.4000000e+01   1.4000000e+01   5.8000000e+01   0.0000000e+00   0.0000000e+00
   2.0170000e+03   7.0000000e+00   2.4000000e+01   1.4000000e+01   5.9000000e+01   0.0000000e+00   0.0000000e+00
   2.0170000e+03   7.0000000e+00   2.4000000e+01   1.5000000e+01   0.0000000e+00   0.0000000e+00   0.0000000e+00
   2.0170000e+03   7.0000000e+00   2.4000000e+01   1.5000000e+01   1.0000000e+00   0.0000000e+00   0.0000000e+00
   2.0170000e+03   7.0000000e+00   2.4000000e+01   1.5000000e+01   2.0000000e+00   0.0000000e+00   0.0000000e+00
   2.0170000e+03   7.0000000e+00   2.4000000e+01   1.5000000e+01   3.0000000e+00   0.0000000e+00   0.0000000e+00
   2.0170000e+03   7.0000000e+00   2.4000000e+01   1.5000000e+01   4.0000000e+00   0.0000000e+00   0.0000000e+00
   2.0170000e+03   7.0000000e+00   2.4000000e+01   1.5000000e+01   5.0000000e+00   0.0000000e+00   0.0000000e+00
   2.0170000e+03   7.0000000e+00   2.4000000e+01   1.5000000e+01   6.0000000e+00   0.0000000e+00   0.0000000e+00
   2.0170000e+03   7.0000000e+00   2.4000000e+01   1.5000000e+01   7.0000000e+00   0.0000000e+00   0.0000000e+00
   2.0170000e+03   7.0000000e+00   2.4000000e+01   1.5000000e+01   8.0000000e+00   0.0000000e+00   0.0000000e+00
   2.0170000e+03   7.0000000e+00   2.4000000e+01   1.5000000e+01   9.0000000e+00   0.0000000e+00   0.0000000e+00
   2.0170000e+03   7.0000000e+00   2.4000000e+01   1.5000000e+01   1.0000000e+01   0.0000000e+00   0.0000000e+00
   2.0170000e+03   7.0000000e+00   2.4000000e+01   1.5000000e+01   1.1000000e+01   0.0000000e+00   0.0000000e+00
   2.0170000e+03   7.0000000e+00   2.4000000e+01   1.5000000e+01   1.2000000e+01   0.0000000e+00   0.0000000e+00
   2.0170000e+03   7.0000000e+00   2.4000000e+01   1.5000000e+01   1.3000000e+01   0.0000000e+00   0.0000000e+00
   2.0170000e+03   7.0000000e+00   2.4000000e+01   1.5000000e+01   1.4000000e+01   0.0000000e+00   0.0000000e+00
   2.0170000e+03   7.0000000e+00   2.4000000e+01   1.5000000e+01   1.5000000e+01   0.0000000e+00   0.0000000e+00
   2.0170000e+03   7.0000000e+00   2.4000000e+01   1.5000000e+01   1.6000000e+01   0.0000000e+00   0.0000000e+00
   2.0170000e+03   7.0000000e+00   2.4000000e+01   1.5000000e+01   1.7000000e+01   0.0000000e+00   0.0000000e+00
   2.0170000e+03   7.0000000e+00   2.4000000e+01   1.5000000e+01   1.8000000e+01   0.0000000e+00   0.0000000e+00
   2.0170000e+03   7.0000000e+00   2.4000000e+01   1.5000000e+01   1.9000000e+01   0.0000000e+00   4.8000000e-01
   2.0170000e+03   7.0000000e+00   2.4000000e+01   1.5000000e+01   2.0000000e+01   0.0000000e+00   1.2000006e-01
   2.0170000e+03   7.0000000e+00   2.4000000e+01   1.5000000e+01   2.1000000e+01   0.0000000e+00   0.0000000e+00
   2.0170000e+03   7.0000000e+00   2.4000000e+01   1.5000000e+01   2.2000000e+01   0.0000000e+00   0.0000000e+00
   2.0170000e+03   7.0000000e+00   2.4000000e+01   1.5000000e+01   2.3000000e+01   0.0000000e+00   0.0000000e+00
   2.0170000e+03   7.0000000e+00   2.4000000e+01   1.5000000e+01   2.4000000e+01   0.0000000e+00   0.0000000e+00
   2.0170000e+03   7.0000000e+00   2.4000000e+01   1.5000000e+01   2.5000000e+01   0.0000000e+00   0.0000000e+00
   2.0170000e+03   7.0000000e+00   2.4000000e+01   1.5000000e+01   2.6000000e+01   0.0000000e+00   0.0000000e+00
   2.0170000e+03   7.0000000e+00   2.4000000e+01   1.5000000e+01   2.7000000e+01   0.0000000e+00   0.0000000e+00
   2.0170000e+03   7.0000000e+00   2.4000000e+01   1.5000000e+01   2.8000000e+01   0.0000000e+00   0.0000000e+00
   2.0170000e+03   7.0000000e+00   2.4000000e+01   1.5000000e+01   2.9000000e+01   0.0000000e+00   0.0000000e+00
   2.0170000e+03   7.0000000e+00   2.4000000e+01   1.5000000e+01   3.0000000e+01   0.0000000e+00   0.0000000e+00
   2.0170000e+03   7.0000000e+00   2.4000000e+01   1.5000000e+01   3.1000000e+01   0.0000000e+00   0.0000000e+00
   2.0170000e+03   7.0000000e+00   2.4000000e+01   1.5000000e+01   3.2000000e+01   0.0000000e+00   0.0000000e+00
   2.0170000e+03   7.0000000e+00   2.4000000e+01   1.5000000e+01   3.3000000e+01   0.0000000e+00   0.0000000e+00
   2.0170000e+03   7.0000000e+00   2.4000000e+01   1.5000000e+01   3.4000000e+01   0.0000000e+00   0.0000000e+00
   2.0170000e+03   7.0000000e+00   2.4000000e+01   1.5000000e+01   3.5000000e+01   0.0000000e+00   0.0000000e+00
   2.0170000e+03   7.0000000e+00   2.4000000e+01   1.5000000e+01   3.6000000e+01   0.0000000e+00   0.0000000e+00
   2.0170000e+03   7.0000000e+00   2.4000000e+01   1.5000000e+01   3.7000000e+01   0.0000000e+00   0.0000000e+00
   2.0170000e+03   7.0000000e+00   2.4000000e+01   1.5000000e+01   3.8000000e+01   0.0000000e+00   0.0000000e+00
   2.0170000e+03   7.0000000e+00   2.4000000e+01   1.5000000e+01   3.9000000e+01   0.0000000e+00   0.0000000e+00
   2.0170000e+03   7.0000000e+00   2.4000000e+01   1.5000000e+01   4.0000000e+01   0.0000000e+00   0.0000000e+00
   2.0170000e+03   7.0000000e+00   2.4000000e+01   1.5000000e+01   4.1000000e+01   0.0000000e+00   4.8000000e-01
   2.0170000e+03   7.0000000e+00   2.4000000e+01   1.5000000e+01   4.2000000e+01   0.0000000e+00   1.1999994e-01
   2.0170000e+03   7.0000000e+00   2.4000000e+01   1.5000000e+01   4.3000000e+01   0.0000000e+00   4.8000002e-01
   2.0170000e+03   7.0000000e+00   2.4000000e+01   1.5000000e+01   4.4000000e+01   0.0000000e+00   1.2000000e-01
   2.0170000e+03   7.0000000e+00   2.4000000e+01   1.5000000e+01   4.5000000e+01   0.0000000e+00   4.8000006e-01
   2.0170000e+03   7.0000000e+00   2.4000000e+01   1.5000000e+01   4.6000000e+01   0.0000000e+00   1.0800000e+00
   2.0170000e+03   7.0000000e+00   2.4000000e+01   1.5000000e+01   4.7000000e+01   0.0000000e+00   1.6800000e+00
   2.0170000e+03   7.0000000e+00   2.4000000e+01   1.5000000e+01   4.8000000e+01   0.0000000e+00   1.3200001e+00
   2.0170000e+03   7.0000000e+00   2.4000000e+01   1.5000000e+01   4.9000000e+01   0.0000000e+00   1.2000000e+00
   2.0170000e+03   7.0000000e+00   2.4000000e+01   1.5000000e+01   5.0000000e+01   0.0000000e+00   1.6800000e+00
   2.0170000e+03   7.0000000e+00   2.4000000e+01   1.5000000e+01   5.1000000e+01   0.0000000e+00   1.3200001e+00
   2.0170000e+03   7.0000000e+00   2.4000000e+01   1.5000000e+01   5.2000000e+01   0.0000000e+00   7.2000002e-01
   2.0170000e+03   7.0000000e+00   2.4000000e+01   1.5000000e+01   5.3000000e+01   0.0000000e+00   6.0000000e-01
   2.0170000e+03   7.0000000e+00   2.4000000e+01   1.5000000e+01   5.4000000e+01   0.0000000e+00   6.0000000e-01
   2.0170000e+03   7.0000000e+00   2.4000000e+01   1.5000000e+01   5.5000000e+01   0.0000000e+00   6.0000000e-01
   2.0170000e+03   7.0000000e+00   2.4000000e+01   1.5000000e+01   5.6000000e+01   0.0000000e+00   6.0000000e-01
   2.0170000e+03   7.0000000e+00   2.4000000e+01   1.5000000e+01   5.7000000e+01   0.0000000e+00   1.0800000e+00
   2.0170000e+03   7.0000000e+00   2.4000000e+01   1.5000000e+01   5.8000000e+01   0.0000000e+00   7.2000000e-01
   2.0170000e+03   7.0000000e+00   2.4000000e+01   1.5000000e+01   5.9000000e+01   0.0000000e+00   6.0000000e-01
   2.0170000e+03   7.0000000e+00   2.4000000e+01   1.6000000e+01   0.0000000e+00   0.0000000e+00   6.0000000e-01
   2.0170000e+03   7.0000000e+00   2.4000000e+01   1.6000000e+01   1.0000000e+00   0.0000000e+00   6.0000000e-01
   2.0170000e+03   7.0000000e+00   2.4000000e+01   1.6000000e+01   2.0000000e+00   0.0000000e+00   1.1999994e-01
   2.0170000e+03   7.0000000e+00   2.4000000e+01   1.6000000e+01   3.0000000e+00   0.0000000e+00   4.8000002e-01
   2.0170000e+03   7.0000000e+00   2.4000000e+01   1.6000000e+01   4.0000000e+00   0.0000000e+00   6.0000000e-01
   2.0170000e+03   7.0000000e+00   2.4000000e+01   1.6000000e+01   5.0000000e+00   0.0000000e+00   6.0000000e-01
   2.0170000e+03   7.0000000e+00   2.4000000e+01   1.6000000e+01   6.0000000e+00   0.0000000e+00   1.0800000e+00
   2.0170000e+03   7.0000000e+00   2.4000000e+01   1.6000000e+01   7.0000000e+00   0.0000000e+00   7.2000000e-01
   2.0170000e+03   7.0000000e+00   2.4000000e+01   1.6000000e+01   8.0000000e+00   0.0000000e+00   6.0000000e-01
   2.0170000e+03   7.0000000e+00   2.4000000e+01   1.6000000e+01   9.0000000e+00   0.0000000e+00   6.0000000e-01
   2.0170000e+03   7.0000000e+00   2.4000000e+01   1.6000000e+01   1.0000000e+01   0.0000000e+00   1.0800000e+00
   2.0170000e+03   7.0000000e+00   2.4000000e+01   1.6000000e+01   1.1000000e+01   0.0000000e+00   1.2000000e+00
   2.0170000e+03   7.0000000e+00   2.4000000e+01   1.6000000e+01   1.2000000e+01   0.0000000e+00   7.2000000e-01
   2.0170000e+03   7.0000000e+00   2.4000000e+01   1.6000000e+01   1.3000000e+01   0.0000000e+00   6.0000000e-01
   2.0170000e+03   7.0000000e+00   2.4000000e+01   1.6000000e+01   1.4000000e+01   0.0000000e+00   6.0000000e-01
   2.0170000e+03   7.0000000e+00   2.4000000e+01   1.6000000e+01   1.5000000e+01   0.0000000e+00   6.0000000e-01
   2.0170000e+03   7.0000000e+00   2.4000000e+01   1.6000000e+01   1.6000000e+01   0.0000000e+00   1.2000006e-01
   2.0170000e+03   7.0000000e+00   2.4000000e+01   1.6000000e+01   1.7000000e+01   0.0000000e+00   4.7999998e-01
   2.0170000e+03   7.0000000e+00   2.4000000e+01   1.6000000e+01   1.8000000e+01   0.0000000e+00   6.0000000e-01
   2.0170000e+03   7.0000000e+00   2.4000000e+01   1.6000000e+01   1.9000000e+01   0.0000000e+00   1.2000006e-01
   2.0170000e+03   7.0000000e+00   2.4000000e+01   1.6000000e+01   2.0000000e+01   0.0000000e+00   4.7999998e-01
   2.0170000e+03   7.0000000e+00   2.4000000e+01   1.6000000e+01   2.1000000e+01   0.0000000e+00   1.0800000e+00
   2.0170000e+03   7.0000000e+00   2.4000000e+01   1.6000000e+01   2.2000000e+01   0.0000000e+00   1.2000000e+00
   2.0170000e+03   7.0000000e+00   2.4000000e+01   1.6000000e+01   2.3000000e+01   0.0000000e+00   1.6800000e+00
   2.0170000e+03   7.0000000e+00   2.4000000e+01   1.6000000e+01   2.4000000e+01   0.0000000e+00   1.3200000e+00
   2.0170000e+03   7.0000000e+00   2.4000000e+01   1.6000000e+01   2.5000000e+01   0.0000000e+00   1.2000000e+00
   2.0170000e+03   7.0000000e+00   2.4000000e+01   1.6000000e+01   2.6000000e+01   0.0000000e+00   1.6800000e+00
   2.0170000e+03   7.0000000e+00   2.4000000e+01   1.6000000e+01   2.7000000e+01   0.0000000e+00   2.2800001e+00
   2.0170000e+03   7.0000000e+00   2.4000000e+01   1.6000000e+01   2.8000000e+01   0.0000000e+00   1.9200000e+00
   2.0170000e+03   7.0000000e+00   2.4000000e+01   1.6000000e+01   2.9000000e+01   0.0000000e+00   1.3200000e+00
   2.0170000e+03   7.0000000e+00   2.4000000e+01   1.6000000e+01   3.0000000e+01   0.0000000e+00   1.2000000e+00
   2.0170000e+03   7.0000000e+00   2.4000000e+01   1.6000000e+01   3.1000000e+01   0.0000000e+00   1.6800000e+00
   2.0170000e+03   7.0000000e+00   2.4000000e+01   1.6000000e+01   3.2000000e+01   0.0000000e+00   3.7200000e+00
   2.0170000e+03   7.0000000e+00   2.4000000e+01   1.6000000e+01   3.3000000e+01   0.0000000e+00   3.7200001e+00
   2.0170000e+03   7.0000000e+00   2.4000000e+01   1.6000000e+01   3.4000000e+01   0.0000000e+00   4.5600000e+00
   2.0170000e+03   7.0000000e+00   2.4000000e+01   1.6000000e+01   3.5000000e+01   0.0000000e+00   6.2400000e+00
   2.0170000e+03   7.0000000e+00   2.4000000e+01   1.6000000e+01   3.6000000e+01   0.0000000e+00   9.9599996e+00
   2.0170000e+03   7.0000000e+00   2.4000000e+01   1.6000000e+01   3.7000000e+01   0.0000000e+00   6.9600001e+00
   2.0170000e+03   7.0000000e+00   2.4000000e+01   1.6000000e+01   3.8000000e+01   0.0000000e+00   6.0000000e+00
   2.0170000e+03   7.0000000e+00   2.4000000e+01   1.6000000e+01   3.9000000e+01   0.0000000e+00   6.9600000e+00
   2.0170000e+03   7.0000000e+00   2.4000000e+01   1.6000000e+01   4.0000000e+01   0.0000000e+00   7.2000000e+00
   2.0170000e+03   7.0000000e+00   2.4000000e+01   1.6000000e+01   4.1000000e+01   0.0000000e+00   7.6800001e+00
   2.0170000e+03   7.0000000e+00   2.4000000e+01   1.6000000e+01   4.2000000e+01   0.0000000e+00   4.9199999e+00
   2.0170000e+03   7.0000000e+00   2.4000000e+01   1.6000000e+01   4.3000000e+01   0.0000000e+00   3.7200000e+00
   2.0170000e+03   7.0000000e+00   2.4000000e+01   1.6000000e+01   4.4000000e+01   0.0000000e+00   3.1199999e+00
   2.0170000e+03   7.0000000e+00   2.4000000e+01   1.6000000e+01   4.5000000e+01   0.0000000e+00   1.5600000e+00
   2.0170000e+03   7.0000000e+00   2.4000000e+01   1.6000000e+01   4.6000000e+01   0.0000000e+00   1.6800000e+00
   2.0170000e+03   7.0000000e+00   2.4000000e+01   1.6000000e+01   4.7000000e+01   0.0000000e+00   8.3999988e-01
   2.0170000e+03   7.0000000e+00   2.4000000e+01   1.6000000e+01   4.8000000e+01   0.0000000e+00   6.0000000e-01
   2.0170000e+03   7.0000000e+00   2.4000000e+01   1.6000000e+01   4.9000000e+01   0.0000000e+00   6.0000000e-01
   2.0170000e+03   7.0000000e+00   2.4000000e+01   1.6000000e+01   5.0000000e+01   0.0000000e+00   6.0000000e-01
   2.0170000e+03   7.0000000e+00   2.4000000e+01   1.6000000e+01   5.1000000e+01   0.0000000e+00   6.0000000e-01
   2.0170000e+03   7.0000000e+00   2.4000000e+01   1.6000000e+01   5.2000000e+01   0.0000000e+00   1.0800000e+00
   2.0170000e+03   7.0000000e+00   2.4000000e+01   1.6000000e+01   5.3000000e+01   0.0000000e+00   1.2000000e+00
   2.0170000e+03   7.0000000e+00   2.4000000e+01   1.6000000e+01   5.4000000e+01   0.0000000e+00   1.2000000e+00
   2.0170000e+03   7.0000000e+00   2.4000000e+01   1.6000000e+01   5.5000000e+01   0.0000000e+00   1.2000000e+00
   2.0170000e+03   7.0000000e+00   2.4000000e+01   1.6000000e+01   5.6000000e+01   0.0000000e+00   2.1600000e+00
   2.0170000e+03   7.0000000e+00   2.4000000e+01   1.6000000e+01   5.7000000e+01   0.0000000e+00   2.8800000e+00
   2.0170000e+03   7.0000000e+00   2.4000000e+01   1.6000000e+01   5.8000000e+01   0.0000000e+00   3.0000000e+00
   2.0170000e+03   7.0000000e+00   2.4000000e+01   1.6000000e+01   5.9000000e+01   0.0000000e+00   2.5200000e+00
   2.0170000e+03   7.0000000e+00   2.4000000e+01   1.7000000e+01   0.0000000e+00   0.0000000e+00   1.9200000e+00
   2.0170000e+03   7.0000000e+00   2.4000000e+01   1.7000000e+01   1.0000000e+00   0.0000000e+00   4.1999997e+00
   2.0170000e+03   7.0000000e+00   2.4000000e+01   1.7000000e+01   2.0000000e+00   0.0000000e+00   3.8400000e+00
   2.0170000e+03   7.0000000e+00   2.4000000e+01   1.7000000e+01   3.0000000e+00   0.0000000e+00   3.6000000e+00
   2.0170000e+03   7.0000000e+00   2.4000000e+01   1.7000000e+01   4.0000000e+00   0.0000000e+00   5.0399998e+00
   2.0170000e+03   7.0000000e+00   2.4000000e+01   1.7000000e+01   5.0000000e+00   0.0000000e+00   3.9600000e+00
   2.0170000e+03   7.0000000e+00   2.4000000e+01   1.7000000e+01   6.0000000e+00   0.0000000e+00   4.5600000e+00
   2.0170000e+03   7.0000000e+00   2.4000000e+01   1.7000000e+01   7.0000000e+00   0.0000000e+00   2.8800000e+00
   2.0170000e+03   7.0000000e+00   2.4000000e+01   1.7000000e+01   8.0000000e+00   0.0000000e+00   1.9200000e+00
   2.0170000e+03   7.0000000e+00   2.4000000e+01   1.7000000e+01   9.0000000e+00   0.0000000e+00   1.8000000e+00
   2.0170000e+03   7.0000000e+00   2.4000000e+01   1.7000000e+01   1.0000000e+01   0.0000000e+00   1.8000000e+00
   2.0170000e+03   7.0000000e+00   2.4000000e+01   1.7000000e+01   1.1000000e+01   0.0000000e+00   1.3200000e+00
   2.0170000e+03   7.0000000e+00   2.4000000e+01   1.7000000e+01   1.2000000e+01   0.0000000e+00   7.1999994e-01
   2.0170000e+03   7.0000000e+00   2.4000000e+01   1.7000000e+01   1.3000000e+01   0.0000000e+00   1.0800000e+00
   2.0170000e+03   7.0000000e+00   2.4000000e+01   1.7000000e+01   1.4000000e+01   0.0000000e+00   1.2000000e+00
   2.0170000e+03   7.0000000e+00   2.4000000e+01   1.7000000e+01   1.5000000e+01   0.0000000e+00   1.6800001e+00
   2.0170000e+03   7.0000000e+00   2.4000000e+01   1.7000000e+01   1.6000000e+01   0.0000000e+00   2.2800000e+00
   2.0170000e+03   7.0000000e+00   2.4000000e+01   1.7000000e+01   1.7000000e+01   0.0000000e+00   3.8400000e+00
   2.0170000e+03   7.0000000e+00   2.4000000e+01   1.7000000e+01   1.8000000e+01   0.0000000e+00   5.6399998e+00
   2.0170000e+03   7.0000000e+00   2.4000000e+01   1.7000000e+01   1.9000000e+01   0.0000000e+00   2.6400001e+00
   2.0170000e+03   7.0000000e+00   2.4000000e+01   1.7000000e+01   2.0000000e+01   0.0000000e+00   8.4000000e-01
   2.0170000e+03   7.0000000e+00   2.4000000e+01   1.7000000e+01   2.1000000e+01   0.0000000e+00   6.0000000e-01
   2.0170000e+03   7.0000000e+00   2.4000000e+01   1.7000000e+01   2.2000000e+01   0.0000000e+00   6.0000000e-01
   2.0170000e+03   7.0000000e+00   2.4000000e+01   1.7000000e+01   2.3000000e+01   0.0000000e+00   1.2000000e-01
   2.0170000e+03   7.0000000e+00   2.4000000e+01   1.7000000e+01   2.4000000e+01   0.0000000e+00   4.8000000e-01
   2.0170000e+03   7.0000000e+00   2.4000000e+01   1.7000000e+01   2.5000000e+01   0.0000000e+00   6.0000000e-01
   2.0170000e+03   7.0000000e+00   2.4000000e+01   1.7000000e+01   2.6000000e+01   0.0000000e+00   1.5600001e+00
   2.0170000e+03   7.0000000e+00   2.4000000e+01   1.7000000e+01   2.7000000e+01   0.0000000e+00   2.2800000e+00
   2.0170000e+03   7.0000000e+00   2.4000000e+01   1.7000000e+01   2.8000000e+01   0.0000000e+00   9.6000000e-01
   2.0170000e+03   7.0000000e+00   2.4000000e+01   1.7000000e+01   2.9000000e+01   0.0000000e+00   6.0000000e-01
   2.0170000e+03   7.0000000e+00   2.4000000e+01   1.7000000e+01   3.0000000e+01   0.0000000e+00   1.1999998e-01
   2.0170000e+03   7.0000000e+00   2.4000000e+01   1.7000000e+01   3.1000000e+01   0.0000000e+00   4.8000000e-01
   2.0170000e+03   7.0000000e+00   2.4000000e+01   1.7000000e+01   3.2000000e+01   0.0000000e+00   1.1999994e-01
   2.0170000e+03   7.0000000e+00   2.4000000e+01   1.7000000e+01   3.3000000e+01   0.0000000e+00   4.8000002e-01
   2.0170000e+03   7.0000000e+00   2.4000000e+01   1.7000000e+01   3.4000000e+01   0.0000000e+00   1.2000000e-01
   2.0170000e+03   7.0000000e+00   2.4000000e+01   1.7000000e+01   3.5000000e+01   0.0000000e+00   0.0000000e+00
   2.0170000e+03   7.0000000e+00   2.4000000e+01   1.7000000e+01   3.6000000e+01   0.0000000e+00   0.0000000e+00
   2.0170000e+03   7.0000000e+00   2.4000000e+01   1.7000000e+01   3.7000000e+01   0.0000000e+00   0.0000000e+00
   2.0170000e+03   7.0000000e+00   2.4000000e+01   1.7000000e+01   3.8000000e+01   0.0000000e+00   4.8000000e-01
   2.0170000e+03   7.0000000e+00   2.4000000e+01   1.7000000e+01   3.9000000e+01   0.0000000e+00   1.2000000e-01
   2.0170000e+03   7.0000000e+00   2.4000000e+01   1.7000000e+01   4.0000000e+01   0.0000000e+00   0.0000000e+00
   2.0170000e+03   7.0000000e+00   2.4000000e+01   1.7000000e+01   4.1000000e+01   0.0000000e+00   0.0000000e+00
   2.0170000e+03   7.0000000e+00   2.4000000e+01   1.7000000e+01   4.2000000e+01   0.0000000e+00   0.0000000e+00
   2.0170000e+03   7.0000000e+00   2.4000000e+01   1.7000000e+01   4.3000000e+01   0.0000000e+00   0.0000000e+00
   2.0170000e+03   7.0000000e+00   2.4000000e+01   1.7000000e+01   4.4000000e+01   0.0000000e+00   0.0000000e+00
   2.0170000e+03   7.0000000e+00   2.4000000e+01   1.7000000e+01   4.5000000e+01   0.0000000e+00   0.0000000e+00
   2.0170000e+03   7.0000000e+00   2.4000000e+01   1.7000000e+01   4.6000000e+01   0.0000000e+00   0.0000000e+00
   2.0170000e+03   7.0000000e+00   2.4000000e+01   1.7000000e+01   4.7000000e+01   0.0000000e+00   0.0000000e+00
   2.0170000e+03   7.0000000e+00   2.4000000e+01   1.7000000e+01   4.8000000e+01   0.0000000e+00   0.0000000e+00
   2.0170000e+03   7.0000000e+00   2.4000000e+01   1.7000000e+01   4.9000000e+01   0.0000000e+00   0.0000000e+00
   2.0170000e+03   7.0000000e+00   2.4000000e+01   1.7000000e+01   5.0000000e+01   0.0000000e+00   0.0000000e+00
   2.0170000e+03   7.0000000e+00   2.4000000e+01   1.7000000e+01   5.1000000e+01   0.0000000e+00   0.0000000e+00
   2.0170000e+03   7.0000000e+00   2.4000000e+01   1.7000000e+01   5.2000000e+01   0.0000000e+00   0.0000000e+00
   2.0170000e+03   7.0000000e+00   2.4000000e+01   1.7000000e+01   5.3000000e+01   0.0000000e+00   4.8000000e-01
   2.0170000e+03   7.0000000e+00   2.4000000e+01   1.7000000e+01   5.4000000e+01   0.0000000e+00   1.2000000e-01
   2.0170000e+03   7.0000000e+00   2.4000000e+01   1.7000000e+01   5.5000000e+01   0.0000000e+00   0.0000000e+00
   2.0170000e+03   7.0000000e+00   2.4000000e+01   1.7000000e+01   5.6000000e+01   0.0000000e+00   0.0000000e+00
   2.0170000e+03   7.0000000e+00   2.4000000e+01   1.7000000e+01   5.7000000e+01   0.0000000e+00   0.0000000e+00
   2.0170000e+03   7.0000000e+00   2.4000000e+01   1.7000000e+01   5.8000000e+01   0.0000000e+00   0.0000000e+00
   2.0170000e+03   7.0000000e+00   2.4000000e+01   1.7000000e+01   5.9000000e+01   0.0000000e+00   0.0000000e+00
   2.0170000e+03   7.0000000e+00   2.4000000e+01   1.8000000e+01   0.0000000e+00   0.0000000e+00   0.0000000e+00
   2.0170000e+03   7.0000000e+00   2.4000000e+01   1.8000000e+01   1.0000000e+00   0.0000000e+00   0.0000000e+00
   2.0170000e+03   7.0000000e+00   2.4000000e+01   1.8000000e+01   2.0000000e+00   0.0000000e+00   0.0000000e+00
   2.0170000e+03   7.0000000e+00   2.4000000e+01   1.8000000e+01   3.0000000e+00   0.0000000e+00   0.0000000e+00
   2.0170000e+03   7.0000000e+00   2.4000000e+01   1.8000000e+01   4.0000000e+00   0.0000000e+00   0.0000000e+00
   2.0170000e+03   7.0000000e+00   2.4000000e+01   1.8000000e+01   5.0000000e+00   0.0000000e+00   0.0000000e+00
   2.0170000e+03   7.0000000e+00   2.4000000e+01   1.8000000e+01   6.0000000e+00   0.0000000e+00   0.0000000e+00
   2.0170000e+03   7.0000000e+00   2.4000000e+01   1.8000000e+01   7.0000000e+00   0.0000000e+00   0.0000000e+00
   2.0170000e+03   7.0000000e+00   2.4000000e+01   1.8000000e+01   8.0000000e+00   0.0000000e+00   0.0000000e+00
   2.0170000e+03   7.0000000e+00   2.4000000e+01   1.8000000e+01   9.0000000e+00   0.0000000e+00   0.0000000e+00
   2.0170000e+03   7.0000000e+00   2.4000000e+01   1.8000000e+01   1.0000000e+01   0.0000000e+00   0.0000000e+00
   2.0170000e+03   7.0000000e+00   2.4000000e+01   1.8000000e+01   1.1000000e+01   0.0000000e+00   0.0000000e+00
   2.0170000e+03   7.0000000e+00   2.4000000e+01   1.8000000e+01   1.2000000e+01   0.0000000e+00   0.0000000e+00
   2.0170000e+03   7.0000000e+00   2.4000000e+01   1.8000000e+01   1.3000000e+01   0.0000000e+00   0.0000000e+00
   2.0170000e+03   7.0000000e+00   2.4000000e+01   1.8000000e+01   1.4000000e+01   0.0000000e+00   0.0000000e+00
   2.0170000e+03   7.0000000e+00   2.4000000e+01   1.8000000e+01   1.5000000e+01   0.0000000e+00   0.0000000e+00
   2.0170000e+03   7.0000000e+00   2.4000000e+01   1.8000000e+01   1.6000000e+01   0.0000000e+00   0.0000000e+00
   2.0170000e+03   7.0000000e+00   2.4000000e+01   1.8000000e+01   1.7000000e+01   0.0000000e+00   0.0000000e+00
   2.0170000e+03   7.0000000e+00   2.4000000e+01   1.8000000e+01   1.8000000e+01   0.0000000e+00   0.0000000e+00
   2.0170000e+03   7.0000000e+00   2.4000000e+01   1.8000000e+01   1.9000000e+01   0.0000000e+00   0.0000000e+00
   2.0170000e+03   7.0000000e+00   2.4000000e+01   1.8000000e+01   2.0000000e+01   0.0000000e+00   0.0000000e+00
   2.0170000e+03   7.0000000e+00   2.4000000e+01   1.8000000e+01   2.1000000e+01   0.0000000e+00   0.0000000e+00
   2.0170000e+03   7.0000000e+00   2.4000000e+01   1.8000000e+01   2.2000000e+01   0.0000000e+00   0.0000000e+00
   2.0170000e+03   7.0000000e+00   2.4000000e+01   1.8000000e+01   2.3000000e+01   0.0000000e+00   0.0000000e+00
   2.0170000e+03   7.0000000e+00   2.4000000e+01   1.8000000e+01   2.4000000e+01   0.0000000e+00   0.0000000e+00
   2.0170000e+03   7.0000000e+00   2.4000000e+01   1.8000000e+01   2.5000000e+01   0.0000000e+00   0.0000000e+00
   2.0170000e+03   7.0000000e+00   2.4000000e+01   1.8000000e+01   2.6000000e+01   0.0000000e+00   0.0000000e+00
   2.0170000e+03   7.0000000e+00   2.4000000e+01   1.8000000e+01   2.7000000e+01   0.0000000e+00   0.0000000e+00
   2.0170000e+03   7.0000000e+00   2.4000000e+01   1.8000000e+01   2.8000000e+01   0.0000000e+00   0.0000000e+00
   2.0170000e+03   7.0000000e+00   2.4000000e+01   1.8000000e+01   2.9000000e+01   0.0000000e+00   0.0000000e+00
   2.0170000e+03   7.0000000e+00   2.4000000e+01   1.8000000e+01   3.0000000e+01   0.0000000e+00   0.0000000e+00
   2.0170000e+03   7.0000000e+00   2.4000000e+01   1.8000000e+01   3.1000000e+01   0.0000000e+00   4.7999994e-01
   2.0170000e+03   7.0000000e+00   2.4000000e+01   1.8000000e+01   3.2000000e+01   0.0000000e+00   1.0800000e+00
   2.0170000e+03   7.0000000e+00   2.4000000e+01   1.8000000e+01   3.3000000e+01   0.0000000e+00   1.6800000e+00
   2.0170000e+03   7.0000000e+00   2.4000000e+01   1.8000000e+01   3.4000000e+01   0.0000000e+00   4.1999997e+00
   2.0170000e+03   7.0000000e+00   2.4000000e+01   1.8000000e+01   3.5000000e+01   0.0000000e+00   4.3200000e+00
   2.0170000e+03   7.0000000e+00   2.4000000e+01   1.8000000e+01   3.6000000e+01   0.0000000e+00   3.7200000e+00
   2.0170000e+03   7.0000000e+00   2.4000000e+01   1.8000000e+01   3.7000000e+01   0.0000000e+00   2.6400000e+00
   2.0170000e+03   7.0000000e+00   2.4000000e+01   1.8000000e+01   3.8000000e+01   0.0000000e+00   1.9200000e+00
   2.0170000e+03   7.0000000e+00   2.4000000e+01   1.8000000e+01   3.9000000e+01   0.0000000e+00   8.4000000e-01
   2.0170000e+03   7.0000000e+00   2.4000000e+01   1.8000000e+01   4.0000000e+01   0.0000000e+00   1.2000000e-01
   2.0170000e+03   7.0000000e+00   2.4000000e+01   1.8000000e+01   4.1000000e+01   0.0000000e+00   4.8000000e-01
   2.0170000e+03   7.0000000e+00   2.4000000e+01   1.8000000e+01   4.2000000e+01   0.0000000e+00   6.0000000e-01
   2.0170000e+03   7.0000000e+00   2.4000000e+01   1.8000000e+01   4.3000000e+01   0.0000000e+00   6.0000000e-01
   2.0170000e+03   7.0000000e+00   2.4000000e+01   1.8000000e+01   4.4000000e+01   0.0000000e+00   6.0000000e-01
   2.0170000e+03   7.0000000e+00   2.4000000e+01   1.8000000e+01   4.5000000e+01   0.0000000e+00   6.0000000e-01
   2.0170000e+03   7.0000000e+00   2.4000000e+01   1.8000000e+01   4.6000000e+01   0.0000000e+00   1.1999998e-01
   2.0170000e+03   7.0000000e+00   2.4000000e+01   1.8000000e+01   4.7000000e+01   0.0000000e+00   0.0000000e+00
   2.0170000e+03   7.0000000e+00   2.4000000e+01   1.8000000e+01   4.8000000e+01   0.0000000e+00   9.5999988e-01
   2.0170000e+03   7.0000000e+00   2.4000000e+01   1.8000000e+01   4.9000000e+01   0.0000000e+00   1.2000000e+00
   2.0170000e+03   7.0000000e+00   2.4000000e+01   1.8000000e+01   5.0000000e+01   0.0000000e+00   1.6800000e+00
   2.0170000e+03   7.0000000e+00   2.4000000e+01   1.8000000e+01   5.1000000e+01   0.0000000e+00   1.8000000e+00
   2.0170000e+03   7.0000000e+00   2.4000000e+01   1.8000000e+01   5.2000000e+01   0.0000000e+00   8.4000003e-01
   2.0170000e+03   7.0000000e+00   2.4000000e+01   1.8000000e+01   5.3000000e+01   0.0000000e+00   6.0000000e-01
   2.0170000e+03   7.0000000e+00   2.4000000e+01   1.8000000e+01   5.4000000e+01   0.0000000e+00   1.2000000e-01
   2.0170000e+03   7.0000000e+00   2.4000000e+01   1.8000000e+01   5.5000000e+01   0.0000000e+00   0.0000000e+00
   2.0170000e+03   7.0000000e+00   2.4000000e+01   1.8000000e+01   5.6000000e+01   0.0000000e+00   0.0000000e+00
   2.0170000e+03   7.0000000e+00   2.4000000e+01   1.8000000e+01   5.7000000e+01   0.0000000e+00   4.8000002e-01
   2.0170000e+03   7.0000000e+00   2.4000000e+01   1.8000000e+01   5.8000000e+01   0.0000000e+00   1.2000000e-01
   2.0170000e+03   7.0000000e+00   2.4000000e+01   1.8000000e+01   5.9000000e+01   0.0000000e+00   0.0000000e+00
   2.0170000e+03   7.0000000e+00   2.4000000e+01   1.9000000e+01   0.0000000e+00   0.0000000e+00   0.0000000e+00
   2.0170000e+03   7.0000000e+00   2.4000000e+01   1.9000000e+01   1.0000000e+00   0.0000000e+00   0.0000000e+00
   2.0170000e+03   7.0000000e+00   2.4000000e+01   1.9000000e+01   2.0000000e+00   0.0000000e+00   0.0000000e+00
   2.0170000e+03   7.0000000e+00   2.4000000e+01   1.9000000e+01   3.0000000e+00   0.0000000e+00   0.0000000e+00
   2.0170000e+03   7.0000000e+00   2.4000000e+01   1.9000000e+01   4.0000000e+00   0.0000000e+00   0.0000000e+00
   2.0170000e+03   7.0000000e+00   2.4000000e+01   1.9000000e+01   5.0000000e+00   0.0000000e+00   0.0000000e+00
   2.0170000e+03   7.0000000e+00   2.4000000e+01   1.9000000e+01   6.0000000e+00   0.0000000e+00   0.0000000e+00
   2.0170000e+03   7.0000000e+00   2.4000000e+01   1.9000000e+01   7.0000000e+00   0.0000000e+00   0.0000000e+00
   2.0170000e+03   7.0000000e+00   2.4000000e+01   1.9000000e+01   8.0000000e+00   0.0000000e+00   0.0000000e+00
   2.0170000e+03   7.0000000e+00   2.4000000e+01   1.9000000e+01   9.0000000e+00   0.0000000e+00   0.0000000e+00
   2.0170000e+03   7.0000000e+00   2.4000000e+01   1.9000000e+01   1.0000000e+01   0.0000000e+00   0.0000000e+00
   2.0170000e+03   7.0000000e+00   2.4000000e+01   1.9000000e+01   1.1000000e+01   0.0000000e+00   0.0000000e+00
   2.0170000e+03   7.0000000e+00   2.4000000e+01   1.9000000e+01   1.2000000e+01   0.0000000e+00   0.0000000e+00
   2.0170000e+03   7.0000000e+00   2.4000000e+01   1.9000000e+01   1.3000000e+01   0.0000000e+00   0.0000000e+00
   2.0170000e+03   7.0000000e+00   2.4000000e+01   1.9000000e+01   1.4000000e+01   0.0000000e+00   0.0000000e+00
   2.0170000e+03   7.0000000e+00   2.4000000e+01   1.9000000e+01   1.5000000e+01   0.0000000e+00   0.0000000e+00
   2.0170000e+03   7.0000000e+00   2.4000000e+01   1.9000000e+01   1.6000000e+01   0.0000000e+00   4.7999994e-01
   2.0170000e+03   7.0000000e+00   2.4000000e+01   1.9000000e+01   1.7000000e+01   0.0000000e+00   1.2000002e-01
   2.0170000e+03   7.0000000e+00   2.4000000e+01   1.9000000e+01   1.8000000e+01   0.0000000e+00   0.0000000e+00
   2.0170000e+03   7.0000000e+00   2.4000000e+01   1.9000000e+01   1.9000000e+01   0.0000000e+00   0.0000000e+00
   2.0170000e+03   7.0000000e+00   2.4000000e+01   1.9000000e+01   2.0000000e+01   0.0000000e+00   0.0000000e+00
   2.0170000e+03   7.0000000e+00   2.4000000e+01   1.9000000e+01   2.1000000e+01   0.0000000e+00   0.0000000e+00
   2.0170000e+03   7.0000000e+00   2.4000000e+01   1.9000000e+01   2.2000000e+01   0.0000000e+00   0.0000000e+00
   2.0170000e+03   7.0000000e+00   2.4000000e+01   1.9000000e+01   2.3000000e+01   0.0000000e+00   0.0000000e+00
   2.0170000e+03   7.0000000e+00   2.4000000e+01   1.9000000e+01   2.4000000e+01   0.0000000e+00   0.0000000e+00
   2.0170000e+03   7.0000000e+00   2.4000000e+01   1.9000000e+01   2.5000000e+01   0.0000000e+00   0.0000000e+00
   2.0170000e+03   7.0000000e+00   2.4000000e+01   1.9000000e+01   2.6000000e+01   0.0000000e+00   0.0000000e+00
   2.0170000e+03   7.0000000e+00   2.4000000e+01   1.9000000e+01   2.7000000e+01   0.0000000e+00   0.0000000e+00
   2.0170000e+03   7.0000000e+00   2.4000000e+01   1.9000000e+01   2.8000000e+01   0.0000000e+00   0.0000000e+00
   2.0170000e+03   7.0000000e+00   2.4000000e+01   1.9000000e+01   2.9000000e+01   0.0000000e+00   0.0000000e+00
   2.0170000e+03   7.0000000e+00   2.4000000e+01   1.9000000e+01   3.0000000e+01   0.0000000e+00   0.0000000e+00