   2.0170000e+03   8.0000000e+00   1.8000000e+01   1.5000000e+01   3.0000000e+01   0.0000000e+00   0.0000000e+00
   2.0170000e+03   8.0000000e+00   1.8000000e+01   1.5000000e+01   3.1000000e+01   0.0000000e+00   0.0000000e+00
   2.0170000e+03   8.0000000e+00   1.8000000e+01   1.5000000e+01   3.2000000e+01   0.0000000e+00   0.0000000e+00
   2.0170000e+03   8.0000000e+00   1.8000000e+01   1.5000000e+01   3.3000000e+01   0.0000000e+00   0.0000000e+00
   2.0170000e+03   8.0000000e+00   1.8000000e+01   1.5000000e+01   3.4000000e+01   0.0000000e+00   0.0000000e+00
   2.0170000e+03   8.0000000e+00   1.8000000e+01   1.5000000e+01   3.5000000e+01   0.0000000e+00   0.0000000e+00
   2.0170000e+03   8.0000000e+00   1.8000000e+01   1.5000000e+01   3.6000000e+01   0.0000000e+00   0.0000000e+00
   2.0170000e+03   8.0000000e+00   1.8000000e+01   1.5000000e+01   3.7000000e+01   0.0000000e+00   0.0000000e+00
   2.0170000e+03   8.0000000e+00   1.8000000e+01   1.5000000e+01   3.8000000e+01   0.0000000e+00   0.0000000e+00
   2.0170000e+03   8.0000000e+00   1.8000000e+01   1.5000000e+01   3.9000000e+01   0.0000000e+00   0.0000000e+00
   2.0170000e+03   8.0000000e+00   1.8000000e+01   1.5000000e+01   4.0000000e+01   0.0000000e+00   0.0000000e+00
   2.0170000e+03   8.0000000e+00   1.8000000e+01   1.5000000e+01   4.1000000e+01   0.0000000e+00   0.0000000e+00
   2.0170000e+03   8.0000000e+00   1.8000000e+01   1.5000000e+01   4.2000000e+01   0.0000000e+00   0.0000000e+00
   2.0170000e+03   8.0000000e+00   1.8000000e+01   1.5000000e+01   4.3000000e+01   0.0000000e+00   0.0000000e+00
   2.0170000e+03   8.0000000e+00   1.8000000e+01   1.5000000e+01   4.4000000e+01   0.0000000e+00   0.0000000e+00
   2.0170000e+03   8.0000000e+00   1.8000000e+01   1.5000000e+01   4.5000000e+01   0.0000000e+00   0.0000000e+00
   2.0170000e+03   8.0000000e+00   1.8000000e+01   1.5000000e+01   4.6000000e+01   0.0000000e+00   0.0000000e+00
   2.0170000e+03   8.0000000e+00   1.8000000e+01   1.5000000e+01   4.7000000e+01   0.0000000e+00   0.0000000e+00
   2.0170000e+03   8.0000000e+00   1.8000000e+01   1.5000000e+01   4.8000000e+01   0.0000000e+00   0.0000000e+00
   2.0170000e+03   8.0000000e+00   1.8000000e+01   1.5000000e+01   4.9000000e+01   0.0000000e+00   0.0000000e+00
   2.0170000e+03   8.0000000e+00   1.8000000e+01   1.5000000e+01   5.0000000e+01   0.0000000e+00   0.0000000e+00
   2.0170000e+03   8.0000000e+00   1.8000000e+01   1.5000000e+01   5.1000000e+01   0.0000000e+00   0.0000000e+00
   2.0170000e+03   8.0000000e+00   1.8000000e+01   1.5000000e+01   5.2000000e+01   0.0000000e+00   0.0000000e+00
   2.0170000e+03   8.0000000e+00   1.8000000e+01   1.5000000e+01   5.3000000e+01   0.0000000e+00   0.0000000e+00
   2.0170000e+03   8.0000000e+00   1.8000000e+01   1.5000000e+01   5.4000000e+01   0.0000000e+00   0.0000000e+00
   2.0170000e+03   8.0000000e+00   1.8000000e+01   1.5000000e+01   5.5000000e+01   0.0000000e+00   0.0000000e+00
   2.0170000e+03   8.0000000e+00   1.8000000e+01   1.5000000e+01   5.6000000e+01   0.0000000e+00   0.0000000e+00
   2.0170000e+03   8.0000000e+00   1.8000000e+01   1.5000000e+01   5.7000000e+01   0.0000000e+00   0.0000000e+00
   2.0170000e+03   8.0000000e+00   1.8000000e+01   1.5000000e+01   5.8000000e+01   0.0000000e+00   0.0000000e+00
   2.0170000e+03   8.0000000e+00   1.8000000e+01   1.5000000e+01   5.9000000e+01   0.0000000e+00   0.0000000e+00
   2.0170000e+03   8.0000000e+00   1.8000000e+01   1.6000000e+01   0.0000000e+00   0.0000000e+00   0.0000000e+00
   2.0170000e+03   8.0000000e+00   1.8000000e+01   1.6000000e+01   1.0000000e+00   0.0000000e+00   0.0000000e+00
   2.0170000e+03   8.0000000e+00   1.8000000e+01   1.6000000e+01   2.0000000e+00   0.0000000e+00   0.0000000e+00
   2.0170000e+03   8.0000000e+00   1.8000000e+01   1.6000000e+01   3.0000000e+00   0.0000000e+00   0.0000000e+00
   2.0170000e+03   8.0000000e+00   1.8000000e+01   1.6000000e+01   4.0000000e+00   0.0000000e+00   0.0000000e+00
   2.0170000e+03   8.0000000e+00   1.8000000e+01   1.6000000e+01   5.0000000e+00   0.0000000e+00   0.0000000e+00
   2.0170000e+03   8.0000000e+00   1.8000000e+01   1.6000000e+01   6.0000000e+00   0.0000000e+00   0.0000000e+00
   2.0170000e+03   8.0000000e+00   1.8000000e+01   1.6000000e+01   7.0000000e+00   0.0000000e+00   0.0000000e+00
   2.0170000e+03   8.0000000e+00   1.8000000e+01   1.6000000e+01   8.0000000e+00   0.0000000e+00   0.0000000e+00
   2.0170000e+03   8.0000000e+00   1.8000000e+01   1.6000000e+01   9.0000000e+00   0.0000000e+00   0.0000000e+00
   2.0170000e+03   8.0000000e+00   1.8000000e+01   1.6000000e+01   1.0000000e+01   0.0000000e+00   0.0000000e+00
   2.0170000e+03   8.0000000e+00   1.8000000e+01   1.6000000e+01   1.1000000e+01   0.0000000e+00   0.0000000e+00
   2.0170000e+03   8.0000000e+00   1.8000000e+01   1.6000000e+01   1.2000000e+01   0.0000000e+00   1.6000000e+00
   2.0170000e+03   8.0000000e+00   1.8000000e+01   1.6000000e+01   1.3000000e+01   0.0000000e+00   4.6000000e+00
   2.0170000e+03   8.0000000e+00   1.8000000e+01   1.6000000e+01   1.4000000e+01   0.0000000e+00   7.9200002e+00
   2.0170000e+03   8.0000000e+00   1.8000000e+01   1.6000000e+01   1.5000000e+01   0.0000000e+00   1.1200000e+01
   2.0170000e+03   8.0000000e+00   1.8000000e+01   1.6000000e+01   1.6000000e+01   0.0000000e+00   9.0800000e+00
   2.0170000e+03   8.0000000e+00   1.8000000e+01   1.6000000e+01   1.7000000e+01   0.0000000e+00   6.9600001e+00
   2.0170000e+03   8.0000000e+00   1.8000000e+01   1.6000000e+01   1.8000000e+01   0.0000000e+00   8.7600001e+00
   2.0170000e+03   8.0000000e+00   1.8000000e+01   1.6000000e+01   1.9000000e+01   0.0000000e+00   1.4080000e+01
   2.0170000e+03   8.0000000e+00   1.8000000e+01   1.6000000e+01   2.0000000e+01   0.0000000e+00   1.7680000e+01
   2.0170000e+03   8.0000000e+00   1.8000000e+01   1.6000000e+01   2.1000000e+01   0.0000000e+00   1.7400000e+01
   2.0170000e+03   8.0000000e+00   1.8000000e+01   1.6000000e+01   2.2000000e+01   0.0000000e+00   1.8360000e+01
   2.0170000e+03   8.0000000e+00   1.8000000e+01   1.6000000e+01   2.3000000e+01   0.0000000e+00   2.3040000e+01
   2.0170000e+03   8.0000000e+00   1.8000000e+01   1.6000000e+01   2.4000000e+01   0.0000000e+00   2.9600000e+01
   2.0170000e+03   8.0000000e+00   1.8000000e+01   1.6000000e+01   2.5000000e+01   0.0000000e+00   5.4800000e+01
   2.0170000e+03   8.0000000e+00   1.8000000e+01   1.6000000e+01   2.6000000e+01   0.0000000e+00   6.6720000e+01
   2.0170000e+03   8.0000000e+00   1.8000000e+01   1.6000000e+01   2.7000000e+01   0.0000000e+00   5.5840000e+01
   2.0170000e+03   8.0000000e+00   1.8000000e+01   1.6000000e+01   2.8000000e+01   0.0000000e+00   5.6680001e+01
   2.0170000e+03   8.0000000e+00   1.8000000e+01   1.6000000e+01   2.9000000e+01   0.0000000e+00   5.2279999e+01
   2.0170000e+03   8.0000000e+00   1.8000000e+01   1.6000000e+01   3.0000000e+01   0.0000000e+00   2.7080000e+01
   2.0170000e+03   8.0000000e+00   1.8000000e+01   1.6000000e+01   3.1000000e+01   0.0000000e+00   7.8799996e+00
   2.0170000e+03   8.0000000e+00   1.8000000e+01   1.6000000e+01   3.2000000e+01   0.0000000e+00   5.7600001e+00
   2.0170000e+03   8.0000000e+00   1.8000000e+01   1.6000000e+01   3.3000000e+01   0.0000000e+00   6.9200000e+00
   2.0170000e+03   8.0000000e+00   1.8000000e+01   1.6000000e+01   3.4000000e+01   0.0000000e+00   6.2400001e+00
   2.0170000e+03   8.0000000e+00   1.8000000e+01   1.6000000e+01   3.5000000e+01   0.0000000e+00   3.8000002e+00
   2.0170000e+03   8.0000000e+00   1.8000000e+01   1.6000000e+01   3.6000000e+01   0.0000000e+00   2.4000000e+00
   2.0170000e+03   8.0000000e+00   1.8000000e+01   1.6000000e+01   3.7000000e+01   0.0000000e+00   2.4000000e+00
   2.0170000e+03   8.0000000e+00   1.8000000e+01   1.6000000e+01   3.8000000e+01   0.0000000e+00   2.4000000e+00
   2.0170000e+03   8.0000000e+00   1.8000000e+01   1.6000000e+01   3.9000000e+01   0.0000000e+00   2.7200000e+00
   2.0170000e+03   8.0000000e+00   1.8000000e+01   1.6000000e+01   4.0000000e+01   0.0000000e+00   3.0000000e+00
   2.0170000e+03   8.0000000e+00   1.8000000e+01   1.6000000e+01   4.1000000e+01   0.0000000e+00   2.6800000e+00
   2.0170000e+03   8.0000000e+00   1.8000000e+01   1.6000000e+01   4.2000000e+01   0.0000000e+00   2.4000000e+00
   2.0170000e+03   8.0000000e+00   1.8000000e+01   1.6000000e+01   4.3000000e+01   0.0000000e+00   3.0400000e+00
   2.0170000e+03   8.0000000e+00   1.8000000e+01   1.6000000e+01   4.4000000e+01   0.0000000e+00   3.9200000e+00
   2.0170000e+03   8.0000000e+00   1.8000000e+01   1.6000000e+01   4.5000000e+01   0.0000000e+00   5.1600001e+00
   2.0170000e+03   8.0000000e+00   1.8000000e+01   1.6000000e+01   4.6000000e+01   0.0000000e+00   5.3599999e+00
   2.0170000e+03   8.0000000e+00   1.8000000e+01   1.6000000e+01   4.7000000e+01   0.0000000e+00   5.1200000e+00
   2.0170000e+03   8.0000000e+00   1.8000000e+01   1.6000000e+01   4.8000000e+01   0.0000000e+00   5.4000000e+00
   2.0170000e+03   8.0000000e+00   1.8000000e+01   1.6000000e+01   4.9000000e+01   0.0000000e+00   5.7200000e+00
   2.0170000e+03   8.0000000e+00   1.8000000e+01   1.6000000e+01   5.0000000e+01   0.0000000e+00   5.6800000e+00
   2.0170000e+03   8.0000000e+00   1.8000000e+01   1.6000000e+01   5.1000000e+01   0.0000000e+00   5.0800000e+00
   2.0170000e+03   8.0000000e+00   1.8000000e+01   1.6000000e+01   5.2000000e+01   0.0000000e+00   4.8000000e+00
   2.0170000e+03   8.0000000e+00   1.8000000e+01   1.6000000e+01   5.3000000e+01   0.0000000e+00   5.7600000e+00
   2.0170000e+03   8.0000000e+00   1.8000000e+01   1.6000000e+01   5.4000000e+01   0.0000000e+00   4.6800000e+00
   2.0170000e+03   8.0000000e+00   1.8000000e+01   1.6000000e+01   5.5000000e+01   0.0000000e+00   4.2800000e+00
   2.0170000e+03   8.0000000e+00   1.8000000e+01   1.6000000e+01   5.6000000e+01   0.0000000e+00   6.6800000e+00
   2.0170000e+03   8.0000000e+00   1.8000000e+01   1.6000000e+01   5.7000000e+01   0.0000000e+00   5.5600000e+00
   2.0170000e+03   8.0000000e+00   1.8000000e+01   1.6000000e+01   5.8000000e+01   0.0000000e+00   4.2400000e+00
   2.0170000e+03   8.0000000e+00   1.8000000e+01   1.6000000e+01   5.9000000e+01   0.0000000e+00   4.4800000e+00
   2.0170000e+03   8.0000000e+00   1.8000000e+01   1.7000000e+01   0.0000000e+00   0.0000000e+00   4.2000000e+00
   2.0170000e+03   8.0000000e+00   1.8000000e+01   1.7000000e+01   1.0000000e+00   0.0000000e+00   4.8400000e+00
   2.0170000e+03   8.0000000e+00   1.8000000e+01   1.7000000e+01   2.0000000e+00   0.0000000e+00   7.3200002e+00
   2.0170000e+03   8.0000000e+00   1.8000000e+01   1.7000000e+01   3.0000000e+00   0.0000000e+00   8.3599999e+00
   2.0170000e+03   8.0000000e+00   1.8000000e+01   1.7000000e+01   4.0000000e+00   0.0000000e+00   7.8000000e+00
   2.0170000e+03   8.0000000e+00   1.8000000e+01   1.7000000e+01   5.0000000e+00   0.0000000e+00   6.2000002e+00
   2.0170000e+03   8.0000000e+00   1.8000000e+01   1.7000000e+01   6.0000000e+00   0.0000000e+00   5.7599999e+00
   2.0170000e+03   8.0000000e+00   1.8000000e+01   1.7000000e+01   7.0000000e+00   0.0000000e+00   4.0400000e+00
   2.0170000e+03   8.0000000e+00   1.8000000e+01   1.7000000e+01   8.0000000e+00   0.0000000e+00   2.7599999e+00
   2.0170000e+03   8.0000000e+00   1.8000000e+01   1.7000000e+01   9.0000000e+00   0.0000000e+00   3.6000000e+00
   2.0170000e+03   8.0000000e+00   1.8000000e+01   1.7000000e+01   1.0000000e+01   0.0000000e+00   2.9600000e+00
   2.0170000e+03   8.0000000e+00   1.8000000e+01   1.7000000e+01   1.1000000e+01   0.0000000e+00   1.7600000e+00
   2.0170000e+03   8.0000000e+00   1.8000000e+01   1.7000000e+01   1.2000000e+01   0.0000000e+00   8.8000000e-01
   2.0170000e+03   8.0000000e+00   1.8000000e+01   1.7000000e+01   1.3000000e+01   0.0000000e+00   6.0000000e-01
   2.0170000e+03   8.0000000e+00   1.8000000e+01   1.7000000e+01   1.4000000e+01   0.0000000e+00   2.7999996e-01
   2.0170000e+03   8.0000000e+00   1.8000000e+01   1.7000000e+01   1.5000000e+01   0.0000000e+00   0.0000000e+00
   2.0170000e+03   8.0000000e+00   1.8000000e+01   1.7000000e+01   1.6000000e+01   0.0000000e+00   3.2000004e-01
   2.0170000e+03   8.0000000e+00   1.8000000e+01   1.7000000e+01   1.7000000e+01   0.0000000e+00   2.7999996e-01
   2.0170000e+03   8.0000000e+00   1.8000000e+01   1.7000000e+01   1.8000000e+01   0.0000000e+00   0.0000000e+00
   2.0170000e+03   8.0000000e+00   1.8000000e+01   1.7000000e+01   1.9000000e+01   0.0000000e+00   0.0000000e+00
   2.0170000e+03   8.0000000e+00   1.8000000e+01   1.7000000e+01   2.0000000e+01   0.0000000e+00   0.0000000e+00
   2.0170000e+03   8.0000000e+00   1.8000000e+01   1.7000000e+01   2.1000000e+01   0.0000000e+00   0.0000000e+00
   2.0170000e+03   8.0000000e+00   1.8000000e+01   1.7000000e+01   2.2000000e+01   0.0000000e+00   0.0000000e+00
   2.0170000e+03   8.0000000e+00   1.8000000e+01   1.7000000e+01   2.3000000e+01   0.0000000e+00   0.0000000e+00
   2.0170000e+03   8.0000000e+00   1.8000000e+01   1.7000000e+01   2.4000000e+01   0.0000000e+00   0.0000000e+00
   2.0170000e+03   8.0000000e+00   1.8000000e+01   1.7000000e+01   2.5000000e+01   0.0000000e+00   0.0000000e+00
   2.0170000e+03   8.0000000e+00   1.8000000e+01   1.7000000e+01   2.6000000e+01   0.0000000e+00   0.0000000e+00
   2.0170000e+03   8.0000000e+00   1.8000000e+01   1.7000000e+01   2.7000000e+01   0.0000000e+00   0.0000000e+00
   2.0170000e+03   8.0000000e+00   1.8000000e+01   1.7000000e+01   2.8000000e+01   0.0000000e+00   3.2000000e-01
   2.0170000e+03   8.0000000e+00   1.8000000e+01   1.7000000e+01   2.9000000e+01   0.0000000e+00   2.8000000e-01
   2.0170000e+03   8.0000000e+00   1.8000000e+01   1.7000000e+01   3.0000000e+01   0.0000000e+00   0.0000000e+00
   2.0170000e+03   8.0000000e+00   1.8000000e+01   1.7000000e+01   3.1000000e+01   0.0000000e+00   0.0000000e+00
   2.0170000e+03   8.0000000e+00   1.8000000e+01   1.7000000e+01   3.2000000e+01   0.0000000e+00   0.0000000e+00
   2.0170000e+03   8.0000000e+00   1.8000000e+01   1.7000000e+01   3.3000000e+01   0.0000000e+00   0.0000000e+00
   2.0170000e+03   8.0000000e+00   1.8000000e+01   1.7000000e+01   3.4000000e+01   0.0000000e+00   0.0000000e+00
   2.0170000e+03   8.0000000e+00   1.8000000e+01   1.7000000e+01   3.5000000e+01   0.0000000e+00   0.0000000e+00
   2.0170000e+03   8.0000000e+00   1.8000000e+01   1.7000000e+01   3.6000000e+01   0.0000000e+00   0.0000000e+00
   2.0170000e+03   8.0000000e+00   1.8000000e+01   1.7000000e+01   3.7000000e+01   0.0000000e+00   3.1999996e-01
   2.0170000e+03   8.0000000e+00   1.8000000e+01   1.7000000e+01   3.8000000e+01   0.0000000e+00   2.8000000e-01
   2.0170000e+03   8.0000000e+00   1.8000000e+01   1.7000000e+01   3.9000000e+01   0.0000000e+00   0.0000000e+00
   2.0170000e+03   8.0000000e+00   1.8000000e+01   1.7000000e+01   4.0000000e+01   0.0000000e+00   3.2000000e-01
   2.0170000e+03   8.0000000e+00   1.8000000e+01   1.7000000e+01   4.1000000e+01   0.0000000e+00   9.2000000e-01
   2.0170000e+03   8.0000000e+00   1.8000000e+01   1.7000000e+01   4.2000000e+01   0.0000000e+00   1.2000000e+00
   2.0170000e+03   8.0000000e+00   1.8000000e+01   1.7000000e+01   4.3000000e+01   0.0000000e+00   8.8000000e-01
   2.0170000e+03   8.0000000e+00   1.8000000e+01   1.7000000e+01   4.4000000e+01   0.0000000e+00   9.2000004e-01
   2.0170000e+03   8.0000000e+00   1.8000000e+01   1.7000000e+01   4.5000000e+01   0.0000000e+00   1.2000000e+00
   2.0170000e+03   8.0000000e+00   1.8000000e+01   1.7000000e+01   4.6000000e+01   0.0000000e+00   3.1200000e+00
   2.0170000e+03   8.0000000e+00   1.8000000e+01   1.7000000e+01   4.7000000e+01   0.0000000e+00   3.8399999e+00
   2.0170000e+03   8.0000000e+00   1.8000000e+01   1.7000000e+01   4.8000000e+01   0.0000000e+00   2.0399999e+00
   2.0170000e+03   8.0000000e+00   1.8000000e+01   1.7000000e+01   4.9000000e+01   0.0000000e+00   8.8000000e-01
   2.0170000e+03   8.0000000e+00   1.8000000e+01   1.7000000e+01   5.0000000e+01   0.0000000e+00   9.2399989e+00
   2.0170000e+03   8.0000000e+00   1.8000000e+01   1.7000000e+01   5.1000000e+01   0.0000000e+00   1.2320000e+01
   2.0170000e+03   8.0000000e+00   1.8000000e+01   1.7000000e+01   5.2000000e+01   0.0000000e+00   5.8400000e+00
   2.0170000e+03   8.0000000e+00   1.8000000e+01   1.7000000e+01   5.3000000e+01   0.0000000e+00   2.3200002e+00
   2.0170000e+03   8.0000000e+00   1.8000000e+01   1.7000000e+01   5.4000000e+01   0.0000000e+00   5.6000007e-01
   2.0170000e+03   8.0000000e+00   1.8000000e+01   1.7000000e+01   5.5000000e+01   0.0000000e+00   0.0000000e+00
   2.0170000e+03   8.0000000e+00   1.8000000e+01   1.7000000e+01   5.6000000e+01   0.0000000e+00   0.0000000e+00
   2.0170000e+03   8.0000000e+00   1.8000000e+01   1.7000000e+01   5.7000000e+01   0.0000000e+00   0.0000000e+00
   2.0170000e+03   8.0000000e+00   1.8000000e+01   1.7000000e+01   5.8000000e+01   0.0000000e+00   0.0000000e+00
   2.0170000e+03   8.0000000e+00   1.8000000e+01   1.7000000e+01   5.9000000e+01   0.0000000e+00   3.2000004e-01
   2.0170000e+03   8.0000000e+00   1.8000000e+01   1.8000000e+01   0.0000000e+00   0.0000000e+00   2.8000000e-01
   2.0170000e+03   8.0000000e+00   1.8000000e+01   1.8000000e+01   1.0000000e+00   0.0000000e+00   3.2000004e-01
   2.0170000e+03   8.0000000e+00   1.8000000e+01   1.8000000e+01   2.0000000e+00   0.0000000e+00   2.7999996e-01
   2.0170000e+03   8.0000000e+00   1.8000000e+01   1.8000000e+01   3.0000000e+00   0.0000000e+00   0.0000000e+00
   2.0170000e+03   8.0000000e+00   1.8000000e+01   1.8000000e+01   4.0000000e+00   0.0000000e+00   0.0000000e+00
   2.0170000e+03   8.0000000e+00   1.8000000e+01   1.8000000e+01   5.0000000e+00   0.0000000e+00   0.0000000e+00
   2.0170000e+03   8.0000000e+00   1.8000000e+01   1.8000000e+01   6.0000000e+00   0.0000000e+00   0.0000000e+00
   2.0170000e+03   8.0000000e+00   1.8000000e+01   1.8000000e+01   7.0000000e+00   0.0000000e+00   0.0000000e+00
   2.0170000e+03   8.0000000e+00   1.8000000e+01   1.8000000e+01   8.0000000e+00   0.0000000e+00   0.0000000e+00
   2.0170000e+03   8.0000000e+00   1.8000000e+01   1.8000000e+01   9.0000000e+00   0.0000000e+00   0.0000000e+00
   2.0170000e+03   8.0000000e+00   1.8000000e+01   1.8000000e+01   1.0000000e+01   0.0000000e+00   0.0000000e+00
   2.0170000e+03   8.0000000e+00   1.8000000e+01   1.8000000e+01   1.1000000e+01   0.0000000e+00   0.0000000e+00
   2.0170000e+03   8.0000000e+00   1.8000000e+01   1.8000000e+01   1.2000000e+01   0.0000000e+00   0.0000000e+00
   2.0170000e+03   8.0000000e+00   1.8000000e+01   1.8000000e+01   1.3000000e+01   0.0000000e+00   0.0000000e+00
   2.0170000e+03   8.0000000e+00   1.8000000e+01   1.8000000e+01   1.4000000e+01   0.0000000e+00   0.0000000e+00
   2.0170000e+03   8.0000000e+00   1.8000000e+01   1.8000000e+01   1.5000000e+01   0.0000000e+00   0.0000000e+00
   2.0170000e+03   8.0000000e+00   1.8000000e+01   1.8000000e+01   1.6000000e+01   0.0000000e+00   0.0000000e+00
   2.0170000e+03   8.0000000e+00   1.8000000e+01   1.8000000e+01   1.7000000e+01   0.0000000e+00   0.0000000e+00
   2.0170000e+03   8.0000000e+00   1.8000000e+01   1.8000000e+01   1.8000000e+01   0.0000000e+00   0.0000000e+00
   2.0170000e+03   8.0000000e+00   1.8000000e+01   1.8000000e+01   1.9000000e+01   0.0000000e+00   0.0000000e+00
   2.0170000e+03   8.0000000e+00   1.8000000e+01   1.8000000e+01   2.0000000e+01   0.0000000e+00   0.0000000e+00
   2.0170000e+03   8.0000000e+00   1.8000000e+01   1.8000000e+01   2.1000000e+01   0.0000000e+00   0.0000000e+00
   2.0170000e+03   8.0000000e+00   1.8000000e+01   1.8000000e+01   2.2000000e+01   0.0000000e+00   0.0000000e+00
   2.0170000e+03   8.0000000e+00   1.8000000e+01   1.8000000e+01   2.3000000e+01   0.0000000e+00   0.0000000e+00
   2.0170000e+03   8.0000000e+00   1.8000000e+01   1.8000000e+01   2.4000000e+01   0.0000000e+00   0.0000000e+00
   2.0170000e+03   8.0000000e+00   1.8000000e+01   1.8000000e+01   2.5000000e+01   0.0000000e+00   0.0000000e+00
   2.0170000e+03   8.0000000e+00   1.8000000e+01   1.8000000e+01   2.6000000e+01   0.0000000e+00   0.0000000e+00
   2.0170000e+03   8.0000000e+00   1.8000000e+01   1.8000000e+01   2.7000000e+01   0.0000000e+00   0.0000000e+00
   2.0170000e+03   8.0000000e+00   1.8000000e+01   1.8000000e+01   2.8000000e+01   0.0000000e+00   0.0000000e+00
   2.0170000e+03   8.0000000e+00   1.8000000e+01   1.8000000e+01   2.9000000e+01   0.0000000e+00   0.0000000e+00
   2.0170000e+03   8.0000000e+00   1.8000000e+01   1.8000000e+01   3.0000000e+01   0.0000000e+00   0.0000000e+00
   2.0170000e+03   8.0000000e+00   1.8000000e+01   1.8000000e+01   3.1000000e+01   0.0000000e+00   0.0000000e+00
   2.0170000e+03   8.0000000e+00   1.8000000e+01   1.8000000e+01   3.2000000e+01   0.0000000e+00   0.0000000e+00
   2.0170000e+03   8.0000000e+00   1.8000000e+01   1.8000000e+01   3.3000000e+01   0.0000000e+00   0.0000000e+00
   2.0170000e+03   8.0000000e+00   1.8000000e+01   1.8000000e+01   3.4000000e+01   0.0000000e+00   0.0000000e+00
   2.0170000e+03   8.0000000e+00   1.8000000e+01   1.8000000e+01   3.5000000e+01   0.0000000e+00   0.0000000e+00
   2.0170000e+03   8.0000000e+00   1.8000000e+01   1.8000000e+01   3.6000000e+01   0.0000000e+00   0.0000000e+00
   2.0170000e+03   8.0000000e+00   1.8000000e+01   1.8000000e+01   3.7000000e+01   0.0000000e+00   0.0000000e+00
   2.0170000e+03   8.0000000e+00   1.8000000e+01   1.8000000e+01   3.8000000e+01   0.0000000e+00   0.0000000e+00
   2.0170000e+03   8.0000000e+00   1.8000000e+01   1.8000000e+01   3.9000000e+01   0.0000000e+00   0.0000000e+00
   2.0170000e+03   8.0000000e+00   1.8000000e+01   1.8000000e+01   4.0000000e+01   0.0000000e+00   0.0000000e+00
   2.0170000e+03   8.0000000e+00   1.8000000e+01   1.8000000e+01   4.1000000e+01   0.0000000e+00   0.0000000e+00
   2.0170000e+03   8.0000000e+00   1.8000000e+01   1.8000000e+01   4.2000000e+01   0.0000000e+00   0.0000000e+00
   2.0170000e+03   8.0000000e+00   1.8000000e+01   1.8000000e+01   4.3000000e+01   0.0000000e+00   0.0000000e+00
   2.0170000e+03   8.0000000e+00   1.8000000e+01   1.8000000e+01   4.4000000e+01   0.0000000e+00   0.0000000e+00
   2.0170000e+03   8.0000000e+00   1.8000000e+01   1.8000000e+01   4.5000000e+01   0.0000000e+00   0.0000000e+00
   2.0170000e+03   8.0000000e+00   1.8000000e+01   1.8000000e+01   4.6000000e+01   0.0000000e+00   0.0000000e+00
   2.0170000e+03   8.0000000e+00   1.8000000e+01   1.8000000e+01   4.7000000e+01   0.0000000e+00   0.0000000e+00
   2.0170000e+03   8.0000000e+00   1.8000000e+01   1.8000000e+01   4.8000000e+01   0.0000000e+00   0.0000000e+00
   2.0170000e+03   8.0000000e+00   1.8000000e+01   1.8000000e+01   4.9000000e+01   0.0000000e+00   0.0000000e+00
   2.0170000e+03   8.0000000e+00   1.8000000e+01   1.8000000e+01   5.0000000e+01   0.0000000e+00   0.0000000e+00
   2.0170000e+03   8.0000000e+00   1.8000000e+01   1.8000000e+01   5.1000000e+01   0.0000000e+00   0.0000000e+00
   2.0170000e+03   8.0000000e+00   1.8000000e+01   1.8000000e+01   5.2000000e+01   0.0000000e+00   0.0000000e+00
   2.0170000e+03   8.0000000e+00   1.8000000e+01   1.8000000e+01   5.3000000e+01   0.0000000e+00   3.1999996e-01
   2.0170000e+03   8.0000000e+00   1.8000000e+01   1.8000000e+01   5.4000000e+01   0.0000000e+00   2.8000000e-01
   2.0170000e+03   8.0000000e+00   1.8000000e+01   1.8000000e+01   5.5000000e+01   0.0000000e+00   0.0000000e+00
   2.0170000e+03   8.0000000e+00   1.8000000e+01   1.8000000e+01   5.6000000e+01   0.0000000e+00   3.2000000e-01
   2.0170000e+03   8.0000000e+00   1.8000000e+01   1.8000000e+01   5.7000000e+01   0.0000000e+00   2.8000000e-01
   2.0170000e+03   8.0000000e+00   1.8000000e+01   1.8000000e+01   5.8000000e+01   0.0000000e+00   0.0000000e+00
   2.0170000e+03   8.0000000e+00   1.8000000e+01   1.8000000e+01   5.9000000e+01   0.0000000e+00   0.0000000e+00
   2.0170000e+03   8.0000000e+00   1.8000000e+01   1.9000000e+01   0.0000000e+00   0.0000000e+00   0.0000000e+00
   2.0170000e+03   8.0000000e+00   1.8000000e+01   1.9000000e+01   1.0000000e+00   0.0000000e+00   0.0000000e+00
   2.0170000e+03   8.0000000e+00   1.8000000e+01   1.9000000e+01   2.0000000e+00   0.0000000e+00   0.0000000e+00
   2.0170000e+03   8.0000000e+00   1.8000000e+01   1.9000000e+01   3.0000000e+00   0.0000000e+00   0.0000000e+00
   2.0170000e+03   8.0000000e+00   1.8000000e+01   1.9000000e+01   4.0000000e+00   0.0000000e+00   0.0000000e+00
   2.0170000e+03   8.0000000e+00   1.8000000e+01   1.9000000e+01   5.0000000e+00   0.0000000e+00   0.0000000e+00
   2.0170000e+03   8.0000000e+00   1.8000000e+01   1.9000000e+01   6.0000000e+00   0.0000000e+00   0.0000000e+00
   2.0170000e+03   8.0000000e+00   1.8000000e+01   1.9000000e+01   7.0000000e+00   0.0000000e+00   0.0000000e+00
   2.0170000e+03   8.0000000e+00   1.8000000e+01   1.9000000e+01   8.0000000e+00   0.0000000e+00   0.0000000e+00
   2.0170000e+03   8.0000000e+00   1.8000000e+01   1.9000000e+01   9.0000000e+00   0.0000000e+00   0.0000000e+00
   2.0170000e+03   8.0000000e+00   1.8000000e+01   1.9000000e+01   1.0000000e+01   0.0000000e+00   0.0000000e+00
   2.0170000e+03   8.0000000e+00   1.8000000e+01   1.9000000e+01   1.1000000e+01   0.0000000e+00   0.0000000e+00
   2.0170000e+03   8.0000000e+00   1.8000000e+01   1.9000000e+01   1.2000000e+01   0.0000000e+00   0.0000000e+00
   2.0170000e+03   8.0000000e+00   1.8000000e+01   1.9000000e+01   1.3000000e+01   0.0000000e+00   0.0000000e+00
   2.0170000e+03   8.0000000e+00   1.8000000e+01   1.9000000e+01   1.4000000e+01   0.0000000e+00   0.0000000e+00
   2.0170000e+03   8.0000000e+00   1.8000000e+01   1.9000000e+01   1.5000000e+01   0.0000000e+00   0.0000000e+00
   2.0170000e+03   8.0000000e+00   1.8000000e+01   1.9000000e+01   1.6000000e+01   0.0000000e+00   0.0000000e+00
   2.0170000e+03   8.0000000e+00   1.8000000e+01   1.9000000e+01   1.7000000e+01   0.0000000e+00   0.0000000e+00
   2.0170000e+03   8.0000000e+00   1.8000000e+01   1.9000000e+01   1.8000000e+01   0.0000000e+00   0.0000000e+00
   2.0170000e+03   8.0000000e+00   1.8000000e+01   1.9000000e+01   1.9000000e+01   0.0000000e+00   0.0000000e+00
   2.0170000e+03   8.0000000e+00   1.8000000e+01   1.9000000e+01   2.0000000e+01   0.0000000e+00   0.0000000e+00
   2.0170000e+03   8.0000000e+00   1.8000000e+01   1.9000000e+01   2.1000000e+01   0.0000000e+00   0.0000000e+00
   2.0170000e+03   8.0000000e+00   1.8000000e+01   1.9000000e+01   2.2000000e+01   0.0000000e+00   0.0000000e+00
   2.0170000e+03   8.0000000e+00   1.8000000e+01   1.9000000e+01   2.3000000e+01   0.0000000e+00   0.0000000e+00
   2.0170000e+03   8.0000000e+00   1.8000000e+01   1.9000000e+01   2.4000000e+01   0.0000000e+00   0.0000000e+00
   2.0170000e+03   8.0000000e+00   1.8000000e+01   1.9000000e+01   2.5000000e+01   0.0000000e+00   0.0000000e+00
   2.0170000e+03   8.0000000e+00   1.8000000e+01   1.9000000e+01   2.6000000e+01   0.0000000e+00   0.0000000e+00
   2.0170000e+03   8.0000000e+00   1.8000000e+01   1.9000000e+01   2.7000000e+01   0.0000000e+00   0.0000000e+00
   2.0170000e+03   8.0000000e+00   1.8000000e+01   1.9000000e+01   2.8000000e+01   0.0000000e+00   0.0000000e+00
   2.0170000e+03   8.0000000e+00   1.8000000e+01   1.9000000e+01   2.9000000e+01   0.0000000e+00   0.0000000e+00
   2.0170000e+03   8.0000000e+00   1.8000000e+01   1.9000000e+01   3.0000000e+01   0.0000000e+00   0.0000000e+00
   2.0170000e+03   8.0000000e+00   1.8000000e+01   1.9000000e+01   3.1000000e+01   0.0000000e+00   0.0000000e+00
   2.0170000e+03   8.0000000e+00   1.8000000e+01   1.9000000e+01   3.2000000e+01   0.0000000e+00   0.0000000e+00
   2.0170000e+03   8.0000000e+00   1.8000000e+01   1.9000000e+01   3.3000000e+01   0.0000000e+00   0.0000000e+00
   2.0170000e+03   8.0000000e+00   1.8000000e+01   1.9000000e+01   3.4000000e+01   0.0000000e+00   0.0000000e+00
   2.0170000e+03   8.0000000e+00   1.8000000e+01   1.9000000e+01   3.5000000e+01   0.0000000e+00   0.0000000e+00
   2.0170000e+03   8.0000000e+00   1.8000000e+01   1.9000000e+01   3.6000000e+01   0.0000000e+00   0.0000000e+00
   2.0170000e+03   8.0000000e+00   1.8000000e+01   1.9000000e+01   3.7000000e+01   0.0000000e+00   0.0000000e+00
   2.0170000e+03   8.0000000e+00   1.8000000e+01   1.9000000e+01   3.8000000e+01   0.0000000e+00   0.0000000e+00
   2.0170000e+03   8.0000000e+00   1.8000000e+01   1.9000000e+01   3.9000000e+01   0.0000000e+00   0.0000000e+00
   2.0170000e+03   8.0000000e+00   1.8000000e+01   1.9000000e+01   4.0000000e+01   0.0000000e+00   0.0000000e+00
   2.0170000e+03   8.0000000e+00   1.8000000e+01   1.9000000e+01   4.1000000e+01   0.0000000e+00   0.0000000e+00
   2.0170000e+03   8.0000000e+00   1.8000000e+01   1.9000000e+01   4.2000000e+01   0.0000000e+00   0.0000000e+00
   2.0170000e+03   8.0000000e+00   1.8000000e+01   1.9000000e+01   4.3000000e+01   0.0000000e+00   3.2000000e-01
   2.0170000e+03   8.0000000e+00   1.8000000e+01   1.9000000e+01   4.4000000e+01   0.0000000e+00   6.0000000e-01
   2.0170000e+03   8.0000000e+00   1.8000000e+01   1.9000000e+01   4.5000000e+01   0.0000000e+00   2.7999996e-01
   2.0170000e+03   8.0000000e+00   1.8000000e+01   1.9000000e+01   4.6000000e+01   0.0000000e+00   0.0000000e+00
   2.0170000e+03   8.0000000e+00   1.8000000e+01   1.9000000e+01   4.7000000e+01   0.0000000e+00   0.0000000e+00
   2.0170000e+03   8.0000000e+00   1.8000000e+01   1.9000000e+01   4.8000000e+01   0.0000000e+00   3.1999996e-01
   2.0170000e+03   8.0000000e+00   1.8000000e+01   1.9000000e+01   4.9000000e+01   0.0000000e+00   2.8000004e-01
   2.0170000e+03   8.0000000e+00   1.8000000e+01   1.9000000e+01   5.0000000e+01   0.0000000e+00   3.2000000e-01
   2.0170000e+03   8.0000000e+00   1.8000000e+01   1.9000000e+01   5.1000000e+01   0.0000000e+00   2.1999998e+00
   2.0170000e+03   8.0000000e+00   1.8000000e+01   1.9000000e+01   5.2000000e+01   0.0000000e+00   4.5599999e+00
   2.0170000e+03   8.0000000e+00   1.8000000e+01   1.9000000e+01   5.3000000e+01   0.0000000e+00   7.6400000e+00
   2.0170000e+03   8.0000000e+00   1.8000000e+01   1.9000000e+01   5.4000000e+01   0.0000000e+00   8.9600000e+00
   2.0170000e+03   8.0000000e+00   1.8000000e+01   1.9000000e+01   5.5000000e+01   0.0000000e+00   6.8000000e+00
   2.0170000e+03   8.0000000e+00   1.8000000e+01   1.9000000e+01   5.6000000e+01   0.0000000e+00   5.4000000e+00
   2.0170000e+03   8.0000000e+00   1.8000000e+01   1.9000000e+01   5.7000000e+01   0.0000000e+00   5.4000000e+00
   2.0170000e+03   8.0000000e+00   1.8000000e+01   1.9000000e+01   5.8000000e+01   0.0000000e+00   5.4000000e+00
   2.0170000e+03   8.0000000e+00   1.8000000e+01   1.9000000e+01   5.9000000e+01   0.0000000e+00   6.3600001e+00
   2.0170000e+03   8.0000000e+00   1.8000000e+01   2.0000000e+01   0.0000000e+00   0.0000000e+00   9.7600003e+00
   2.0170000e+03   8.0000000e+00   1.8000000e+01   2.0000000e+01   1.0000000e+00   0.0000000e+00   1.4560000e+01
   2.0170000e+03   8.0000000e+00   1.8000000e+01   2.0000000e+01   2.0000000e+00   0.0000000e+00   2.0640000e+01
   2.0170000e+03   8.0000000e+00   1.8000000e+01   2.0000000e+01   3.0000000e+00   0.0000000e+00   2.2720000e+01
   2.0170000e+03   8.0000000e+00   1.8000000e+01   2.0000000e+01   4.0000000e+00   0.0000000e+00   1.9040000e+01
   2.0170000e+03   8.0000000e+00   1.8000000e+01   2.0000000e+01   5.0000000e+00   0.0000000e+00   1.1680001e+01
   2.0170000e+03   8.0000000e+00   1.8000000e+01   2.0000000e+01   6.0000000e+00   0.0000000e+00   9.1199998e+00
   2.0170000e+03   8.0000000e+00   1.8000000e+01   2.0000000e+01   7.0000000e+00   0.0000000e+00   1.5920000e+01
   2.0170000e+03   8.0000000e+00   1.8000000e+01   2.0000000e+01   8.0000000e+00   0.0000000e+00   2.5839999e+01
   2.0170000e+03   8.0000000e+00   1.8000000e+01   2.0000000e+01   9.0000000e+00   0.0000000e+00   3.0280000e+01
   2.0170000e+03   8.0000000e+00   1.8000000e+01   2.0000000e+01   1.0000000e+01   0.0000000e+00   2.7440000e+01
   2.0170000e+03   8.0000000e+00   1.8000000e+01   2.0000000e+01   1.1000000e+01   0.0000000e+00   2.5200000e+01
   2.0170000e+03   8.0000000e+00   1.8000000e+01   2.0000000e+01   1.2000000e+01   0.0000000e+00   1.7200000e+01
   2.0170000e+03   8.0000000e+00   1.8000000e+01   2.0000000e+01   1.3000000e+01   0.0000000e+00   6.9999996e+00
   2.0170000e+03   8.0000000e+00   1.8000000e+01   2.0000000e+01   1.4000000e+01   0.0000000e+00   4.2000000e+00
   2.0170000e+03   8.0000000e+00   1.8000000e+01   2.0000000e+01   1.5000000e+01   0.0000000e+00   7.7200000e+00
   2.0170000e+03   8.0000000e+00   1.8000000e+01   2.0000000e+01   1.6000000e+01   0.0000000e+00   9.1999998e+00
   2.0170000e+03   8.0000000e+00   1.8000000e+01   2.0000000e+01   1.7000000e+01   0.0000000e+00   6.8399999e+00
   2.0170000e+03   8.0000000e+00   1.8000000e+01   2.0000000e+01   1.8000000e+01   0.0000000e+00   6.3200000e+00
   2.0170000e+03   8.0000000e+00   1.8000000e+01   2.0000000e+01   1.9000000e+01   0.0000000e+00   6.2800000e+00
   2.0170000e+03   8.0000000e+00   1.8000000e+01   2.0000000e+01   2.0000000e+01   0.0000000e+00   5.6800000e+00
   2.0170000e+03   8.0000000e+00   1.8000000e+01   2.0000000e+01   2.1000000e+01   0.0000000e+00   4.7600000e+00
   2.0170000e+03   8.0000000e+00   1.8000000e+01   2.0000000e+01   2.2000000e+01   0.0000000e+00   2.6000002e+00
   2.0170000e+03   8.0000000e+00   1.8000000e+01   2.0000000e+01   2.3000000e+01   0.0000000e+00   1.8399999e+00
   2.0170000e+03   8.0000000e+00   1.8000000e+01   2.0000000e+01   2.4000000e+01   0.0000000e+00   2.0800000e+00
   2.0170000e+03   8.0000000e+00   1.8000000e+01   2.0000000e+01   2.5000000e+01   0.0000000e+00   1.4800000e+00
   2.0170000e+03   8.0000000e+00   1.8000000e+01   2.0000000e+01   2.6000000e+01   0.0000000e+00   8.8000000e-01
   2.0170000e+03   8.0000000e+00   1.8000000e+01   2.0000000e+01   2.7000000e+01   0.0000000e+00   6.0000000e-01
   2.0170000e+03   8.0000000e+00   1.8000000e+01   2.0000000e+01   2.8000000e+01   0.0000000e+00   9.2000000e-01
   2.0170000e+03   8.0000000e+00   1.8000000e+01   2.0000000e+01   2.9000000e+01   0.0000000e+00   8.8000000e-01
   2.0170000e+03   8.0000000e+00   1.8000000e+01   2.0000000e+01   3.0000000e+01   0.0000000e+00   2.7999996e-01
   2.0170000e+03   8.0000000e+00   1.8000000e+01   2.0000000e+01   3.1000000e+01   0.0000000e+00   0.0000000e+00
   2.0170000e+03   8.0000000e+00   1.8000000e+01   2.0000000e+01   3.2000000e+01   0.0000000e+00   0.0000000e+00
   2.0170000e+03   8.0000000e+00   1.8000000e+01   2.0000000e+01   3.3000000e+01   0.0000000e+00   0.0000000e+00
   2.0170000e+03   8.0000000e+00   1.8000000e+01   2.0000000e+01   3.4000000e+01   0.0000000e+00   0.0000000e+00
   2.0170000e+03   8.0000000e+00   1.8000000e+01   2.0000000e+01   3.5000000e+01   0.0000000e+00   0.0000000e+00
   2.0170000e+03   8.0000000e+00   1.8000000e+01   2.0000000e+01   3.6000000e+01   0.0000000e+00   0.0000000e+00
   2.0170000e+03   8.0000000e+00   1.8000000e+01   2.0000000e+01   3.7000000e+01   0.0000000e+00   3.1999996e-01
   2.0170000e+03   8.0000000e+00   1.8000000e+01   2.0000000e+01   3.8000000e+01   0.0000000e+00   2.8000000e-01
   2.0170000e+03   8.0000000e+00   1.8000000e+01   2.0000000e+01   3.9000000e+01   0.0000000e+00   0.0000000e+00
   2.0170000e+03   8.0000000e+00   1.8000000e+01   2.0000000e+01   4.0000000e+01   0.0000000e+00   3.2000000e-01
   2.0170000e+03   8.0000000e+00   1.8000000e+01   2.0000000e+01   4.1000000e+01   0.0000000e+00   2.8000000e-01
   2.0170000e+03   8.0000000e+00   1.8000000e+01   2.0000000e+01   4.2000000e+01   0.0000000e+00   0.0000000e+00
   2.0170000e+03   8.0000000e+00   1.8000000e+01   2.0000000e+01   4.3000000e+01   0.0000000e+00   0.0000000e+00
   2.0170000e+03   8.0000000e+00   1.8000000e+01   2.0000000e+01   4.4000000e+01   0.0000000e+00   0.0000000e+00
   2.0170000e+03   8.0000000e+00   1.8000000e+01   2.0000000e+01   4.5000000e+01   0.0000000e+00   0.0000000e+00
   2.0170000e+03   8.0000000e+00   1.8000000e+01   2.0000000e+01   4.6000000e+01   0.0000000e+00   0.0000000e+00
   2.0170000e+03   8.0000000e+00   1.8000000e+01   2.0000000e+01   4.7000000e+01   0.0000000e+00   0.0000000e+00
   2.0170000e+03   8.0000000e+00   1.8000000e+01   2.0000000e+01   4.8000000e+01   0.0000000e+00   0.0000000e+00
   2.0170000e+03   8.0000000e+00   1.8000000e+01   2.0000000e+01   4.9000000e+01   0.0000000e+00   0.0000000e+00
   2.0170000e+03   8.0000000e+00   1.8000000e+01   2.0000000e+01   5.0000000e+01   0.0000000e+00   0.0000000e+00
   2.0170000e+03   8.0000000e+00   1.8000000e+01   2.0000000e+01   5.1000000e+01   0.0000000e+00   0.0000000e+00
   2.0170000e+03   8.0000000e+00   1.8000000e+01   2.0000000e+01   5.2000000e+01   0.0000000e+00   0.0000000e+00
   2.0170000e+03   8.0000000e+00   1.8000000e+01   2.0000000e+01   5.3000000e+01   0.0000000e+00   0.0000000e+00
   2.0170000e+03   8.0000000e+00   1.8000000e+01   2.0000000e+01   5.4000000e+01   0.0000000e+00   0.0000000e+00
   2.0170000e+03   8.0000000e+00   1.8000000e+01   2.0000000e+01   5.5000000e+01   0.0000000e+00   0.0000000e+00
   2.0170000e+03   8.0000000e+00   1.8000000e+01   2.0000000e+01   5.6000000e+01   0.0000000e+00   0.0000000e+00
   2.0170000e+03   8.0000000e+00   1.8000000e+01   2.0000000e+01   5.7000000e+01   0.0000000e+00   0.0000000e+00
   2.0170000e+03   8.0000000e+00   1.8000000e+01   2.0000000e+01   5.8000000e+01   0.0000000e+00   0.0000000e+00
   2.0170000e+03   8.0000000e+00   1.8000000e+01   2.0000000e+01   5.9000000e+01   0.0000000e+00   0.0000000e+00
   2.0170000e+03   8.0000000e+00   1.8000000e+01   2.1000000e+01   0.0000000e+00   0.0000000e+00   0.0000000e+00
   2.0170000e+03   8.0000000e+00   1.8000000e+01   2.1000000e+01   1.0000000e+00   0.0000000e+00   0.0000000e+00
   2.0170000e+03   8.0000000e+00   1.8000000e+01   2.1000000e+01   2.0000000e+00   0.0000000e+00   3.2000004e-01
   2.0170000e+03   8.0000000e+00   1.8000000e+01   2.1000000e+01   3.0000000e+00   0.0000000e+00   2.8000000e-01
   2.0170000e+03   8.0000000e+00   1.8000000e+01   2.1000000e+01   4.0000000e+00   0.0000000e+00   0.0000000e+00
   2.0170000e+03   8.0000000e+00   1.8000000e+01   2.1000000e+01   5.0000000e+00   0.0000000e+00   0.0000000e+00
   2.0170000e+03   8.0000000e+00   1.8000000e+01   2.1000000e+01   6.0000000e+00   0.0000000e+00   0.0000000e+00
   2.0170000e+03   8.0000000e+00   1.8000000e+01   2.1000000e+01   7.0000000e+00   0.0000000e+00   0.0000000e+00
   2.0170000e+03   8.0000000e+00   1.8000000e+01   2.1000000e+01   8.0000000e+00   0.0000000e+00   0.0000000e+00
   2.0170000e+03   8.0000000e+00   1.8000000e+01   2.1000000e+01   9.0000000e+00   0.0000000e+00   0.0000000e+00
   2.0170000e+03   8.0000000e+00   1.8000000e+01   2.1000000e+01   1.0000000e+01   0.0000000e+00   3.2000000e-01
   2.0170000e+03   8.0000000e+00   1.8000000e+01   2.1000000e+01   1.1000000e+01   0.0000000e+00   1.2400000e+00
   2.0170000e+03   8.0000000e+00   1.8000000e+01   2.1000000e+01   1.2000000e+01   0.0000000e+00   1.1600000e+00
   2.0170000e+03   8.0000000e+00   1.8000000e+01   2.1000000e+01   1.3000000e+01   0.0000000e+00   1.2400000e+00
   2.0170000e+03   8.0000000e+00   1.8000000e+01   2.1000000e+01   1.4000000e+01   0.0000000e+00   1.4800000e+00
   2.0170000e+03   8.0000000e+00   1.8000000e+01   2.1000000e+01   1.5000000e+01   0.0000000e+00   8.7999996e-01
   2.0170000e+03   8.0000000e+00   1.8000000e+01   2.1000000e+01   1.6000000e+01   0.0000000e+00   9.2000004e-01
   2.0170000e+03   8.0000000e+00   1.8000000e+01   2.1000000e+01   1.7000000e+01   0.0000000e+00   8.8000000e-01
   2.0170000e+03   8.0000000e+00   1.8000000e+01   2.1000000e+01   1.8000000e+01   0.0000000e+00   2.8000004e-01
   2.0170000e+03   8.0000000e+00   1.8000000e+01   2.1000000e+01   1.9000000e+01   0.0000000e+00   0.0000000e+00
   2.0170000e+03   8.0000000e+00   1.8000000e+01   2.1000000e+01   2.0000000e+01   0.0000000e+00   3.2000000e-01
   2.0170000e+03   8.0000000e+00   1.8000000e+01   2.1000000e+01   2.1000000e+01   0.0000000e+00   2.8000004e-01
   2.0170000e+03   8.0000000e+00   1.8000000e+01   2.1000000e+01   2.2000000e+01   0.0000000e+00   0.0000000e+00
   2.0170000e+03   8.0000000e+00   1.8000000e+01   2.1000000e+01   2.3000000e+01   0.0000000e+00   0.0000000e+00
   2.0170000e+03   8.0000000e+00   1.8000000e+01   2.1000000e+01   2.4000000e+01   0.0000000e+00   0.0000000e+00
   2.0170000e+03   8.0000000e+00   1.8000000e+01   2.1000000e+01   2.5000000e+01   0.0000000e+00   3.2000000e-01
   2.0170000e+03   8.0000000e+00   1.8000000e+01   2.1000000e+01   2.6000000e+01   0.0000000e+00   2.8000000e-01
   2.0170000e+03   8.0000000e+00   1.8000000e+01   2.1000000e+01   2.7000000e+01   0.0000000e+00   3.2000000e-01
   2.0170000e+03   8.0000000e+00   1.8000000e+01   2.1000000e+01   2.8000000e+01   0.0000000e+00   2.8000000e-01
   2.0170000e+03   8.0000000e+00   1.8000000e+01   2.1000000e+01   2.9000000e+01   0.0000000e+00   0.0000000e+00
   2.0170000e+03   8.0000000e+00   1.8000000e+01   2.1000000e+01   3.0000000e+01   0.0000000e+00   0.0000000e+00
   2.0170000e+03   8.0000000e+00   1.8000000e+01   2.1000000e+01   3.1000000e+01   0.0000000e+00   3.2000000e-01
   2.0170000e+03   8.0000000e+00   1.8000000e+01   2.1000000e+01   3.2000000e+01   0.0000000e+00   6.0000000e-01
   2.0170000e+03   8.0000000e+00   1.8000000e+01   2.1000000e+01   3.3000000e+01   0.0000000e+00   1.2400001e+00
   2.0170000e+03   8.0000000e+00   1.8000000e+01   2.1000000e+01   3.4000000e+01   0.0000000e+00   2.7600000e+00
   2.0170000e+03   8.0000000e+00   1.8000000e+01   2.1000000e+01   3.5000000e+01   0.0000000e+00   3.2800000e+00
   2.0170000e+03   8.0000000e+00   1.8000000e+01   2.1000000e+01   3.6000000e+01   0.0000000e+00   2.0400001e+00
   2.0170000e+03   8.0000000e+00   1.8000000e+01   2.1000000e+01   3.7000000e+01   0.0000000e+00   1.8400000e+00
   2.0170000e+03   8.0000000e+00   1.8000000e+01   2.1000000e+01   3.8000000e+01   0.0000000e+00   3.0399999e+00
   2.0170000e+03   8.0000000e+00   1.8000000e+01   2.1000000e+01   3.9000000e+01   0.0000000e+00   3.2800000e+00
   2.0170000e+03   8.0000000e+00   1.8000000e+01   2.1000000e+01   4.0000000e+01   0.0000000e+00   2.6800000e+00
   2.0170000e+03   8.0000000e+00   1.8000000e+01   2.1000000e+01   4.1000000e+01   0.0000000e+00   2.4000000e+00
   2.0170000e+03   8.0000000e+00   1.8000000e+01   2.1000000e+01   4.2000000e+01   0.0000000e+00   2.0800000e+00
   2.0170000e+03   8.0000000e+00   1.8000000e+01   2.1000000e+01   4.3000000e+01   0.0000000e+00   1.4800000e+00
   2.0170000e+03   8.0000000e+00   1.8000000e+01   2.1000000e+01   4.4000000e+01   0.0000000e+00   8.7999996e-01
   2.0170000e+03   8.0000000e+00   1.8000000e+01   2.1000000e+01   4.5000000e+01   0.0000000e+00   6.0000000e-01
   2.0170000e+03   8.0000000e+00   1.8000000e+01   2.1000000e+01   4.6000000e+01   0.0000000e+00   2.7999996e-01
   2.0170000e+03   8.0000000e+00   1.8000000e+01   2.1000000e+01   4.7000000e+01   0.0000000e+00   0.0000000e+00
   2.0170000e+03   8.0000000e+00   1.8000000e+01   2.1000000e+01   4.8000000e+01   0.0000000e+00   0.0000000e+00
   2.0170000e+03   8.0000000e+00   1.8000000e+01   2.1000000e+01   4.9000000e+01   0.0000000e+00   3.1999996e-01
   2.0170000e+03   8.0000000e+00   1.8000000e+01   2.1000000e+01   5.0000000e+01   0.0000000e+00   2.8000004e-01
   2.0170000e+03   8.0000000e+00   1.8000000e+01   2.1000000e+01   5.1000000e+01   0.0000000e+00   0.0000000e+00
   2.0170000e+03   8.0000000e+00   1.8000000e+01   2.1000000e+01   5.2000000e+01   0.0000000e+00   0.0000000e+00
   2.0170000e+03   8.0000000e+00   1.8000000e+01   2.1000000e+01   5.3000000e+01   0.0000000e+00   0.0000000e+00
   2.0170000e+03   8.0000000e+00   1.8000000e+01   2.1000000e+01   5.4000000e+01   0.0000000e+00   0.0000000e+00
   2.0170000e+03   8.0000000e+00   1.8000000e+01   2.1000000e+01   5.5000000e+01   0.0000000e+00   0.0000000e+00
   2.0170000e+03   8.0000000e+00   1.8000000e+01   2.1000000e+01   5.6000000e+01   0.0000000e+00   0.0000000e+00
   2.0170000e+03   8.0000000e+00   1.8000000e+01   2.1000000e+01   5.7000000e+01   0.0000000e+00   0.0000000e+00
   2.0170000e+03   8.0000000e+00   1.8000000e+01   2.1000000e+01   5.8000000e+01   0.0000000e+00   0.0000000e+00
   2.0170000e+03   8.0000000e+00   1.8000000e+01   2.1000000e+01   5.9000000e+01   0.0000000e+00   3.2000000e-01
   2.0170000e+03   8.0000000e+00   1.8000000e+01   2.2000000e+01   0.0000000e+00   0.0000000e+00   2.7999996e-01
   2.0170000e+03   8.0000000e+00   1.8000000e+01   2.2000000e+01   1.0000000e+00   0.0000000e+00   3.2000004e-01
   2.0170000e+03   8.0000000e+00   1.8000000e+01   2.2000000e+01   2.0000000e+00   0.0000000e+00   2.8000000e-01
   2.0170000e+03   8.0000000e+00   1.8000000e+01   2.2000000e+01   3.0000000e+00   0.0000000e+00   0.0000000e+00
   2.0170000e+03   8.0000000e+00   1.8000000e+01   2.2000000e+01   4.0000000e+00   0.0000000e+00   0.0000000e+00
   2.0170000e+03   8.0000000e+00   1.8000000e+01   2.2000000e+01   5.0000000e+00   0.0000000e+00   0.0000000e+00
   2.0170000e+03   8.0000000e+00   1.8000000e+01   2.2000000e+01   6.0000000e+00   0.0000000e+00   3.1999996e-01
   2.0170000e+03   8.0000000e+00   1.8000000e+01   2.2000000e+01   7.0000000e+00   0.0000000e+00   2.8000004e-01
   2.0170000e+03   8.0000000e+00   1.8000000e+01   2.2000000e+01   8.0000000e+00   0.0000000e+00   6.4000000e-01
   2.0170000e+03   8.0000000e+00   1.8000000e+01   2.2000000e+01   9.0000000e+00   0.0000000e+00   8.8000000e-01
   2.0170000e+03   8.0000000e+00   1.8000000e+01   2.2000000e+01   1.0000000e+01   0.0000000e+00   2.8000000e-01
   2.0170000e+03   8.0000000e+00   1.8000000e+01   2.2000000e+01   1.1000000e+01   0.0000000e+00   0.0000000e+00
   2.0170000e+03   8.0000000e+00   1.8000000e+01   2.2000000e+01   1.2000000e+01   0.0000000e+00   0.0000000e+00
   2.0170000e+03   8.0000000e+00   1.8000000e+01   2.2000000e+01   1.3000000e+01   0.0000000e+00   6.4000000e-01
   2.0170000e+03   8.0000000e+00   1.8000000e+01   2.2000000e+01   1.4000000e+01   0.0000000e+00   8.7999996e-01
   2.0170000e+03   8.0000000e+00   1.8000000e+01   2.2000000e+01   1.5000000e+01   0.0000000e+00   2.7999996e-01
   2.0170000e+03   8.0000000e+00   1.8000000e+01   2.2000000e+01   1.6000000e+01   0.0000000e+00   0.0000000e+00
   2.0170000e+03   8.0000000e+00   1.8000000e+01   2.2000000e+01   1.7000000e+01   0.0000000e+00   0.0000000e+00
   2.0170000e+03   8.0000000e+00   1.8000000e+01   2.2000000e+01   1.8000000e+01   0.0000000e+00   0.0000000e+00
   2.0170000e+03   8.0000000e+00   1.8000000e+01   2.2000000e+01   1.9000000e+01   0.0000000e+00   3.2000000e-01
   2.0170000e+03   8.0000000e+00   1.8000000e+01   2.2000000e+01   2.0000000e+01   0.0000000e+00   2.8000004e-01
   2.0170000e+03   8.0000000e+00   1.8000000e+01   2.2000000e+01   2.1000000e+01   0.0000000e+00   0.0000000e+00
   2.0170000e+03   8.0000000e+00   1.8000000e+01   2.2000000e+01   2.2000000e+01   0.0000000e+00   0.0000000e+00
   2.0170000e+03   8.0000000e+00   1.8000000e+01   2.2000000e+01   2.3000000e+01   0.0000000e+00   0.0000000e+00
   2.0170000e+03   8.0000000e+00   1.8000000e+01   2.2000000e+01   2.4000000e+01   0.0000000e+00   0.0000000e+00
   2.0170000e+03   8.0000000e+00   1.8000000e+01   2.2000000e+01   2.5000000e+01   0.0000000e+00   0.0000000e+00
   2.0170000e+03   8.0000000e+00   1.8000000e+01   2.2000000e+01   2.6000000e+01   0.0000000e+00   6.4000000e-01
   2.0170000e+03   8.0000000e+00   1.8000000e+01   2.2000000e+01   2.7000000e+01   0.0000000e+00   5.6000000e-01
   2.0170000e+03   8.0000000e+00   1.8000000e+01   2.2000000e+01   2.8000000e+01   0.0000000e+00   3.2000004e-01
   2.0170000e+03   8.0000000e+00   1.8000000e+01   2.2000000e+01   2.9000000e+01   0.0000000e+00   6.0000000e-01
   2.0170000e+03   8.0000000e+00   1.8000000e+01   2.2000000e+01   3.0000000e+01   0.0000000e+00   1.2400000e+00
   2.0170000e+03   8.0000000e+00   1.8000000e+01   2.2000000e+01   3.1000000e+01   0.0000000e+00   1.1599999e+00
   2.0170000e+03   8.0000000e+00   1.8000000e+01   2.2000000e+01   3.2000000e+01   0.0000000e+00   6.0000000e-01
   2.0170000e+03   8.0000000e+00   1.8000000e+01   2.2000000e+01   3.3000000e+01   0.0000000e+00   2.8000000e-01
   2.0170000e+03   8.0000000e+00   1.8000000e+01   2.2000000e+01   3.4000000e+01   0.0000000e+00   3.1999996e-01
   2.0170000e+03   8.0000000e+00   1.8000000e+01   2.2000000e+01   3.5000000e+01   0.0000000e+00   6.0000000e-01
   2.0170000e+03   8.0000000e+00   1.8000000e+01   2.2000000e+01   3.6000000e+01   0.0000000e+00   2.8000000e-01
   2.0170000e+03   8.0000000e+00   1.8000000e+01   2.2000000e+01   3.7000000e+01   0.0000000e+00   3.1999996e-01
   2.0170000e+03   8.0000000e+00   1.8000000e+01   2.2000000e+01   3.8000000e+01   0.0000000e+00   6.0000000e-01
   2.0170000e+03   8.0000000e+00   1.8000000e+01   2.2000000e+01   3.9000000e+01   0.0000000e+00   2.8000000e-01
   2.0170000e+03   8.0000000e+00   1.8000000e+01   2.2000000e+01   4.0000000e+01   0.0000000e+00   3.2000000e-01
   2.0170000e+03   8.0000000e+00   1.8000000e+01   2.2000000e+01   4.1000000e+01   0.0000000e+00   2.8000000e-01
   2.0170000e+03   8.0000000e+00   1.8000000e+01   2.2000000e+01   4.2000000e+01   0.0000000e+00   0.0000000e+00
   2.0170000e+03   8.0000000e+00   1.8000000e+01   2.2000000e+01   4.3000000e+01   0.0000000e+00   3.2000000e-01
   2.0170000e+03   8.0000000e+00   1.8000000e+01   2.2000000e+01   4.4000000e+01   0.0000000e+00   2.8000000e-01
   2.0170000e+03   8.0000000e+00   1.8000000e+01   2.2000000e+01   4.5000000e+01   0.0000000e+00   3.2000004e-01
   2.0170000e+03   8.0000000e+00   1.8000000e+01   2.2000000e+01   4.6000000e+01   0.0000000e+00   2.7999996e-01
   2.0170000e+03   8.0000000e+00   1.8000000e+01   2.2000000e+01   4.7000000e+01   0.0000000e+00   0.0000000e+00
   2.0170000e+03   8.0000000e+00   1.8000000e+01   2.2000000e+01   4.8000000e+01   0.0000000e+00   0.0000000e+00
   2.0170000e+03   8.0000000e+00   1.8000000e+01   2.2000000e+01   4.9000000e+01   0.0000000e+00   3.1999996e-01
   2.0170000e+03   8.0000000e+00   1.8000000e+01   2.2000000e+01   5.0000000e+01   0.0000000e+00   2.8000000e-01
   2.0170000e+03   8.0000000e+00   1.8000000e+01   2.2000000e+01   5.1000000e+01   0.0000000e+00   3.1999996e-01
   2.0170000e+03   8.0000000e+00   1.8000000e+01   2.2000000e+01   5.2000000e+01   0.0000000e+00   9.1999996e-01
   2.0170000e+03   8.0000000e+00   1.8000000e+01   2.2000000e+01   5.3000000e+01   0.0000000e+00   5.6000000e-01
   2.0170000e+03   8.0000000e+00   1.8000000e+01   2.2000000e+01   5.4000000e+01   0.0000000e+00   6.4000000e-01
   2.0170000e+03   8.0000000e+00   1.8000000e+01   2.2000000e+01   5.5000000e+01   0.0000000e+00   5.6000000e-01
   2.0170000e+03   8.0000000e+00   1.8000000e+01   2.2000000e+01   5.6000000e+01   0.0000000e+00   6.4000000e-01
   2.0170000e+03   8.0000000e+00   1.8000000e+01   2.2000000e+01   5.7000000e+01   0.0000000e+00   1.2000000e+00
   2.0170000e+03   8.0000000e+00   1.8000000e+01   2.2000000e+01   5.8000000e+01   0.0000000e+00   1.2000000e+00
   2.0170000e+03   8.0000000e+00   1.8000000e+01   2.2000000e+01   5.9000000e+01   0.0000000e+00   1.2000000e+00
   2.0170000e+03   8.0000000e+00   1.8000000e+01   2.3000000e+01   0.0000000e+00   0.0000000e+00   1.2000000e+00
   2.0170000e+03   8.0000000e+00   1.8000000e+01   2.3000000e+01   1.0000000e+00   0.0000000e+00   8.8000000e-01
   2.0170000e+03   8.0000000e+00   1.8000000e+01   2.3000000e+01   2.0000000e+00   0.0000000e+00   6.0000000e-01
   2.0170000e+03   8.0000000e+00   1.8000000e+01   2.3000000e+01   3.0000000e+00   0.0000000e+00   9.2000004e-01
   2.0170000e+03   8.0000000e+00   1.8000000e+01   2.3000000e+01   4.0000000e+00   0.0000000e+00   5.6000000e-01
   2.0170000e+03   8.0000000e+00   1.8000000e+01   2.3000000e+01   5.0000000e+00   0.0000000e+00   6.3999992e-01
   2.0170000e+03   8.0000000e+00   1.8000000e+01   2.3000000e+01   6.0000000e+00   0.0000000e+00   1.5200000e+00
   2.0170000e+03   8.0000000e+00   1.8000000e+01   2.3000000e+01   7.0000000e+00   0.0000000e+00   2.1200000e+00
   2.0170000e+03   8.0000000e+00   1.8000000e+01   2.3000000e+01   8.0000000e+00   0.0000000e+00   1.7600001e+00
   2.0170000e+03   8.0000000e+00   1.8000000e+01   2.3000000e+01   9.0000000e+00   0.0000000e+00   1.2000000e+00
   2.0170000e+03   8.0000000e+00   1.8000000e+01   2.3000000e+01   1.0000000e+01   0.0000000e+00   8.8000000e-01
   2.0170000e+03   8.0000000e+00   1.8000000e+01   2.3000000e+01   1.1000000e+01   0.0000000e+00   9.2000000e-01
   2.0170000e+03   8.0000000e+00   1.8000000e+01   2.3000000e+01   1.2000000e+01   0.0000000e+00   1.8400000e+00
   2.0170000e+03   8.0000000e+00   1.8000000e+01   2.3000000e+01   1.3000000e+01   0.0000000e+00   2.0800000e+00
   2.0170000e+03   8.0000000e+00   1.8000000e+01   2.3000000e+01   1.4000000e+01   0.0000000e+00   1.8000000e+00
   2.0170000e+03   8.0000000e+00   1.8000000e+01   2.3000000e+01   1.5000000e+01   0.0000000e+00   1.4800000e+00
   2.0170000e+03   8.0000000e+00   1.8000000e+01   2.3000000e+01   1.6000000e+01   0.0000000e+00   1.5200000e+00
   2.0170000e+03   8.0000000e+00   1.8000000e+01   2.3000000e+01   1.7000000e+01   0.0000000e+00   2.1200000e+00
   2.0170000e+03   8.0000000e+00   1.8000000e+01   2.3000000e+01   1.8000000e+01   0.0000000e+00   4.3200000e+00
   2.0170000e+03   8.0000000e+00   1.8000000e+01   2.3000000e+01   1.9000000e+01   0.0000000e+00   8.2399997e+00
   2.0170000e+03   8.0000000e+00   1.8000000e+01   2.3000000e+01   2.0000000e+01   0.0000000e+00   9.8800000e+00
   2.0170000e+03   8.0000000e+00   1.8000000e+01   2.3000000e+01   2.1000000e+01   0.0000000e+00   8.3200000e+00
   2.0170000e+03   8.0000000e+00   1.8000000e+01   2.3000000e+01   2.2000000e+01   0.0000000e+00   4.6400003e+00
   2.0170000e+03   8.0000000e+00   1.8000000e+01   2.3000000e+01   2.3000000e+01   0.0000000e+00   1.7600001e+00
   2.0170000e+03   8.0000000e+00   1.8000000e+01   2.3000000e+01   2.4000000e+01   0.0000000e+00   5.6000000e-01
   2.0170000e+03   8.0000000e+00   1.8000000e+01   2.3000000e+01   2.5000000e+01   0.0000000e+00   3.2000000e-01
   2.0170000e+03   8.0000000e+00   1.8000000e+01   2.3000000e+01   2.6000000e+01   0.0000000e+00   2.8000000e-01
   2.0170000e+03   8.0000000e+00   1.8000000e+01   2.3000000e+01   2.7000000e+01   0.0000000e+00   3.2000000e-01
   2.0170000e+03   8.0000000e+00   1.8000000e+01   2.3000000e+01   2.8000000e+01   0.0000000e+00   2.8000000e-01
   2.0170000e+03   8.0000000e+00   1.8000000e+01   2.3000000e+01   2.9000000e+01   0.0000000e+00   3.2000000e-01
   2.0170000e+03   8.0000000e+00   1.8000000e+01   2.3000000e+01   3.0000000e+01   0.0000000e+00   2.7999996e-01
   2.0170000e+03   8.0000000e+00   1.8000000e+01   2.3000000e+01   3.1000000e+01   0.0000000e+00   3.2000004e-01
   2.0170000e+03   8.0000000e+00   1.8000000e+01   2.3000000e+01   3.2000000e+01   0.0000000e+00   2.8000000e-01
   2.0170000e+03   8.0000000e+00   1.8000000e+01   2.3000000e+01   3.3000000e+01   0.0000000e+00   3.1999996e-01
   2.0170000e+03   8.0000000e+00   1.8000000e+01   2.3000000e+01   3.4000000e+01   0.0000000e+00   6.0000000e-01
   2.0170000e+03   8.0000000e+00   1.8000000e+01   2.3000000e+01   3.5000000e+01   0.0000000e+00   2.8000000e-01
   2.0170000e+03   8.0000000e+00   1.8000000e+01   2.3000000e+01   3.6000000e+01   0.0000000e+00   3.1999996e-01
   2.0170000e+03   8.0000000e+00   1.8000000e+01   2.3000000e+01   3.7000000e+01   0.0000000e+00   2.8000004e-01
   2.0170000e+03   8.0000000e+00   1.8000000e+01   2.3000000e+01   3.8000000e+01   0.0000000e+00   3.2000000e-01
   2.0170000e+03   8.0000000e+00   1.8000000e+01   2.3000000e+01   3.9000000e+01   0.0000000e+00   2.8000000e-01
   2.0170000e+03   8.0000000e+00   1.8000000e+01   2.3000000e+01   4.0000000e+01   0.0000000e+00   3.2000000e-01
   2.0170000e+03   8.0000000e+00   1.8000000e+01   2.3000000e+01   4.1000000e+01   0.0000000e+00   2.8000000e-01
   2.0170000e+03   8.0000000e+00   1.8000000e+01   2.3000000e+01   4.2000000e+01   0.0000000e+00   3.2000000e-01
   2.0170000e+03   8.0000000e+00   1.8000000e+01   2.3000000e+01   4.3000000e+01   0.0000000e+00   2.8000000e-01
   2.0170000e+03   8.0000000e+00   1.8000000e+01   2.3000000e+01   4.4000000e+01   0.0000000e+00   3.2000004e-01
   2.0170000e+03   8.0000000e+00   1.8000000e+01   2.3000000e+01   4.5000000e+01   0.0000000e+00   1.2400001e+00
   2.0170000e+03   8.0000000e+00   1.8000000e+01   2.3000000e+01   4.6000000e+01   0.0000000e+00   1.8000000e+00
   2.0170000e+03   8.0000000e+00   1.8000000e+01   2.3000000e+01   4.7000000e+01   0.0000000e+00   1.4800000e+00
   2.0170000e+03   8.0000000e+00   1.8000000e+01   2.3000000e+01   4.8000000e+01   0.0000000e+00   1.2000000e+00
   2.0170000e+03   8.0000000e+00   1.8000000e+01   2.3000000e+01   4.9000000e+01   0.0000000e+00   5.6000000e-01
   2.0170000e+03   8.0000000e+00   1.8000000e+01   2.3000000e+01   5.0000000e+01   0.0000000e+00   6.3999992e-01
   2.0170000e+03   8.0000000e+00   1.8000000e+01   2.3000000e+01   5.1000000e+01   0.0000000e+00   1.5200000e+00
   2.0170000e+03   8.0000000e+00   1.8000000e+01   2.3000000e+01   5.2000000e+01   0.0000000e+00   1.8000000e+00
   2.0170000e+03   8.0000000e+00   1.8000000e+01   2.3000000e+01   5.3000000e+01   0.0000000e+00   1.1600001e+00
   2.0170000e+03   8.0000000e+00   1.8000000e+01   2.3000000e+01   5.4000000e+01   0.0000000e+00   9.1999996e-01
   2.0170000e+03   8.0000000e+00   1.8000000e+01   2.3000000e+01   5.5000000e+01   0.0000000e+00   8.8000000e-01
   2.0170000e+03   8.0000000e+00   1.8000000e+01   2.3000000e+01   5.6000000e+01   0.0000000e+00   6.0000000e-01
   2.0170000e+03   8.0000000e+00   1.8000000e+01   2.3000000e+01   5.7000000e+01   0.0000000e+00   6.0000000e-01
   2.0170000e+03   8.0000000e+00   1.8000000e+01   2.3000000e+01   5.8000000e+01   0.0000000e+00   2.7999996e-01
   2.0170000e+03   8.0000000e+00   1.8000000e+01   2.3000000e+01   5.9000000e+01   0.0000000e+00   3.2000004e-01
   2.0170000e+03   8.0000000e+00   1.9000000e+01   0.0000000e+00   0.0000000e+00   0.0000000e+00   6.0000000e-01
   2.0170000e+03   8.0000000e+00   1.9000000e+01   0.0000000e+00   1.0000000e+00   0.0000000e+00   2.7999996e-01
   2.0170000e+03   8.0000000e+00   1.9000000e+01   0.0000000e+00   2.0000000e+00   0.0000000e+00   3.2000004e-01
   2.0170000e+03   8.0000000e+00   1.9000000e+01   0.0000000e+00   3.0000000e+00   0.0000000e+00   2.8000000e-01
   2.0170000e+03   8.0000000e+00   1.9000000e+01   0.0000000e+00   4.0000000e+00   0.0000000e+00   0.0000000e+00
   2.0170000e+03   8.0000000e+00   1.9000000e+01   0.0000000e+00   5.0000000e+00   0.0000000e+00   3.1999996e-01
   2.0170000e+03   8.0000000e+00   1.9000000e+01   0.0000000e+00   6.0000000e+00   0.0000000e+00   2.8000000e-01
   2.0170000e+03   8.0000000e+00   1.9000000e+01   0.0000000e+00   7.0000000e+00   0.0000000e+00   0.0000000e+00
   2.0170000e+03   8.0000000e+00   1.9000000e+01   0.0000000e+00   8.0000000e+00   0.0000000e+00   3.1999996e-01
   2.0170000e+03   8.0000000e+00   1.9000000e+01   0.0000000e+00   9.0000000e+00   0.0000000e+00   2.8000000e-01
   2.0170000e+03   8.0000000e+00   1.9000000e+01   0.0000000e+00   1.0000000e+01   0.0000000e+00   3.2000000e-01
   2.0170000e+03   8.0000000e+00   1.9000000e+01   0.0000000e+00   1.1000000e+01   0.0000000e+00   6.0000000e-01
   2.0170000e+03   8.0000000e+00   1.9000000e+01   0.0000000e+00   1.2000000e+01   0.0000000e+00   6.0000000e-01
   2.0170000e+03   8.0000000e+00   1.9000000e+01   0.0000000e+00   1.3000000e+01   0.0000000e+00   2.8000000e-01
   2.0170000e+03   8.0000000e+00   1.9000000e+01   0.0000000e+00   1.4000000e+01   0.0000000e+00   9.6000000e-01
   2.0170000e+03   8.0000000e+00   1.9000000e+01   0.0000000e+00   1.5000000e+01   0.0000000e+00   1.8000000e+00
   2.0170000e+03   8.0000000e+00   1.9000000e+01   0.0000000e+00   1.6000000e+01   0.0000000e+00   2.1200000e+00
   2.0170000e+03   8.0000000e+00   1.9000000e+01   0.0000000e+00   1.7000000e+01   0.0000000e+00   1.7600000e+00
   2.0170000e+03   8.0000000e+00   1.9000000e+01   0.0000000e+00   1.8000000e+01   0.0000000e+00   1.5200000e+00
   2.0170000e+03   8.0000000e+00   1.9000000e+01   0.0000000e+00   1.9000000e+01   0.0000000e+00   1.4800000e+00
   2.0170000e+03   8.0000000e+00   1.9000000e+01   0.0000000e+00   2.0000000e+01   0.0000000e+00   1.5200000e+00
   2.0170000e+03   8.0000000e+00   1.9000000e+01   0.0000000e+00   2.1000000e+01   0.0000000e+00   2.1200000e+00
   2.0170000e+03   8.0000000e+00   1.9000000e+01   0.0000000e+00   2.2000000e+01   0.0000000e+00   2.4000000e+00
   2.0170000e+03   8.0000000e+00   1.9000000e+01   0.0000000e+00   2.3000000e+01   0.0000000e+00   2.4000000e+00
   2.0170000e+03   8.0000000e+00   1.9000000e+01   0.0000000e+00   2.4000000e+01   0.0000000e+00   1.7600000e+00
   2.0170000e+03   8.0000000e+00   1.9000000e+01   0.0000000e+00   2.5000000e+01   0.0000000e+00   1.2000000e+00
   2.0170000e+03   8.0000000e+00   1.9000000e+01   0.0000000e+00   2.6000000e+01   0.0000000e+00   1.5200000e+00
   2.0170000e+03   8.0000000e+00   1.9000000e+01   0.0000000e+00   2.7000000e+01   0.0000000e+00   1.1600000e+00
   2.0170000e+03   8.0000000e+00   1.9000000e+01   0.0000000e+00   2.8000000e+01   0.0000000e+00   9.2000000e-01
   2.0170000e+03   8.0000000e+00   1.9000000e+01   0.0000000e+00   2.9000000e+01   0.0000000e+00   1.2000000e+00
   2.0170000e+03   8.0000000e+00   1.9000000e+01   0.0000000e+00   3.0000000e+01   0.0000000e+00   1.2000000e+00
   2.0170000e+03   8.0000000e+00   1.9000000e+01   0.0000000e+00   3.1000000e+01   0.0000000e+00   8.8000000e-01
   2.0170000e+03   8.0000000e+00   1.9000000e+01   0.0000000e+00   3.2000000e+01   0.0000000e+00   6.0000000e-01
   2.0170000e+03   8.0000000e+00   1.9000000e+01   0.0000000e+00   3.3000000e+01   0.0000000e+00   1.2400001e+00
   2.0170000e+03   8.0000000e+00   1.9000000e+01   0.0000000e+00   3.4000000e+01   0.0000000e+00   1.8000000e+00
   2.0170000e+03   8.0000000e+00   1.9000000e+01   0.0000000e+00   3.5000000e+01   0.0000000e+00   1.8000000e+00
   2.0170000e+03   8.0000000e+00   1.9000000e+01   0.0000000e+00   3.6000000e+01   0.0000000e+00   1.8000000e+00
   2.0170000e+03   8.0000000e+00   1.9000000e+01   0.0000000e+00   3.7000000e+01   0.0000000e+00   2.7600000e+00
   2.0170000e+03   8.0000000e+00   1.9000000e+01   0.0000000e+00   3.8000000e+01   0.0000000e+00   2.9600001e+00
   2.0170000e+03   8.0000000e+00   1.9000000e+01   0.0000000e+00   3.9000000e+01   0.0000000e+00   2.4000000e+00
   2.0170000e+03   8.0000000e+00   1.9000000e+01   0.0000000e+00   4.0000000e+01   0.0000000e+00   2.0800000e+00
   2.0170000e+03   8.0000000e+00   1.9000000e+01   0.0000000e+00   4.1000000e+01   0.0000000e+00   2.1200000e+00
   2.0170000e+03   8.0000000e+00   1.9000000e+01   0.0000000e+00   4.2000000e+01   0.0000000e+00   2.0800000e+00
   2.0170000e+03   8.0000000e+00   1.9000000e+01   0.0000000e+00   4.3000000e+01   0.0000000e+00   1.1599999e+00
   2.0170000e+03   8.0000000e+00   1.9000000e+01   0.0000000e+00   4.4000000e+01   0.0000000e+00   6.0000000e-01
   2.0170000e+03   8.0000000e+00   1.9000000e+01   0.0000000e+00   4.5000000e+01   0.0000000e+00   2.8000000e-01
   2.0170000e+03   8.0000000e+00   1.9000000e+01   0.0000000e+00   4.6000000e+01   0.0000000e+00   3.2000004e-01
   2.0170000e+03   8.0000000e+00   1.9000000e+01   0.0000000e+00   4.7000000e+01   0.0000000e+00   2.7999996e-01
   2.0170000e+03   8.0000000e+00   1.9000000e+01   0.0000000e+00   4.8000000e+01   0.0000000e+00   3.2000000e-01
   2.0170000e+03   8.0000000e+00   1.9000000e+01   0.0000000e+00   4.9000000e+01   0.0000000e+00   2.8000004e-01
   2.0170000e+03   8.0000000e+00   1.9000000e+01   0.0000000e+00   5.0000000e+01   0.0000000e+00   0.0000000e+00
   2.0170000e+03   8.0000000e+00   1.9000000e+01   0.0000000e+00   5.1000000e+01   0.0000000e+00   0.0000000e+00
   2.0170000e+03   8.0000000e+00   1.9000000e+01   0.0000000e+00   5.2000000e+01   0.0000000e+00   0.0000000e+00
   2.0170000e+03   8.0000000e+00   1.9000000e+01   0.0000000e+00   5.3000000e+01   0.0000000e+00   0.0000000e+00
   2.0170000e+03   8.0000000e+00   1.9000000e+01   0.0000000e+00   5.4000000e+01   0.0000000e+00   0.0000000e+00
   2.0170000e+03   8.0000000e+00   1.9000000e+01   0.0000000e+00   5.5000000e+01   0.0000000e+00   0.0000000e+00
   2.0170000e+03   8.0000000e+00   1.9000000e+01   0.0000000e+00   5.6000000e+01   0.0000000e+00   0.0000000e+00
   2.0170000e+03   8.0000000e+00   1.9000000e+01   0.0000000e+00   5.7000000e+01   0.0000000e+00   0.0000000e+00
   2.0170000e+03   8.0000000e+00   1.9000000e+01   0.0000000e+00   5.8000000e+01   0.0000000e+00   0.0000000e+00
   2.0170000e+03   8.0000000e+00   1.9000000e+01   0.0000000e+00   5.9000000e+01   0.0000000e+00   0.0000000e+00
   2.0170000e+03   8.0000000e+00   1.9000000e+01   1.0000000e+00   0.0000000e+00   0.0000000e+00   0.0000000e+00
   2.0170000e+03   8.0000000e+00   1.9000000e+01   1.0000000e+00   1.0000000e+00   0.0000000e+00   0.0000000e+00
   2.0170000e+03   8.0000000e+00   1.9000000e+01   1.0000000e+00   2.0000000e+00   0.0000000e+00   0.0000000e+00
   2.0170000e+03   8.0000000e+00   1.9000000e+01   1.0000000e+00   3.0000000e+00   0.0000000e+00   0.0000000e+00
   2.0170000e+03   8.0000000e+00   1.9000000e+01   1.0000000e+00   4.0000000e+00   0.0000000e+00   0.0000000e+00
   2.0170000e+03   8.0000000e+00   1.9000000e+01   1.0000000e+00   5.0000000e+00   0.0000000e+00   0.0000000e+00
   2.0170000e+03   8.0000000e+00   1.9000000e+01   1.0000000e+00   6.0000000e+00   0.0000000e+00   3.1999996e-01
   2.0170000e+03   8.0000000e+00   1.9000000e+01   1.0000000e+00   7.0000000e+00   0.0000000e+00   2.8000004e-01
   2.0170000e+03   8.0000000e+00   1.9000000e+01   1.0000000e+00   8.0000000e+00   0.0000000e+00   0.0000000e+00
   2.0170000e+03   8.0000000e+00   1.9000000e+01   1.0000000e+00   9.0000000e+00   0.0000000e+00   0.0000000e+00
   2.0170000e+03   8.0000000e+00   1.9000000e+01   1.0000000e+00   1.0000000e+01   0.0000000e+00   0.0000000e+00
   2.0170000e+03   8.0000000e+00   1.9000000e+01   1.0000000e+00   1.1000000e+01   0.0000000e+00   0.0000000e+00
   2.0170000e+03   8.0000000e+00   1.9000000e+01   1.0000000e+00   1.2000000e+01   0.0000000e+00   0.0000000e+00
   2.0170000e+03   8.0000000e+00   1.9000000e+01   1.0000000e+00   1.3000000e+01   0.0000000e+00   0.0000000e+00
   2.0170000e+03   8.0000000e+00   1.9000000e+01   1.0000000e+00   1.4000000e+01   0.0000000e+00   0.0000000e+00
   2.0170000e+03   8.0000000e+00   1.9000000e+01   1.0000000e+00   1.5000000e+01   0.0000000e+00   0.0000000e+00
   2.0170000e+03   8.0000000e+00   1.9000000e+01   1.0000000e+00   1.6000000e+01   0.0000000e+00   0.0000000e+00
   2.0170000e+03   8.0000000e+00   1.9000000e+01   1.0000000e+00   1.7000000e+01   0.0000000e+00   0.0000000e+00
   2.0170000e+03   8.0000000e+00   1.9000000e+01   1.0000000e+00   1.8000000e+01   0.0000000e+00   0.0000000e+00
   2.0170000e+03   8.0000000e+00   1.9000000e+01   1.0000000e+00   1.9000000e+01   0.0000000e+00   0.0000000e+00
   2.0170000e+03   8.0000000e+00   1.9000000e+01   1.0000000e+00   2.0000000e+01   0.0000000e+00   0.0000000e+00
   2.0170000e+03   8.0000000e+00   1.9000000e+01   1.0000000e+00   2.1000000e+01   0.0000000e+00   0.0000000e+00
   2.0170000e+03   8.0000000e+00   1.9000000e+01   1.0000000e+00   2.2000000e+01   0.0000000e+00   0.0000000e+00
   2.0170000e+03   8.0000000e+00   1.9000000e+01   1.0000000e+00   2.3000000e+01   0.0000000e+00   0.0000000e+00
   2.0170000e+03   8.0000000e+00   1.9000000e+01   1.0000000e+00   2.4000000e+01   0.0000000e+00   0.0000000e+00
   2.0170000e+03   8.0000000e+00   1.9000000e+01   1.0000000e+00   2.5000000e+01   0.0000000e+00   0.0000000e+00
   2.0170000e+03   8.0000000e+00   1.9000000e+01   1.0000000e+00   2.6000000e+01   0.0000000e+00   0.0000000e+00
   2.0170000e+03   8.0000000e+00   1.9000000e+01   1.0000000e+00   2.7000000e+01   0.0000000e+00   0.0000000e+00
   2.0170000e+03   8.0000000e+00   1.9000000e+01   1.0000000e+00   2.8000000e+01   0.0000000e+00   0.0000000e+00
   2.0170000e+03   8.0000000e+00   1.9000000e+01   1.0000000e+00   2.9000000e+01   0.0000000e+00   0.0000000e+00
   2.0170000e+03   8.0000000e+00   1.9000000e+01   1.0000000e+00   3.0000000e+01   0.0000000e+00   0.0000000e+00
   2.0170000e+03   8.0000000e+00   1.9000000e+01   1.0000000e+00   3.1000000e+01   0.0000000e+00   0.0000000e+00
   2.0170000e+03   8.0000000e+00   1.9000000e+01   1.0000000e+00   3.2000000e+01   0.0000000e+00   0.0000000e+00
   2.0170000e+03   8.0000000e+00   1.9000000e+01   1.0000000e+00   3.3000000e+01   0.0000000e+00   0.0000000e+00
   2.0170000e+03   8.0000000e+00   1.9000000e+01   1.0000000e+00   3.4000000e+01   0.0000000e+00   0.0000000e+00
   2.0170000e+03   8.0000000e+00   1.9000000e+01   1.0000000e+00   3.5000000e+01   0.0000000e+00   3.1999996e-01
   2.0170000e+03   8.0000000e+00   1.9000000e+01   1.0000000e+00   3.6000000e+01   0.0000000e+00   2.8000000e-01
   2.0170000e+03   8.0000000e+00   1.9000000e+01   1.0000000e+00   3.7000000e+01   0.0000000e+00   0.0000000e+00
   2.0170000e+03   8.0000000e+00   1.9000000e+01   1.0000000e+00   3.8000000e+01   0.0000000e+00   0.0000000e+00
   2.0170000e+03   8.0000000e+00   1.9000000e+01   1.0000000e+00   3.9000000e+01   0.0000000e+00   0.0000000e+00
   2.0170000e+03   8.0000000e+00   1.9000000e+01   1.0000000e+00   4.0000000e+01   0.0000000e+00   0.0000000e+00
   2.0170000e+03   8.0000000e+00   1.9000000e+01   1.0000000e+00   4.1000000e+01   0.0000000e+00   0.0000000e+00
   2.0170000e+03   8.0000000e+00   1.9000000e+01   1.0000000e+00   4.2000000e+01   0.0000000e+00   0.0000000e+00
   2.0170000e+03   8.0000000e+00   1.9000000e+01   1.0000000e+00   4.3000000e+01   0.0000000e+00   0.0000000e+00
   2.0170000e+03   8.0000000e+00   1.9000000e+01   1.0000000e+00   4.4000000e+01   0.0000000e+00   0.0000000e+00
   2.0170000e+03   8.0000000e+00   1.9000000e+01   1.0000000e+00   4.5000000e+01   0.0000000e+00   0.0000000e+00
   2.0170000e+03   8.0000000e+00   1.9000000e+01   1.0000000e+00   4.6000000e+01   0.0000000e+00   0.0000000e+00
   2.0170000e+03   8.0000000e+00   1.9000000e+01   1.0000000e+00   4.7000000e+01   0.0000000e+00   0.0000000e+00
   2.0170000e+03   8.0000000e+00   1.9000000e+01   1.0000000e+00   4.8000000e+01   0.0000000e+00   0.0000000e+00
   2.0170000e+03   8.0000000e+00   1.9000000e+01   1.0000000e+00   4.9000000e+01   0.0000000e+00   0.0000000e+00
   2.0170000e+03   8.0000000e+00   1.9000000e+01   1.0000000e+00   5.0000000e+01   0.0000000e+00   0.0000000e+00
   2.0170000e+03   8.0000000e+00   1.9000000e+01   1.0000000e+00   5.1000000e+01   0.0000000e+00   0.0000000e+00
   2.0170000e+03   8.0000000e+00   1.9000000e+01   1.0000000e+00   5.2000000e+01   0.0000000e+00   0.0000000e+00
   2.0170000e+03   8.0000000e+00   1.9000000e+01   1.0000000e+00   5.3000000e+01   0.0000000e+00   0.0000000e+00
   2.0170000e+03   8.0000000e+00   1.9000000e+01   1.0000000e+00   5.4000000e+01   0.0000000e+00   0.0000000e+00
   2.0170000e+03   8.0000000e+00   1.9000000e+01   1.0000000e+00   5.5000000e+01   0.0000000e+00   0.0000000e+00
   2.0170000e+03   8.0000000e+00   1.9000000e+01   1.0000000e+00   5.6000000e+01   0.0000000e+00   0.0000000e+00
   2.0170000e+03   8.0000000e+00   1.9000000e+01   1.0000000e+00   5.7000000e+01   0.0000000e+00   0.0000000e+00
   2.0170000e+03   8.0000000e+00   1.9000000e+01   1.0000000e+00   5.8000000e+01   0.0000000e+00   0.0000000e+00
   2.0170000e+03   8.0000000e+00   1.9000000e+01   1.0000000e+00   5.9000000e+01   0.0000000e+00   0.0000000e+00
   2.0170000e+03   8.0000000e+00   1.9000000e+01   2.0000000e+00   0.0000000e+00   0.0000000e+00   0.0000000e+00
   2.0170000e+03   8.0000000e+00   1.9000000e+01   2.0000000e+00   1.0000000e+00   0.0000000e+00   0.0000000e+00
   2.0170000e+03   8.0000000e+00   1.9000000e+01   2.0000000e+00   2.0000000e+00   0.0000000e+00   0.0000000e+00
   2.0170000e+03   8.0000000e+00   1.9000000e+01   2.0000000e+00   3.0000000e+00   0.0000000e+00   0.0000000e+00
   2.0170000e+03   8.0000000e+00   1.9000000e+01   2.0000000e+00   4.0000000e+00   0.0000000e+00   0.0000000e+00
   2.0170000e+03   8.0000000e+00   1.9000000e+01   2.0000000e+00   5.0000000e+00   0.0000000e+00   0.0000000e+00
   2.0170000e+03   8.0000000e+00   1.9000000e+01   2.0000000e+00   6.0000000e+00   0.0000000e+00   0.0000000e+00
   2.0170000e+03   8.0000000e+00   1.9000000e+01   2.0000000e+00   7.0000000e+00   0.0000000e+00   0.0000000e+00
   2.0170000e+03   8.0000000e+00   1.9000000e+01   2.0000000e+00   8.0000000e+00   0.0000000e+00   0.0000000e+00
   2.0170000e+03   8.0000000e+00   1.9000000e+01   2.0000000e+00   9.0000000e+00   0.0000000e+00   0.0000000e+00
   2.0170000e+03   8.0000000e+00   1.9000000e+01   2.0000000e+00   1.0000000e+01   0.0000000e+00   0.0000000e+00
   2.0170000e+03   8.0000000e+00   1.9000000e+01   2.0000000e+00   1.1000000e+01   0.0000000e+00   0.0000000e+00
   2.0170000e+03   8.0000000e+00   1.9000000e+01   2.0000000e+00   1.2000000e+01   0.0000000e+00   0.0000000e+00
   2.0170000e+03   8.0000000e+00   1.9000000e+01   2.0000000e+00   1.3000000e+01   0.0000000e+00   0.0000000e+00
   2.0170000e+03   8.0000000e+00   1.9000000e+01   2.0000000e+00   1.4000000e+01   0.0000000e+00   0.0000000e+00
   2.0170000e+03   8.0000000e+00   1.9000000e+01   2.0000000e+00   1.5000000e+01   0.0000000e+00   0.0000000e+00
   2.0170000e+03   8.0000000e+00   1.9000000e+01   2.0000000e+00   1.6000000e+01   0.0000000e+00   0.0000000e+00
   2.0170000e+03   8.0000000e+00   1.9000000e+01   2.0000000e+00   1.7000000e+01   0.0000000e+00   0.0000000e+00
   2.0170000e+03   8.0000000e+00   1.9000000e+01   2.0000000e+00   1.8000000e+01   0.0000000e+00   0.0000000e+00
   2.0170000e+03   8.0000000e+00   1.9000000e+01   2.0000000e+00   1.9000000e+01   0.0000000e+00   0.0000000e+00
   2.0170000e+03   8.0000000e+00   1.9000000e+01   2.0000000e+00   2.0000000e+01   0.0000000e+00   3.1999996e-01
   2.0170000e+03   8.0000000e+00   1.9000000e+01   2.0000000e+00   2.1000000e+01   0.0000000e+00   2.8000000e-01
   2.0170000e+03   8.0000000e+00   1.9000000e+01   2.0000000e+00   2.2000000e+01   0.0000000e+00   0.0000000e+00
   2.0170000e+03   8.0000000e+00   1.9000000e+01   2.0000000e+00   2.3000000e+01   0.0000000e+00   0.0000000e+00
   2.0170000e+03   8.0000000e+00   1.9000000e+01   2.0000000e+00   2.4000000e+01   0.0000000e+00   0.0000000e+00
   2.0170000e+03   8.0000000e+00   1.9000000e+01   2.0000000e+00   2.5000000e+01   0.0000000e+00   0.0000000e+00
   2.0170000e+03   8.0000000e+00   1.9000000e+01   2.0000000e+00   2.6000000e+01   0.0000000e+00   0.0000000e+00
   2.0170000e+03   8.0000000e+00   1.9000000e+01   2.0000000e+00   2.7000000e+01   0.0000000e+00   0.0000000e+00
   2.0170000e+03   8.0000000e+00   1.9000000e+01   2.0000000e+00   2.8000000e+01   0.0000000e+00   0.0000000e+00
   2.0170000e+03   8.0000000e+00   1.9000000e+01   2.0000000e+00   2.9000000e+01   0.0000000e+00   0.0000000e+00
   2.0170000e+03   8.0000000e+00   1.9000000e+01   2.0000000e+00   3.0000000e+01   0.0000000e+00   0.0000000e+00
   2.0170000e+03   8.0000000e+00   1.9000000e+01   2.0000000e+00   3.1000000e+01   0.0000000e+00   0.0000000e+00
   2.0170000e+03   8.0000000e+00   1.9000000e+01   2.0000000e+00   3.2000000e+01   0.0000000e+00   3.2000000e-01
   2.0170000e+03   8.0000000e+00   1.9000000e+01   2.0000000e+00   3.3000000e+01   0.0000000e+00   2.8000004e-01
   2.0170000e+03   8.0000000e+00   1.9000000e+01   2.0000000e+00   3.4000000e+01   0.0000000e+00   0.0000000e+00
   2.0170000e+03   8.0000000e+00   1.9000000e+01   2.0000000e+00   3.5000000e+01   0.0000000e+00   0.0000000e+00
   2.0170000e+03   8.0000000e+00   1.9000000e+01   2.0000000e+00   3.6000000e+01   0.0000000e+00   6.3999992e-01
   2.0170000e+03   8.0000000e+00   1.9000000e+01   2.0000000e+00   3.7000000e+01   0.0000000e+00   5.6000007e-01
   2.0170000e+03   8.0000000e+00   1.9000000e+01   2.0000000e+00   3.8000000e+01   0.0000000e+00   0.0000000e+00
   2.0170000e+03   8.0000000e+00   1.9000000e+01   2.0000000e+00   3.9000000e+01   0.0000000e+00   3.2000000e-01
   2.0170000e+03   8.0000000e+00   1.9000000e+01   2.0000000e+00   4.0000000e+01   0.0000000e+00   6.0000000e-01
   2.0170000e+03   8.0000000e+00   1.9000000e+01   2.0000000e+00   4.1000000e+01   0.0000000e+00   9.2000000e-01
   2.0170000e+03   8.0000000e+00   1.9000000e+01   2.0000000e+00   4.2000000e+01   0.0000000e+00   1.5200000e+00
   2.0170000e+03   8.0000000e+00   1.9000000e+01   2.0000000e+00   4.3000000e+01   0.0000000e+00   1.8000000e+00
   2.0170000e+03   8.0000000e+00   1.9000000e+01   2.0000000e+00   4.4000000e+01   0.0000000e+00   1.8000000e+00
   2.0170000e+03   8.0000000e+00   1.9000000e+01   2.0000000e+00   4.5000000e+01   0.0000000e+00   8.3999989e-01
   2.0170000e+03   8.0000000e+00   1.9000000e+01   2.0000000e+00   4.6000000e+01   0.0000000e+00   6.4000000e-01
   2.0170000e+03   8.0000000e+00   1.9000000e+01   2.0000000e+00   4.7000000e+01   0.0000000e+00   5.5999992e-01
   2.0170000e+03   8.0000000e+00   1.9000000e+01   2.0000000e+00   4.8000000e+01   0.0000000e+00   3.2000004e-01
   2.0170000e+03   8.0000000e+00   1.9000000e+01   2.0000000e+00   4.9000000e+01   0.0000000e+00   6.0000000e-01
   2.0170000e+03   8.0000000e+00   1.9000000e+01   2.0000000e+00   5.0000000e+01   0.0000000e+00   9.1999996e-01
   2.0170000e+03   8.0000000e+00   1.9000000e+01   2.0000000e+00   5.1000000e+01   0.0000000e+00   8.8000004e-01
   2.0170000e+03   8.0000000e+00   1.9000000e+01   2.0000000e+00   5.2000000e+01   0.0000000e+00   9.2000000e-01
   2.0170000e+03   8.0000000e+00   1.9000000e+01   2.0000000e+00   5.3000000e+01   0.0000000e+00   2.1599999e+00
   2.0170000e+03   8.0000000e+00   1.9000000e+01   2.0000000e+00   5.4000000e+01   0.0000000e+00   3.6399999e+00
   2.0170000e+03   8.0000000e+00   1.9000000e+01   2.0000000e+00   5.5000000e+01   0.0000000e+00   2.6000000e+00
   2.0170000e+03   8.0000000e+00   1.9000000e+01   2.0000000e+00   5.6000000e+01   0.0000000e+00   1.2000000e+00
   2.0170000e+03   8.0000000e+00   1.9000000e+01   2.0000000e+00   5.7000000e+01   0.0000000e+00   8.8000000e-01
   2.0170000e+03   8.0000000e+00   1.9000000e+01   2.0000000e+00   5.8000000e+01   0.0000000e+00   2.7999996e-01
   2.0170000e+03   8.0000000e+00   1.9000000e+01   2.0000000e+00   5.9000000e+01   0.0000000e+00   0.0000000e+00
   2.0170000e+03   8.0000000e+00   1.9000000e+01   3.0000000e+00   0.0000000e+00   0.0000000e+00   6.4000000e-01
   2.0170000e+03   8.0000000e+00   1.9000000e+01   3.0000000e+00   1.0000000e+00   0.0000000e+00   8.7999996e-01
   2.0170000e+03   8.0000000e+00   1.9000000e+01   3.0000000e+00   2.0000000e+00   0.0000000e+00   9.2000004e-01
   2.0170000e+03   8.0000000e+00   1.9000000e+01   3.0000000e+00   3.0000000e+00   0.0000000e+00   8.8000000e-01
   2.0170000e+03   8.0000000e+00   1.9000000e+01   3.0000000e+00   4.0000000e+00   0.0000000e+00   9.1999996e-01
   2.0170000e+03   8.0000000e+00   1.9000000e+01   3.0000000e+00   5.0000000e+00   0.0000000e+00   8.8000004e-01
   2.0170000e+03   8.0000000e+00   1.9000000e+01   3.0000000e+00   6.0000000e+00   0.0000000e+00   2.8000000e-01
   2.0170000e+03   8.0000000e+00   1.9000000e+01   3.0000000e+00   7.0000000e+00   0.0000000e+00   6.3999992e-01
   2.0170000e+03   8.0000000e+00   1.9000000e+01   3.0000000e+00   8.0000000e+00   0.0000000e+00   8.8000004e-01
   2.0170000e+03   8.0000000e+00   1.9000000e+01   3.0000000e+00   9.0000000e+00   0.0000000e+00   6.0000000e-01
   2.0170000e+03   8.0000000e+00   1.9000000e+01   3.0000000e+00   1.0000000e+01   0.0000000e+00   2.8000000e-01
   2.0170000e+03   8.0000000e+00   1.9000000e+01   3.0000000e+00   1.1000000e+01   0.0000000e+00   0.0000000e+00
   2.0170000e+03   8.0000000e+00   1.9000000e+01   3.0000000e+00   1.2000000e+01   0.0000000e+00   0.0000000e+00
   2.0170000e+03   8.0000000e+00   1.9000000e+01   3.0000000e+00   1.3000000e+01   0.0000000e+00   0.0000000e+00
   2.0170000e+03   8.0000000e+00   1.9000000e+01   3.0000000e+00   1.4000000e+01   0.0000000e+00   0.0000000e+00
   2.0170000e+03   8.0000000e+00   1.9000000e+01   3.0000000e+00   1.5000000e+01   0.0000000e+00   0.0000000e+00
   2.0170000e+03   8.0000000e+00   1.9000000e+01   3.0000000e+00   1.6000000e+01   0.0000000e+00   0.0000000e+00
   2.0170000e+03   8.0000000e+00   1.9000000e+01   3.0000000e+00   1.7000000e+01   0.0000000e+00   0.0000000e+00
   2.0170000e+03   8.0000000e+00   1.9000000e+01   3.0000000e+00   1.8000000e+01   0.0000000e+00   3.1999996e-01
   2.0170000e+03   8.0000000e+00   1.9000000e+01   3.0000000e+00   1.9000000e+01   0.0000000e+00   2.8000004e-01
   2.0170000e+03   8.0000000e+00   1.9000000e+01   3.0000000e+00   2.0000000e+01   0.0000000e+00   0.0000000e+00
   2.0170000e+03   8.0000000e+00   1.9000000e+01   3.0000000e+00   2.1000000e+01   0.0000000e+00   0.0000000e+00
   2.0170000e+03   8.0000000e+00   1.9000000e+01   3.0000000e+00   2.2000000e+01   0.0000000e+00   0.0000000e+00
   2.0170000e+03   8.0000000e+00   1.9000000e+01   3.0000000e+00   2.3000000e+01   0.0000000e+00   0.0000000e+00
   2.0170000e+03   8.0000000e+00   1.9000000e+01   3.0000000e+00   2.4000000e+01   0.0000000e+00   0.0000000e+00
   2.0170000e+03   8.0000000e+00   1.9000000e+01   3.0000000e+00   2.5000000e+01   0.0000000e+00   0.0000000e+00
   2.0170000e+03   8.0000000e+00   1.9000000e+01   3.0000000e+00   2.6000000e+01   0.0000000e+00   0.0000000e+00
   2.0170000e+03   8.0000000e+00   1.9000000e+01   3.0000000e+00   2.7000000e+01   0.0000000e+00   0.0000000e+00
   2.0170000e+03   8.0000000e+00   1.9000000e+01   3.0000000e+00   2.8000000e+01   0.0000000e+00   0.0000000e+00
   2.0170000e+03   8.0000000e+00   1.9000000e+01   3.0000000e+00   2.9000000e+01   0.0000000e+00   0.0000000e+00
   2.0170000e+03   8.0000000e+00   1.9000000e+01   3.0000000e+00   3.0000000e+01   0.0000000e+00   0.0000000e+00