   2.0170000e+03   7.0000000e+00   2.4000000e+01   0.0000000e+00   0.0000000e+00   0.0000000e+00  0.848441963159419
   2.0170000e+03   7.0000000e+00   2.4000000e+01   0.0000000e+00   1.0000000e+00   0.0000000e+00  0.290888952896767
   2.0170000e+03   7.0000000e+00   2.4000000e+01   0.0000000e+00   2.0000000e+00   0.0000000e+00  0.901932830648528
   2.0170000e+03   7.0000000e+00   2.4000000e+01   0.0000000e+00   3.0000000e+00   0.0000000e+00  4.96605668287056
   2.0170000e+03   7.0000000e+00   2.4000000e+01   0.0000000e+00   4.0000000e+00   0.0000000e+00  3.39766568775208
   2.0170000e+03   7.0000000e+00   2.4000000e+01   0.0000000e+00   5.0000000e+00   0.0000000e+00  1.48641437945779
   2.0170000e+03   7.0000000e+00   2.4000000e+01   0.0000000e+00   6.0000000e+00   0.0000000e+00  0.492175256886255
   2.0170000e+03   7.0000000e+00   2.4000000e+01   0.0000000e+00   7.0000000e+00   0.0000000e+00  0.699049050991458
   2.0170000e+03   7.0000000e+00   2.4000000e+01   0.0000000e+00   8.0000000e+00   0.0000000e+00  0
   2.0170000e+03   7.0000000e+00   2.4000000e+01   0.0000000e+00   9.0000000e+00   0.0000000e+00  0
   2.0170000e+03   7.0000000e+00   2.4000000e+01   0.0000000e+00   1.0000000e+01   0.0000000e+00  1.35827351380286
   2.0170000e+03   7.0000000e+00   2.4000000e+01   0.0000000e+00   1.1000000e+01   0.0000000e+00  0.876697379935025
   2.0170000e+03   7.0000000e+00   2.4000000e+01   0.0000000e+00   1.2000000e+01   0.0000000e+00  2.76612215430614
   2.0170000e+03   7.0000000e+00   2.4000000e+01   0.0000000e+00   1.3000000e+01   0.0000000e+00  1.26523697052963
   2.0170000e+03   7.0000000e+00   2.4000000e+01   0.0000000e+00   1.4000000e+01   0.0000000e+00  4.53683421122823
   2.0170000e+03   7.0000000e+00   2.4000000e+01   0.0000000e+00   1.5000000e+01   0.0000000e+00  2.70228762997115
   2.0170000e+03   7.0000000e+00   2.4000000e+01   0.0000000e+00   1.6000000e+01   0.0000000e+00  0.169571708773573
   2.0170000e+03   7.0000000e+00   2.4000000e+01   0.0000000e+00   1.7000000e+01   0.0000000e+00  0.225452539236838
   2.0170000e+03   7.0000000e+00   2.4000000e+01   0.0000000e+00   1.8000000e+01   0.0000000e+00  0
   2.0170000e+03   7.0000000e+00   2.4000000e+01   0.0000000e+00   1.9000000e+01   0.0000000e+00  0
   2.0170000e+03   7.0000000e+00   2.4000000e+01   0.0000000e+00   2.0000000e+01   0.0000000e+00  0
   2.0170000e+03   7.0000000e+00   2.4000000e+01   0.0000000e+00   2.1000000e+01   0.0000000e+00  0
   2.0170000e+03   7.0000000e+00   2.4000000e+01   0.0000000e+00   2.2000000e+01   0.0000000e+00  0.467858479566113
   2.0170000e+03   7.0000000e+00   2.4000000e+01   0.0000000e+00   2.3000000e+01   0.0000000e+00  0
   2.0170000e+03   7.0000000e+00   2.4000000e+01   0.0000000e+00   2.4000000e+01   0.0000000e+00  0
   2.0170000e+03   7.0000000e+00   2.4000000e+01   0.0000000e+00   2.5000000e+01   0.0000000e+00  0
   2.0170000e+03   7.0000000e+00   2.4000000e+01   0.0000000e+00   2.6000000e+01   0.0000000e+00  0
   2.0170000e+03   7.0000000e+00   2.4000000e+01   0.0000000e+00   2.7000000e+01   0.0000000e+00  0
   2.0170000e+03   7.0000000e+00   2.4000000e+01   0.0000000e+00   2.8000000e+01   0.0000000e+00  0
   2.0170000e+03   7.0000000e+00   2.4000000e+01   0.0000000e+00   2.9000000e+01   0.0000000e+00  0
   2.0170000e+03   7.0000000e+00   2.4000000e+01   0.0000000e+00   3.0000000e+01   0.0000000e+00  0
   2.0170000e+03   7.0000000e+00   2.4000000e+01   0.0000000e+00   3.1000000e+01   0.0000000e+00  0
   2.0170000e+03   7.0000000e+00   2.4000000e+01   0.0000000e+00   3.2000000e+01   0.0000000e+00  0
   2.0170000e+03   7.0000000e+00   2.4000000e+01   0.0000000e+00   3.3000000e+01   0.0000000e+00  0
   2.0170000e+03   7.0000000e+00   2.4000000e+01   0.0000000e+00   3.4000000e+01   0.0000000e+00  0
   2.0170000e+03   7.0000000e+00   2.4000000e+01   0.0000000e+00   3.5000000e+01   0.0000000e+00  0
   2.0170000e+03   7.0000000e+00   2.4000000e+01   0.0000000e+00   3.6000000e+01   0.0000000e+00  0
   2.0170000e+03   7.0000000e+00   2.4000000e+01   0.0000000e+00   3.7000000e+01   0.0000000e+00  0
   2.0170000e+03   7.0000000e+00   2.4000000e+01   0.0000000e+00   3.8000000e+01   0.0000000e+00  0
   2.0170000e+03   7.0000000e+00   2.4000000e+01   0.0000000e+00   3.9000000e+01   0.0000000e+00  0
   2.0170000e+03   7.0000000e+00   2.4000000e+01   0.0000000e+00   4.0000000e+01   0.0000000e+00  0
   2.0170000e+03   7.0000000e+00   2.4000000e+01   0.0000000e+00   4.1000000e+01   0.0000000e+00  0
   2.0170000e+03   7.0000000e+00   2.4000000e+01   0.0000000e+00   4.2000000e+01   0.0000000e+00  0
   2.0170000e+03   7.0000000e+00   2.4000000e+01   0.0000000e+00   4.3000000e+01   0.0000000e+00  0
   2.0170000e+03   7.0000000e+00   2.4000000e+01   0.0000000e+00   4.4000000e+01   0.0000000e+00  0.439693483320905
   2.0170000e+03   7.0000000e+00   2.4000000e+01   0.0000000e+00   4.5000000e+01   0.0000000e+00  0
   2.0170000e+03   7.0000000e+00   2.4000000e+01   0.0000000e+00   4.6000000e+01   0.0000000e+00  0
   2.0170000e+03   7.0000000e+00   2.4000000e+01   0.0000000e+00   4.7000000e+01   0.0000000e+00  0.00299805952111516
   2.0170000e+03   7.0000000e+00   2.4000000e+01   0.0000000e+00   4.8000000e+01   0.0000000e+00  0
   2.0170000e+03   7.0000000e+00   2.4000000e+01   0.0000000e+00   4.9000000e+01   0.0000000e+00  0.0238731550048433
   2.0170000e+03   7.0000000e+00   2.4000000e+01   0.0000000e+00   5.0000000e+01   0.0000000e+00  1.04848434911119
   2.0170000e+03   7.0000000e+00   2.4000000e+01   0.0000000e+00   5.1000000e+01   0.0000000e+00  2.01994319911116
   2.0170000e+03   7.0000000e+00   2.4000000e+01   0.0000000e+00   5.2000000e+01   0.0000000e+00  11.2780941740337
   2.0170000e+03   7.0000000e+00   2.4000000e+01   0.0000000e+00   5.3000000e+01   0.0000000e+00  14.0952922701190
   2.0170000e+03   7.0000000e+00   2.4000000e+01   0.0000000e+00   5.4000000e+01   0.0000000e+00  10.6548669914810
   2.0170000e+03   7.0000000e+00   2.4000000e+01   0.0000000e+00   5.5000000e+01   0.0000000e+00  8.52088857817916
   2.0170000e+03   7.0000000e+00   2.4000000e+01   0.0000000e+00   5.6000000e+01   0.0000000e+00  13.4334331969987
   2.0170000e+03   7.0000000e+00   2.4000000e+01   0.0000000e+00   5.7000000e+01   0.0000000e+00  10.6546593139871
   2.0170000e+03   7.0000000e+00   2.4000000e+01   0.0000000e+00   5.8000000e+01   0.0000000e+00  17.2287090776535
   2.0170000e+03   7.0000000e+00   2.4000000e+01   0.0000000e+00   5.9000000e+01   0.0000000e+00  14.3871060661496
   2.0170000e+03   7.0000000e+00   2.4000000e+01   1.0000000e+00   0.0000000e+00   0.0000000e+00  25.3939896899577
   2.0170000e+03   7.0000000e+00   2.4000000e+01   1.0000000e+00   1.0000000e+00   0.0000000e+00  16.8063201927744
   2.0170000e+03   7.0000000e+00   2.4000000e+01   1.0000000e+00   2.0000000e+00   0.0000000e+00  9.31923058477116
   2.0170000e+03   7.0000000e+00   2.4000000e+01   1.0000000e+00   3.0000000e+00   0.0000000e+00  11.1631760385490
   2.0170000e+03   7.0000000e+00   2.4000000e+01   1.0000000e+00   4.0000000e+00   0.0000000e+00  2.87129128682888
   2.0170000e+03   7.0000000e+00   2.4000000e+01   1.0000000e+00   5.0000000e+00   0.0000000e+00  3.07189647214315
   2.0170000e+03   7.0000000e+00   2.4000000e+01   1.0000000e+00   6.0000000e+00   0.0000000e+00  1.68850929348309
   2.0170000e+03   7.0000000e+00   2.4000000e+01   1.0000000e+00   7.0000000e+00   0.0000000e+00  0
   2.0170000e+03   7.0000000e+00   2.4000000e+01   1.0000000e+00   8.0000000e+00   0.0000000e+00  0
   2.0170000e+03   7.0000000e+00   2.4000000e+01   1.0000000e+00   9.0000000e+00   0.0000000e+00  2.37281615401540
   2.0170000e+03   7.0000000e+00   2.4000000e+01   1.0000000e+00   1.0000000e+01   0.0000000e+00  0.0765838961606819
   2.0170000e+03   7.0000000e+00   2.4000000e+01   1.0000000e+00   1.1000000e+01   0.0000000e+00  0
   2.0170000e+03   7.0000000e+00   2.4000000e+01   1.0000000e+00   1.2000000e+01   0.0000000e+00  0
   2.0170000e+03   7.0000000e+00   2.4000000e+01   1.0000000e+00   1.3000000e+01   0.0000000e+00  0
   2.0170000e+03   7.0000000e+00   2.4000000e+01   1.0000000e+00   1.4000000e+01   0.0000000e+00  0
   2.0170000e+03   7.0000000e+00   2.4000000e+01   1.0000000e+00   1.5000000e+01   0.0000000e+00  0
   2.0170000e+03   7.0000000e+00   2.4000000e+01   1.0000000e+00   1.6000000e+01   0.0000000e+00  0
   2.0170000e+03   7.0000000e+00   2.4000000e+01   1.0000000e+00   1.7000000e+01   0.0000000e+00  0
   2.0170000e+03   7.0000000e+00   2.4000000e+01   1.0000000e+00   1.8000000e+01   0.0000000e+00  0
   2.0170000e+03   7.0000000e+00   2.4000000e+01   1.0000000e+00   1.9000000e+01   0.0000000e+00  0
   2.0170000e+03   7.0000000e+00   2.4000000e+01   1.0000000e+00   2.0000000e+01   0.0000000e+00  0
   2.0170000e+03   7.0000000e+00   2.4000000e+01   1.0000000e+00   2.1000000e+01   0.0000000e+00  0
   2.0170000e+03   7.0000000e+00   2.4000000e+01   1.0000000e+00   2.2000000e+01   0.0000000e+00  0
   2.0170000e+03   7.0000000e+00   2.4000000e+01   1.0000000e+00   2.3000000e+01   0.0000000e+00  0
   2.0170000e+03   7.0000000e+00   2.4000000e+01   1.0000000e+00   2.4000000e+01   0.0000000e+00  0
   2.0170000e+03   7.0000000e+00   2.4000000e+01   1.0000000e+00   2.5000000e+01   0.0000000e+00  0
   2.0170000e+03   7.0000000e+00   2.4000000e+01   1.0000000e+00   2.6000000e+01   0.0000000e+00  0
   2.0170000e+03   7.0000000e+00   2.4000000e+01   1.0000000e+00   2.7000000e+01   0.0000000e+00  0
   2.0170000e+03   7.0000000e+00   2.4000000e+01   1.0000000e+00   2.8000000e+01   0.0000000e+00  0.626643462711713
   2.0170000e+03   7.0000000e+00   2.4000000e+01   1.0000000e+00   2.9000000e+01   0.0000000e+00  0.0321311242589315
   2.0170000e+03   7.0000000e+00   2.4000000e+01   1.0000000e+00   3.0000000e+01   0.0000000e+00  0.000174593175985428
   2.0170000e+03   7.0000000e+00   2.4000000e+01   1.0000000e+00   3.1000000e+01   0.0000000e+00  0.259676444410345
   2.0170000e+03   7.0000000e+00   2.4000000e+01   1.0000000e+00   3.2000000e+01   0.0000000e+00  0.602770292931303
   2.0170000e+03   7.0000000e+00   2.4000000e+01   1.0000000e+00   3.3000000e+01   0.0000000e+00  0.965713941507047
   2.0170000e+03   7.0000000e+00   2.4000000e+01   1.0000000e+00   3.4000000e+01   0.0000000e+00  1.68564712027579
   2.0170000e+03   7.0000000e+00   2.4000000e+01   1.0000000e+00   3.5000000e+01   0.0000000e+00  2.33489999937897
   2.0170000e+03   7.0000000e+00   2.4000000e+01   1.0000000e+00   3.6000000e+01   0.0000000e+00  0.0475464040473340
   2.0170000e+03   7.0000000e+00   2.4000000e+01   1.0000000e+00   3.7000000e+01   0.0000000e+00  0.932445772465129
   2.0170000e+03   7.0000000e+00   2.4000000e+01   1.0000000e+00   3.8000000e+01   0.0000000e+00  2.37770934761394
   2.0170000e+03   7.0000000e+00   2.4000000e+01   1.0000000e+00   3.9000000e+01   0.0000000e+00  0.0472626012446824
   2.0170000e+03   7.0000000e+00   2.4000000e+01   1.0000000e+00   4.0000000e+01   0.0000000e+00  0.280598623146815
   2.0170000e+03   7.0000000e+00   2.4000000e+01   1.0000000e+00   4.1000000e+01   0.0000000e+00  0.883899005215269
   2.0170000e+03   7.0000000e+00   2.4000000e+01   1.0000000e+00   4.2000000e+01   0.0000000e+00  2.23292742346128
   2.0170000e+03   7.0000000e+00   2.4000000e+01   1.0000000e+00   4.3000000e+01   0.0000000e+00  0.374880534197168
   2.0170000e+03   7.0000000e+00   2.4000000e+01   1.0000000e+00   4.4000000e+01   0.0000000e+00  0.190297374193330
   2.0170000e+03   7.0000000e+00   2.4000000e+01   1.0000000e+00   4.5000000e+01   0.0000000e+00  0
   2.0170000e+03   7.0000000e+00   2.4000000e+01   1.0000000e+00   4.6000000e+01   0.0000000e+00  0
   2.0170000e+03   7.0000000e+00   2.4000000e+01   1.0000000e+00   4.7000000e+01   0.0000000e+00  0
   2.0170000e+03   7.0000000e+00   2.4000000e+01   1.0000000e+00   4.8000000e+01   0.0000000e+00  0
   2.0170000e+03   7.0000000e+00   2.4000000e+01   1.0000000e+00   4.9000000e+01   0.0000000e+00  0
   2.0170000e+03   7.0000000e+00   2.4000000e+01   1.0000000e+00   5.0000000e+01   0.0000000e+00  0.0406017558900847
   2.0170000e+03   7.0000000e+00   2.4000000e+01   1.0000000e+00   5.1000000e+01   0.0000000e+00  0
   2.0170000e+03   7.0000000e+00   2.4000000e+01   1.0000000e+00   5.2000000e+01   0.0000000e+00  0
   2.0170000e+03   7.0000000e+00   2.4000000e+01   1.0000000e+00   5.3000000e+01   0.0000000e+00  0
   2.0170000e+03   7.0000000e+00   2.4000000e+01   1.0000000e+00   5.4000000e+01   0.0000000e+00  0
   2.0170000e+03   7.0000000e+00   2.4000000e+01   1.0000000e+00   5.5000000e+01   0.0000000e+00  0.108576733157182
   2.0170000e+03   7.0000000e+00   2.4000000e+01   1.0000000e+00   5.6000000e+01   0.0000000e+00  0
   2.0170000e+03   7.0000000e+00   2.4000000e+01   1.0000000e+00   5.7000000e+01   0.0000000e+00  1.59606449916257
   2.0170000e+03   7.0000000e+00   2.4000000e+01   1.0000000e+00   5.8000000e+01   0.0000000e+00  0.539394755661971
   2.0170000e+03   7.0000000e+00   2.4000000e+01   1.0000000e+00   5.9000000e+01   0.0000000e+00  2.41845907548077
   2.0170000e+03   7.0000000e+00   2.4000000e+01   2.0000000e+00   0.0000000e+00   0.0000000e+00  3.33355249178373
   2.0170000e+03   7.0000000e+00   2.4000000e+01   2.0000000e+00   1.0000000e+00   0.0000000e+00  4.77297325288668
   2.0170000e+03   7.0000000e+00   2.4000000e+01   2.0000000e+00   2.0000000e+00   0.0000000e+00  4.89849078454759
   2.0170000e+03   7.0000000e+00   2.4000000e+01   2.0000000e+00   3.0000000e+00   0.0000000e+00  3.59213948910196
   2.0170000e+03   7.0000000e+00   2.4000000e+01   2.0000000e+00   4.0000000e+00   0.0000000e+00  2.86495495373928
   2.0170000e+03   7.0000000e+00   2.4000000e+01   2.0000000e+00   5.0000000e+00   0.0000000e+00  1.40594099430851
   2.0170000e+03   7.0000000e+00   2.4000000e+01   2.0000000e+00   6.0000000e+00   0.0000000e+00  0.559330247623802
   2.0170000e+03   7.0000000e+00   2.4000000e+01   2.0000000e+00   7.0000000e+00   0.0000000e+00  1.62469736917611
   2.0170000e+03   7.0000000e+00   2.4000000e+01   2.0000000e+00   8.0000000e+00   0.0000000e+00  0.470395961577922
   2.0170000e+03   7.0000000e+00   2.4000000e+01   2.0000000e+00   9.0000000e+00   0.0000000e+00  6.71239530536169
   2.0170000e+03   7.0000000e+00   2.4000000e+01   2.0000000e+00   1.0000000e+01   0.0000000e+00  4.03293303712138
   2.0170000e+03   7.0000000e+00   2.4000000e+01   2.0000000e+00   1.1000000e+01   0.0000000e+00  3.15362361059476
   2.0170000e+03   7.0000000e+00   2.4000000e+01   2.0000000e+00   1.2000000e+01   0.0000000e+00  3.72801872982290
   2.0170000e+03   7.0000000e+00   2.4000000e+01   2.0000000e+00   1.3000000e+01   0.0000000e+00  10.3331364532075
   2.0170000e+03   7.0000000e+00   2.4000000e+01   2.0000000e+00   1.4000000e+01   0.0000000e+00  6.35930795079743
   2.0170000e+03   7.0000000e+00   2.4000000e+01   2.0000000e+00   1.5000000e+01   0.0000000e+00  9.07455545066072
   2.0170000e+03   7.0000000e+00   2.4000000e+01   2.0000000e+00   1.6000000e+01   0.0000000e+00  11.3194664386804
   2.0170000e+03   7.0000000e+00   2.4000000e+01   2.0000000e+00   1.7000000e+01   0.0000000e+00  3.87277269569744
   2.0170000e+03   7.0000000e+00   2.4000000e+01   2.0000000e+00   1.8000000e+01   0.0000000e+00  8.54696655030541
   2.0170000e+03   7.0000000e+00   2.4000000e+01   2.0000000e+00   1.9000000e+01   0.0000000e+00  6.52522375389263
   2.0170000e+03   7.0000000e+00   2.4000000e+01   2.0000000e+00   2.0000000e+01   0.0000000e+00  7.41700724129828
   2.0170000e+03   7.0000000e+00   2.4000000e+01   2.0000000e+00   2.1000000e+01   0.0000000e+00  3.77766988072429
   2.0170000e+03   7.0000000e+00   2.4000000e+01   2.0000000e+00   2.2000000e+01   0.0000000e+00  3.88041243874824
   2.0170000e+03   7.0000000e+00   2.4000000e+01   2.0000000e+00   2.3000000e+01   0.0000000e+00  7.20553697318816
   2.0170000e+03   7.0000000e+00   2.4000000e+01   2.0000000e+00   2.4000000e+01   0.0000000e+00  10.9157502777311
   2.0170000e+03   7.0000000e+00   2.4000000e+01   2.0000000e+00   2.5000000e+01   0.0000000e+00  13.5852024515945
   2.0170000e+03   7.0000000e+00   2.4000000e+01   2.0000000e+00   2.6000000e+01   0.0000000e+00  8.05013036630762
   2.0170000e+03   7.0000000e+00   2.4000000e+01   2.0000000e+00   2.7000000e+01   0.0000000e+00  1.87914771079144
   2.0170000e+03   7.0000000e+00   2.4000000e+01   2.0000000e+00   2.8000000e+01   0.0000000e+00  1.27085049216496
   2.0170000e+03   7.0000000e+00   2.4000000e+01   2.0000000e+00   2.9000000e+01   0.0000000e+00  2.50769251875539
   2.0170000e+03   7.0000000e+00   2.4000000e+01   2.0000000e+00   3.0000000e+01   0.0000000e+00  2.65399221935743
   2.0170000e+03   7.0000000e+00   2.4000000e+01   2.0000000e+00   3.1000000e+01   0.0000000e+00  1.82637708277243
   2.0170000e+03   7.0000000e+00   2.4000000e+01   2.0000000e+00   3.2000000e+01   0.0000000e+00  1.99639452457781
   2.0170000e+03   7.0000000e+00   2.4000000e+01   2.0000000e+00   3.3000000e+01   0.0000000e+00  1.68652550416779
   2.0170000e+03   7.0000000e+00   2.4000000e+01   2.0000000e+00   3.4000000e+01   0.0000000e+00  0.601855679596741
   2.0170000e+03   7.0000000e+00   2.4000000e+01   2.0000000e+00   3.5000000e+01   0.0000000e+00  0
   2.0170000e+03   7.0000000e+00   2.4000000e+01   2.0000000e+00   3.6000000e+01   0.0000000e+00  0.168300167629893
   2.0170000e+03   7.0000000e+00   2.4000000e+01   2.0000000e+00   3.7000000e+01   0.0000000e+00  0.0227753735482516
   2.0170000e+03   7.0000000e+00   2.4000000e+01   2.0000000e+00   3.8000000e+01   0.0000000e+00  0
   2.0170000e+03   7.0000000e+00   2.4000000e+01   2.0000000e+00   3.9000000e+01   0.0000000e+00  0
   2.0170000e+03   7.0000000e+00   2.4000000e+01   2.0000000e+00   4.0000000e+01   0.0000000e+00  0.0905139926761265
   2.0170000e+03   7.0000000e+00   2.4000000e+01   2.0000000e+00   4.1000000e+01   0.0000000e+00  0
   2.0170000e+03   7.0000000e+00   2.4000000e+01   2.0000000e+00   4.2000000e+01   0.0000000e+00  0.103976214286266
   2.0170000e+03   7.0000000e+00   2.4000000e+01   2.0000000e+00   4.3000000e+01   0.0000000e+00  0.318791071310560
   2.0170000e+03   7.0000000e+00   2.4000000e+01   2.0000000e+00   4.4000000e+01   0.0000000e+00  0.541809635209633
   2.0170000e+03   7.0000000e+00   2.4000000e+01   2.0000000e+00   4.5000000e+01   0.0000000e+00  3.29275149133623
   2.0170000e+03   7.0000000e+00   2.4000000e+01   2.0000000e+00   4.6000000e+01   0.0000000e+00  2.51094419442621
   2.0170000e+03   7.0000000e+00   2.4000000e+01   2.0000000e+00   4.7000000e+01   0.0000000e+00  4.07938520087736
   2.0170000e+03   7.0000000e+00   2.4000000e+01   2.0000000e+00   4.8000000e+01   0.0000000e+00  1.59188853545535
   2.0170000e+03   7.0000000e+00   2.4000000e+01   2.0000000e+00   4.9000000e+01   0.0000000e+00  2.44791869578961
   2.0170000e+03   7.0000000e+00   2.4000000e+01   2.0000000e+00   5.0000000e+01   0.0000000e+00  2.65227438541107
   2.0170000e+03   7.0000000e+00   2.4000000e+01   2.0000000e+00   5.1000000e+01   0.0000000e+00  0.775192090527206
   2.0170000e+03   7.0000000e+00   2.4000000e+01   2.0000000e+00   5.2000000e+01   0.0000000e+00  1.56247530480989
   2.0170000e+03   7.0000000e+00   2.4000000e+01   2.0000000e+00   5.3000000e+01   0.0000000e+00  1.75790768325012
   2.0170000e+03   7.0000000e+00   2.4000000e+01   2.0000000e+00   5.4000000e+01   0.0000000e+00  0.144166504223340
   2.0170000e+03   7.0000000e+00   2.4000000e+01   2.0000000e+00   5.5000000e+01   0.0000000e+00  0
   2.0170000e+03   7.0000000e+00   2.4000000e+01   2.0000000e+00   5.6000000e+01   0.0000000e+00  0
   2.0170000e+03   7.0000000e+00   2.4000000e+01   2.0000000e+00   5.7000000e+01   0.0000000e+00  0
   2.0170000e+03   7.0000000e+00   2.4000000e+01   2.0000000e+00   5.8000000e+01   0.0000000e+00  0
   2.0170000e+03   7.0000000e+00   2.4000000e+01   2.0000000e+00   5.9000000e+01   0.0000000e+00  0
   2.0170000e+03   7.0000000e+00   2.4000000e+01   3.0000000e+00   0.0000000e+00   0.0000000e+00  0.00171470323160994
   2.0170000e+03   7.0000000e+00   2.4000000e+01   3.0000000e+00   1.0000000e+00   0.0000000e+00  0.527376546989845
   2.0170000e+03   7.0000000e+00   2.4000000e+01   3.0000000e+00   2.0000000e+00   0.0000000e+00  0
   2.0170000e+03   7.0000000e+00   2.4000000e+01   3.0000000e+00   3.0000000e+00   0.0000000e+00  0
   2.0170000e+03   7.0000000e+00   2.4000000e+01   3.0000000e+00   4.0000000e+00   0.0000000e+00  0.169102921356199
   2.0170000e+03   7.0000000e+00   2.4000000e+01   3.0000000e+00   5.0000000e+00   0.0000000e+00  0
   2.0170000e+03   7.0000000e+00   2.4000000e+01   3.0000000e+00   6.0000000e+00   0.0000000e+00  0
   2.0170000e+03   7.0000000e+00   2.4000000e+01   3.0000000e+00   7.0000000e+00   0.0000000e+00  0
   2.0170000e+03   7.0000000e+00   2.4000000e+01   3.0000000e+00   8.0000000e+00   0.0000000e+00  0
   2.0170000e+03   7.0000000e+00   2.4000000e+01   3.0000000e+00   9.0000000e+00   0.0000000e+00  0
   2.0170000e+03   7.0000000e+00   2.4000000e+01   3.0000000e+00   1.0000000e+01   0.0000000e+00  0
   2.0170000e+03   7.0000000e+00   2.4000000e+01   3.0000000e+00   1.1000000e+01   0.0000000e+00  0
   2.0170000e+03   7.0000000e+00   2.4000000e+01   3.0000000e+00   1.2000000e+01   0.0000000e+00  0
   2.0170000e+03   7.0000000e+00   2.4000000e+01   3.0000000e+00   1.3000000e+01   0.0000000e+00  0
   2.0170000e+03   7.0000000e+00   2.4000000e+01   3.0000000e+00   1.4000000e+01   0.0000000e+00  0
   2.0170000e+03   7.0000000e+00   2.4000000e+01   3.0000000e+00   1.5000000e+01   0.0000000e+00  0
   2.0170000e+03   7.0000000e+00   2.4000000e+01   3.0000000e+00   1.6000000e+01   0.0000000e+00  0
   2.0170000e+03   7.0000000e+00   2.4000000e+01   3.0000000e+00   1.7000000e+01   0.0000000e+00  0
   2.0170000e+03   7.0000000e+00   2.4000000e+01   3.0000000e+00   1.8000000e+01   0.0000000e+00  0
   2.0170000e+03   7.0000000e+00   2.4000000e+01   3.0000000e+00   1.9000000e+01   0.0000000e+00  0
   2.0170000e+03   7.0000000e+00   2.4000000e+01   3.0000000e+00   2.0000000e+01   0.0000000e+00  0
   2.0170000e+03   7.0000000e+00   2.4000000e+01   3.0000000e+00   2.1000000e+01   0.0000000e+00  0
   2.0170000e+03   7.0000000e+00   2.4000000e+01   3.0000000e+00   2.2000000e+01   0.0000000e+00  0
   2.0170000e+03   7.0000000e+00   2.4000000e+01   3.0000000e+00   2.3000000e+01   0.0000000e+00  0.364719530367510
   2.0170000e+03   7.0000000e+00   2.4000000e+01   3.0000000e+00   2.4000000e+01   0.0000000e+00  0
   2.0170000e+03   7.0000000e+00   2.4000000e+01   3.0000000e+00   2.5000000e+01   0.0000000e+00  0.379496959083334
   2.0170000e+03   7.0000000e+00   2.4000000e+01   3.0000000e+00   2.6000000e+01   0.0000000e+00  1.04333557351010
   2.0170000e+03   7.0000000e+00   2.4000000e+01   3.0000000e+00   2.7000000e+01   0.0000000e+00  4.58082082392345
   2.0170000e+03   7.0000000e+00   2.4000000e+01   3.0000000e+00   2.8000000e+01   0.0000000e+00  2.62202619119907
   2.0170000e+03   7.0000000e+00   2.4000000e+01   3.0000000e+00   2.9000000e+01   0.0000000e+00  1.17874284769042
   2.0170000e+03   7.0000000e+00   2.4000000e+01   3.0000000e+00   3.0000000e+01   0.0000000e+00  2.27256879272448
   2.0170000e+03   7.0000000e+00   2.4000000e+01   3.0000000e+00   3.1000000e+01   0.0000000e+00  0.880101402529672
   2.0170000e+03   7.0000000e+00   2.4000000e+01   3.0000000e+00   3.2000000e+01   0.0000000e+00  4.41792338082188
   2.0170000e+03   7.0000000e+00   2.4000000e+01   3.0000000e+00   3.3000000e+01   0.0000000e+00  2.42276893688705
   2.0170000e+03   7.0000000e+00   2.4000000e+01   3.0000000e+00   3.4000000e+01   0.0000000e+00  1.99629171896974
   2.0170000e+03   7.0000000e+00   2.4000000e+01   3.0000000e+00   3.5000000e+01   0.0000000e+00  4.57682048663921
   2.0170000e+03   7.0000000e+00   2.4000000e+01   3.0000000e+00   3.6000000e+01   0.0000000e+00  2.07188669940982
   2.0170000e+03   7.0000000e+00   2.4000000e+01   3.0000000e+00   3.7000000e+01   0.0000000e+00  1.96246256106469
   2.0170000e+03   7.0000000e+00   2.4000000e+01   3.0000000e+00   3.8000000e+01   0.0000000e+00  0.792648953243264
   2.0170000e+03   7.0000000e+00   2.4000000e+01   3.0000000e+00   3.9000000e+01   0.0000000e+00  0.829608238452255
   2.0170000e+03   7.0000000e+00   2.4000000e+01   3.0000000e+00   4.0000000e+01   0.0000000e+00  1.24261246458854
   2.0170000e+03   7.0000000e+00   2.4000000e+01   3.0000000e+00   4.1000000e+01   0.0000000e+00  2.05930633417797
   2.0170000e+03   7.0000000e+00   2.4000000e+01   3.0000000e+00   4.2000000e+01   0.0000000e+00  2.41653234643835
   2.0170000e+03   7.0000000e+00   2.4000000e+01   3.0000000e+00   4.3000000e+01   0.0000000e+00  0.456391778756405
   2.0170000e+03   7.0000000e+00   2.4000000e+01   3.0000000e+00   4.4000000e+01   0.0000000e+00  8.07121671537994
   2.0170000e+03   7.0000000e+00   2.4000000e+01   3.0000000e+00   4.5000000e+01   0.0000000e+00  5.48543620411946
   2.0170000e+03   7.0000000e+00   2.4000000e+01   3.0000000e+00   4.6000000e+01   0.0000000e+00  1.30451466658735
   2.0170000e+03   7.0000000e+00   2.4000000e+01   3.0000000e+00   4.7000000e+01   0.0000000e+00  0.185116598580672
   2.0170000e+03   7.0000000e+00   2.4000000e+01   3.0000000e+00   4.8000000e+01   0.0000000e+00  0.0593795008172807
   2.0170000e+03   7.0000000e+00   2.4000000e+01   3.0000000e+00   4.9000000e+01   0.0000000e+00  0.545599684318970
   2.0170000e+03   7.0000000e+00   2.4000000e+01   3.0000000e+00   5.0000000e+01   0.0000000e+00  0.910363405558075
   2.0170000e+03   7.0000000e+00   2.4000000e+01   3.0000000e+00   5.1000000e+01   0.0000000e+00  0.458977768350070
   2.0170000e+03   7.0000000e+00   2.4000000e+01   3.0000000e+00   5.2000000e+01   0.0000000e+00  0.831587430638112
   2.0170000e+03   7.0000000e+00   2.4000000e+01   3.0000000e+00   5.3000000e+01   0.0000000e+00  0.0962278301501183
   2.0170000e+03   7.0000000e+00   2.4000000e+01   3.0000000e+00   5.4000000e+01   0.0000000e+00  0.776836812049928
   2.0170000e+03   7.0000000e+00   2.4000000e+01   3.0000000e+00   5.5000000e+01   0.0000000e+00  0
   2.0170000e+03   7.0000000e+00   2.4000000e+01   3.0000000e+00   5.6000000e+01   0.0000000e+00  0
   2.0170000e+03   7.0000000e+00   2.4000000e+01   3.0000000e+00   5.7000000e+01   0.0000000e+00  0.0160456736269187
   2.0170000e+03   7.0000000e+00   2.4000000e+01   3.0000000e+00   5.8000000e+01   0.0000000e+00  0
   2.0170000e+03   7.0000000e+00   2.4000000e+01   3.0000000e+00   5.9000000e+01   0.0000000e+00  0
   2.0170000e+03   7.0000000e+00   2.4000000e+01   4.0000000e+00   0.0000000e+00   0.0000000e+00  0
   2.0170000e+03   7.0000000e+00   2.4000000e+01   4.0000000e+00   1.0000000e+00   0.0000000e+00  0
   2.0170000e+03   7.0000000e+00   2.4000000e+01   4.0000000e+00   2.0000000e+00   0.0000000e+00  0
   2.0170000e+03   7.0000000e+00   2.4000000e+01   4.0000000e+00   3.0000000e+00   0.0000000e+00  0
   2.0170000e+03   7.0000000e+00   2.4000000e+01   4.0000000e+00   4.0000000e+00   0.0000000e+00  0
   2.0170000e+03   7.0000000e+00   2.4000000e+01   4.0000000e+00   5.0000000e+00   0.0000000e+00  0
   2.0170000e+03   7.0000000e+00   2.4000000e+01   4.0000000e+00   6.0000000e+00   0.0000000e+00  0
   2.0170000e+03   7.0000000e+00   2.4000000e+01   4.0000000e+00   7.0000000e+00   0.0000000e+00  0
   2.0170000e+03   7.0000000e+00   2.4000000e+01   4.0000000e+00   8.0000000e+00   0.0000000e+00  0
   2.0170000e+03   7.0000000e+00   2.4000000e+01   4.0000000e+00   9.0000000e+00   0.0000000e+00  0
   2.0170000e+03   7.0000000e+00   2.4000000e+01   4.0000000e+00   1.0000000e+01   0.0000000e+00  0
   2.0170000e+03   7.0000000e+00   2.4000000e+01   4.0000000e+00   1.1000000e+01   0.0000000e+00  0
   2.0170000e+03   7.0000000e+00   2.4000000e+01   4.0000000e+00   1.2000000e+01   0.0000000e+00  0
   2.0170000e+03   7.0000000e+00   2.4000000e+01   4.0000000e+00   1.3000000e+01   0.0000000e+00  0
   2.0170000e+03   7.0000000e+00   2.4000000e+01   4.0000000e+00   1.4000000e+01   0.0000000e+00  0
   2.0170000e+03   7.0000000e+00   2.4000000e+01   4.0000000e+00   1.5000000e+01   0.0000000e+00  0.0142782678431103
   2.0170000e+03   7.0000000e+00   2.4000000e+01   4.0000000e+00   1.6000000e+01   0.0000000e+00  0
   2.0170000e+03   7.0000000e+00   2.4000000e+01   4.0000000e+00   1.7000000e+01   0.0000000e+00  0.673566719921780
   2.0170000e+03   7.0000000e+00   2.4000000e+01   4.0000000e+00   1.8000000e+01   0.0000000e+00  1.52078628816452
   2.0170000e+03   7.0000000e+00   2.4000000e+01   4.0000000e+00   1.9000000e+01   0.0000000e+00  0.825376216400027
   2.0170000e+03   7.0000000e+00   2.4000000e+01   4.0000000e+00   2.0000000e+01   0.0000000e+00  0.142680787860691
   2.0170000e+03   7.0000000e+00   2.4000000e+01   4.0000000e+00   2.1000000e+01   0.0000000e+00  2.52576691594269
   2.0170000e+03   7.0000000e+00   2.4000000e+01   4.0000000e+00   2.2000000e+01   0.0000000e+00  1.05314481435556
   2.0170000e+03   7.0000000e+00   2.4000000e+01   4.0000000e+00   2.3000000e+01   0.0000000e+00  4.02132703189269
   2.0170000e+03   7.0000000e+00   2.4000000e+01   4.0000000e+00   2.4000000e+01   0.0000000e+00  6.60750532037362
   2.0170000e+03   7.0000000e+00   2.4000000e+01   4.0000000e+00   2.5000000e+01   0.0000000e+00  5.76244787920415
   2.0170000e+03   7.0000000e+00   2.4000000e+01   4.0000000e+00   2.6000000e+01   0.0000000e+00  5.54673623894447
   2.0170000e+03   7.0000000e+00   2.4000000e+01   4.0000000e+00   2.7000000e+01   0.0000000e+00  1.89114713614085
   2.0170000e+03   7.0000000e+00   2.4000000e+01   4.0000000e+00   2.8000000e+01   0.0000000e+00  2.90781742361778
   2.0170000e+03   7.0000000e+00   2.4000000e+01   4.0000000e+00   2.9000000e+01   0.0000000e+00  1.34041411157565
   2.0170000e+03   7.0000000e+00   2.4000000e+01   4.0000000e+00   3.0000000e+01   0.0000000e+00  3.88750814025751
   2.0170000e+03   7.0000000e+00   2.4000000e+01   4.0000000e+00   3.1000000e+01   0.0000000e+00  7.89641447335973
   2.0170000e+03   7.0000000e+00   2.4000000e+01   4.0000000e+00   3.2000000e+01   0.0000000e+00  5.21511546121427
   2.0170000e+03   7.0000000e+00   2.4000000e+01   4.0000000e+00   3.3000000e+01   0.0000000e+00  6.12131780211174
   2.0170000e+03   7.0000000e+00   2.4000000e+01   4.0000000e+00   3.4000000e+01   0.0000000e+00  0.729139109772575
   2.0170000e+03   7.0000000e+00   2.4000000e+01   4.0000000e+00   3.5000000e+01   0.0000000e+00  1.85292128575215
   2.0170000e+03   7.0000000e+00   2.4000000e+01   4.0000000e+00   3.6000000e+01   0.0000000e+00  0.304926943027877
   2.0170000e+03   7.0000000e+00   2.4000000e+01   4.0000000e+00   3.7000000e+01   0.0000000e+00  0
   2.0170000e+03   7.0000000e+00   2.4000000e+01   4.0000000e+00   3.8000000e+01   0.0000000e+00  0.852427300038629
   2.0170000e+03   7.0000000e+00   2.4000000e+01   4.0000000e+00   3.9000000e+01   0.0000000e+00  0.350892744923358
   2.0170000e+03   7.0000000e+00   2.4000000e+01   4.0000000e+00   4.0000000e+01   0.0000000e+00  0.0552157059576666
   2.0170000e+03   7.0000000e+00   2.4000000e+01   4.0000000e+00   4.1000000e+01   0.0000000e+00  0
   2.0170000e+03   7.0000000e+00   2.4000000e+01   4.0000000e+00   4.2000000e+01   0.0000000e+00  0
   2.0170000e+03   7.0000000e+00   2.4000000e+01   4.0000000e+00   4.3000000e+01   0.0000000e+00  0
   2.0170000e+03   7.0000000e+00   2.4000000e+01   4.0000000e+00   4.4000000e+01   0.0000000e+00  0
   2.0170000e+03   7.0000000e+00   2.4000000e+01   4.0000000e+00   4.5000000e+01   0.0000000e+00  0.0141121803269384
   2.0170000e+03   7.0000000e+00   2.4000000e+01   4.0000000e+00   4.6000000e+01   0.0000000e+00  0.115994111910905
   2.0170000e+03   7.0000000e+00   2.4000000e+01   4.0000000e+00   4.7000000e+01   0.0000000e+00  0.672505432734843
   2.0170000e+03   7.0000000e+00   2.4000000e+01   4.0000000e+00   4.8000000e+01   0.0000000e+00  2.49240322232009
   2.0170000e+03   7.0000000e+00   2.4000000e+01   4.0000000e+00   4.9000000e+01   0.0000000e+00  2.53868374162185
   2.0170000e+03   7.0000000e+00   2.4000000e+01   4.0000000e+00   5.0000000e+01   0.0000000e+00  3.07487020854256
   2.0170000e+03   7.0000000e+00   2.4000000e+01   4.0000000e+00   5.1000000e+01   0.0000000e+00  4.23042352401401
   2.0170000e+03   7.0000000e+00   2.4000000e+01   4.0000000e+00   5.2000000e+01   0.0000000e+00  3.53437026140662
   2.0170000e+03   7.0000000e+00   2.4000000e+01   4.0000000e+00   5.3000000e+01   0.0000000e+00  3.95626338524135
   2.0170000e+03   7.0000000e+00   2.4000000e+01   4.0000000e+00   5.4000000e+01   0.0000000e+00  0.940173291862460
   2.0170000e+03   7.0000000e+00   2.4000000e+01   4.0000000e+00   5.5000000e+01   0.0000000e+00  2.60008564450135
   2.0170000e+03   7.0000000e+00   2.4000000e+01   4.0000000e+00   5.6000000e+01   0.0000000e+00  2.09578893849733
   2.0170000e+03   7.0000000e+00   2.4000000e+01   4.0000000e+00   5.7000000e+01   0.0000000e+00  1.86988470834066
   2.0170000e+03   7.0000000e+00   2.4000000e+01   4.0000000e+00   5.8000000e+01   0.0000000e+00  2.68751170123386
   2.0170000e+03   7.0000000e+00   2.4000000e+01   4.0000000e+00   5.9000000e+01   0.0000000e+00  0.815119292092292
   2.0170000e+03   7.0000000e+00   2.4000000e+01   5.0000000e+00   0.0000000e+00   0.0000000e+00  0.105034262882780
   2.0170000e+03   7.0000000e+00   2.4000000e+01   5.0000000e+00   1.0000000e+00   0.0000000e+00  0.345697245192374
   2.0170000e+03   7.0000000e+00   2.4000000e+01   5.0000000e+00   2.0000000e+00   0.0000000e+00  1.07655654094002
   2.0170000e+03   7.0000000e+00   2.4000000e+01   5.0000000e+00   3.0000000e+00   0.0000000e+00  0.000493212880976330
   2.0170000e+03   7.0000000e+00   2.4000000e+01   5.0000000e+00   4.0000000e+00   0.0000000e+00  1.90107293351940
   2.0170000e+03   7.0000000e+00   2.4000000e+01   5.0000000e+00   5.0000000e+00   0.0000000e+00  0.155411221511065
   2.0170000e+03   7.0000000e+00   2.4000000e+01   5.0000000e+00   6.0000000e+00   0.0000000e+00  3.52561994170325
   2.0170000e+03   7.0000000e+00   2.4000000e+01   5.0000000e+00   7.0000000e+00   0.0000000e+00  5.75756334253394
   2.0170000e+03   7.0000000e+00   2.4000000e+01   5.0000000e+00   8.0000000e+00   0.0000000e+00  2.30389144631723
   2.0170000e+03   7.0000000e+00   2.4000000e+01   5.0000000e+00   9.0000000e+00   0.0000000e+00  1.33018516017296
   2.0170000e+03   7.0000000e+00   2.4000000e+01   5.0000000e+00   1.0000000e+01   0.0000000e+00  3.19150946298724
   2.0170000e+03   7.0000000e+00   2.4000000e+01   5.0000000e+00   1.1000000e+01   0.0000000e+00  1.48276838119606
   2.0170000e+03   7.0000000e+00   2.4000000e+01   5.0000000e+00   1.2000000e+01   0.0000000e+00  0.194447340989712
   2.0170000e+03   7.0000000e+00   2.4000000e+01   5.0000000e+00   1.3000000e+01   0.0000000e+00  0.705132068112518
   2.0170000e+03   7.0000000e+00   2.4000000e+01   5.0000000e+00   1.4000000e+01   0.0000000e+00  1.18785857288765
   2.0170000e+03   7.0000000e+00   2.4000000e+01   5.0000000e+00   1.5000000e+01   0.0000000e+00  1.92029483002450
   2.0170000e+03   7.0000000e+00   2.4000000e+01   5.0000000e+00   1.6000000e+01   0.0000000e+00  1.24346052600444
   2.0170000e+03   7.0000000e+00   2.4000000e+01   5.0000000e+00   1.7000000e+01   0.0000000e+00  2.52965393386569
   2.0170000e+03   7.0000000e+00   2.4000000e+01   5.0000000e+00   1.8000000e+01   0.0000000e+00  2.94914704607937
   2.0170000e+03   7.0000000e+00   2.4000000e+01   5.0000000e+00   1.9000000e+01   0.0000000e+00  5.04420579606394
   2.0170000e+03   7.0000000e+00   2.4000000e+01   5.0000000e+00   2.0000000e+01   0.0000000e+00  7.43294385644582
   2.0170000e+03   7.0000000e+00   2.4000000e+01   5.0000000e+00   2.1000000e+01   0.0000000e+00  9.54769937909597
   2.0170000e+03   7.0000000e+00   2.4000000e+01   5.0000000e+00   2.2000000e+01   0.0000000e+00  11.4086261095954
   2.0170000e+03   7.0000000e+00   2.4000000e+01   5.0000000e+00   2.3000000e+01   0.0000000e+00  16.6217073159769
   2.0170000e+03   7.0000000e+00   2.4000000e+01   5.0000000e+00   2.4000000e+01   0.0000000e+00  17.8149360976842
   2.0170000e+03   7.0000000e+00   2.4000000e+01   5.0000000e+00   2.5000000e+01   0.0000000e+00  17.9797604221075
   2.0170000e+03   7.0000000e+00   2.4000000e+01   5.0000000e+00   2.6000000e+01   0.0000000e+00  14.3404168951233
   2.0170000e+03   7.0000000e+00   2.4000000e+01   5.0000000e+00   2.7000000e+01   0.0000000e+00  7.57402276197781
   2.0170000e+03   7.0000000e+00   2.4000000e+01   5.0000000e+00   2.8000000e+01   0.0000000e+00  10.6166927036046
   2.0170000e+03   7.0000000e+00   2.4000000e+01   5.0000000e+00   2.9000000e+01   0.0000000e+00  3.17553313348902
   2.0170000e+03   7.0000000e+00   2.4000000e+01   5.0000000e+00   3.0000000e+01   0.0000000e+00  4.92547560721402
   2.0170000e+03   7.0000000e+00   2.4000000e+01   5.0000000e+00   3.1000000e+01   0.0000000e+00  1.08460307377840
   2.0170000e+03   7.0000000e+00   2.4000000e+01   5.0000000e+00   3.2000000e+01   0.0000000e+00  0.0218062727339721
   2.0170000e+03   7.0000000e+00   2.4000000e+01   5.0000000e+00   3.3000000e+01   0.0000000e+00  0
   2.0170000e+03   7.0000000e+00   2.4000000e+01   5.0000000e+00   3.4000000e+01   0.0000000e+00  0
   2.0170000e+03   7.0000000e+00   2.4000000e+01   5.0000000e+00   3.5000000e+01   0.0000000e+00  0
   2.0170000e+03   7.0000000e+00   2.4000000e+01   5.0000000e+00   3.6000000e+01   0.0000000e+00  0
   2.0170000e+03   7.0000000e+00   2.4000000e+01   5.0000000e+00   3.7000000e+01   0.0000000e+00  0
   2.0170000e+03   7.0000000e+00   2.4000000e+01   5.0000000e+00   3.8000000e+01   0.0000000e+00  0
   2.0170000e+03   7.0000000e+00   2.4000000e+01   5.0000000e+00   3.9000000e+01   0.0000000e+00  0
   2.0170000e+03   7.0000000e+00   2.4000000e+01   5.0000000e+00   4.0000000e+01   0.0000000e+00  0
   2.0170000e+03   7.0000000e+00   2.4000000e+01   5.0000000e+00   4.1000000e+01   0.0000000e+00  0
   2.0170000e+03   7.0000000e+00   2.4000000e+01   5.0000000e+00   4.2000000e+01   0.0000000e+00  0.729861519554552
   2.0170000e+03   7.0000000e+00   2.4000000e+01   5.0000000e+00   4.3000000e+01   0.0000000e+00  0.903248379609323
   2.0170000e+03   7.0000000e+00   2.4000000e+01   5.0000000e+00   4.4000000e+01   0.0000000e+00  1.75411260233911
   2.0170000e+03   7.0000000e+00   2.4000000e+01   5.0000000e+00   4.5000000e+01   0.0000000e+00  1.41686032995999
   2.0170000e+03   7.0000000e+00   2.4000000e+01   5.0000000e+00   4.6000000e+01   0.0000000e+00  4.48104950719972
   2.0170000e+03   7.0000000e+00   2.4000000e+01   5.0000000e+00   4.7000000e+01   0.0000000e+00  4.72177082520860
   2.0170000e+03   7.0000000e+00   2.4000000e+01   5.0000000e+00   4.8000000e+01   0.0000000e+00  1.13301869490963
   2.0170000e+03   7.0000000e+00   2.4000000e+01   5.0000000e+00   4.9000000e+01   0.0000000e+00  1.07718704160340
   2.0170000e+03   7.0000000e+00   2.4000000e+01   5.0000000e+00   5.0000000e+01   0.0000000e+00  10.9482200125395
   2.0170000e+03   7.0000000e+00   2.4000000e+01   5.0000000e+00   5.1000000e+01   0.0000000e+00  5.97811285995127
   2.0170000e+03   7.0000000e+00   2.4000000e+01   5.0000000e+00   5.2000000e+01   0.0000000e+00  2.56364080247414
   2.0170000e+03   7.0000000e+00   2.4000000e+01   5.0000000e+00   5.3000000e+01   0.0000000e+00  1.31042268995740
   2.0170000e+03   7.0000000e+00   2.4000000e+01   5.0000000e+00   5.4000000e+01   0.0000000e+00  1.64864210874515
   2.0170000e+03   7.0000000e+00   2.4000000e+01   5.0000000e+00   5.5000000e+01   0.0000000e+00  5.29438256860879
   2.0170000e+03   7.0000000e+00   2.4000000e+01   5.0000000e+00   5.6000000e+01   0.0000000e+00  0.000381890218777883
   2.0170000e+03   7.0000000e+00   2.4000000e+01   5.0000000e+00   5.7000000e+01   0.0000000e+00  0
   2.0170000e+03   7.0000000e+00   2.4000000e+01   5.0000000e+00   5.8000000e+01   0.0000000e+00  0
   2.0170000e+03   7.0000000e+00   2.4000000e+01   5.0000000e+00   5.9000000e+01   0.0000000e+00  0
   2.0170000e+03   7.0000000e+00   2.4000000e+01   6.0000000e+00   0.0000000e+00   0.0000000e+00  0.0209858406653155
   2.0170000e+03   7.0000000e+00   2.4000000e+01   6.0000000e+00   1.0000000e+00   0.0000000e+00  0.448232463801654
   2.0170000e+03   7.0000000e+00   2.4000000e+01   6.0000000e+00   2.0000000e+00   0.0000000e+00  0.702575888074491
   2.0170000e+03   7.0000000e+00   2.4000000e+01   6.0000000e+00   3.0000000e+00   0.0000000e+00  0.00603338596940153
   2.0170000e+03   7.0000000e+00   2.4000000e+01   6.0000000e+00   4.0000000e+00   0.0000000e+00  0.0991414944765355
   2.0170000e+03   7.0000000e+00   2.4000000e+01   6.0000000e+00   5.0000000e+00   0.0000000e+00  0.00116316060770279
   2.0170000e+03   7.0000000e+00   2.4000000e+01   6.0000000e+00   6.0000000e+00   0.0000000e+00  0
   2.0170000e+03   7.0000000e+00   2.4000000e+01   6.0000000e+00   7.0000000e+00   0.0000000e+00  0
   2.0170000e+03   7.0000000e+00   2.4000000e+01   6.0000000e+00   8.0000000e+00   0.0000000e+00  0
   2.0170000e+03   7.0000000e+00   2.4000000e+01   6.0000000e+00   9.0000000e+00   0.0000000e+00  0.480566074622381
   2.0170000e+03   7.0000000e+00   2.4000000e+01   6.0000000e+00   1.0000000e+01   0.0000000e+00  0.392472004920383
   2.0170000e+03   7.0000000e+00   2.4000000e+01   6.0000000e+00   1.1000000e+01   0.0000000e+00  0.268372895333103
   2.0170000e+03   7.0000000e+00   2.4000000e+01   6.0000000e+00   1.2000000e+01   0.0000000e+00  0.723030257972251
   2.0170000e+03   7.0000000e+00   2.4000000e+01   6.0000000e+00   1.3000000e+01   0.0000000e+00  0.176368711845187
   2.0170000e+03   7.0000000e+00   2.4000000e+01   6.0000000e+00   1.4000000e+01   0.0000000e+00  2.92725804157181
   2.0170000e+03   7.0000000e+00   2.4000000e+01   6.0000000e+00   1.5000000e+01   0.0000000e+00  6.90968460750316
   2.0170000e+03   7.0000000e+00   2.4000000e+01   6.0000000e+00   1.6000000e+01   0.0000000e+00  2.21327909777439
   2.0170000e+03   7.0000000e+00   2.4000000e+01   6.0000000e+00   1.7000000e+01   0.0000000e+00  0.290724053055914
   2.0170000e+03   7.0000000e+00   2.4000000e+01   6.0000000e+00   1.8000000e+01   0.0000000e+00  0.152809525790278
   2.0170000e+03   7.0000000e+00   2.4000000e+01   6.0000000e+00   1.9000000e+01   0.0000000e+00  2.29037139755747
   2.0170000e+03   7.0000000e+00   2.4000000e+01   6.0000000e+00   2.0000000e+01   0.0000000e+00  1.59155583976694
   2.0170000e+03   7.0000000e+00   2.4000000e+01   6.0000000e+00   2.1000000e+01   0.0000000e+00  0.717368209115671
   2.0170000e+03   7.0000000e+00   2.4000000e+01   6.0000000e+00   2.2000000e+01   0.0000000e+00  0.648918309855248
   2.0170000e+03   7.0000000e+00   2.4000000e+01   6.0000000e+00   2.3000000e+01   0.0000000e+00  3.51886006498358
   2.0170000e+03   7.0000000e+00   2.4000000e+01   6.0000000e+00   2.4000000e+01   0.0000000e+00  0.862165210954530
   2.0170000e+03   7.0000000e+00   2.4000000e+01   6.0000000e+00   2.5000000e+01   0.0000000e+00  5.01445735292601
   2.0170000e+03   7.0000000e+00   2.4000000e+01   6.0000000e+00   2.6000000e+01   0.0000000e+00  13.6809271136035
   2.0170000e+03   7.0000000e+00   2.4000000e+01   6.0000000e+00   2.7000000e+01   0.0000000e+00  20.9851747184703
   2.0170000e+03   7.0000000e+00   2.4000000e+01   6.0000000e+00   2.8000000e+01   0.0000000e+00  18.4594125115417
   2.0170000e+03   7.0000000e+00   2.4000000e+01   6.0000000e+00   2.9000000e+01   0.0000000e+00  15.7367483362235
   2.0170000e+03   7.0000000e+00   2.4000000e+01   6.0000000e+00   3.0000000e+01   0.0000000e+00  17.0828257493243
   2.0170000e+03   7.0000000e+00   2.4000000e+01   6.0000000e+00   3.1000000e+01   0.0000000e+00  9.88219386583435
   2.0170000e+03   7.0000000e+00   2.4000000e+01   6.0000000e+00   3.2000000e+01   0.0000000e+00  5.44504587674295
   2.0170000e+03   7.0000000e+00   2.4000000e+01   6.0000000e+00   3.3000000e+01   0.0000000e+00  3.93307325455362
   2.0170000e+03   7.0000000e+00   2.4000000e+01   6.0000000e+00   3.4000000e+01   0.0000000e+00  8.05350098504987
   2.0170000e+03   7.0000000e+00   2.4000000e+01   6.0000000e+00   3.5000000e+01   0.0000000e+00  11.2185981724303
   2.0170000e+03   7.0000000e+00   2.4000000e+01   6.0000000e+00   3.6000000e+01   0.0000000e+00  14.3691637182297
   2.0170000e+03   7.0000000e+00   2.4000000e+01   6.0000000e+00   3.7000000e+01   0.0000000e+00  8.94960633805718
   2.0170000e+03   7.0000000e+00   2.4000000e+01   6.0000000e+00   3.8000000e+01   0.0000000e+00  11.7764318187349
   2.0170000e+03   7.0000000e+00   2.4000000e+01   6.0000000e+00   3.9000000e+01   0.0000000e+00  8.26896375406107