   2.0170000e+03   8.0000000e+00   8.0000000e+00   4.0000000e+00   0.0000000e+00   0.0000000e+00   0.0000000e+00
   2.0170000e+03   8.0000000e+00   8.0000000e+00   4.0000000e+00   1.0000000e+00   0.0000000e+00   0.0000000e+00
   2.0170000e+03   8.0000000e+00   8.0000000e+00   4.0000000e+00   2.0000000e+00   0.0000000e+00   0.0000000e+00
   2.0170000e+03   8.0000000e+00   8.0000000e+00   4.0000000e+00   3.0000000e+00   0.0000000e+00   0.0000000e+00
   2.0170000e+03   8.0000000e+00   8.0000000e+00   4.0000000e+00   4.0000000e+00   0.0000000e+00   0.0000000e+00
   2.0170000e+03   8.0000000e+00   8.0000000e+00   4.0000000e+00   5.0000000e+00   0.0000000e+00   0.0000000e+00
   2.0170000e+03   8.0000000e+00   8.0000000e+00   4.0000000e+00   6.0000000e+00   0.0000000e+00   0.0000000e+00
   2.0170000e+03   8.0000000e+00   8.0000000e+00   4.0000000e+00   7.0000000e+00   0.0000000e+00   0.0000000e+00
   2.0170000e+03   8.0000000e+00   8.0000000e+00   4.0000000e+00   8.0000000e+00   0.0000000e+00   0.0000000e+00
   2.0170000e+03   8.0000000e+00   8.0000000e+00   4.0000000e+00   9.0000000e+00   0.0000000e+00   0.0000000e+00
   2.0170000e+03   8.0000000e+00   8.0000000e+00   4.0000000e+00   1.0000000e+01   0.0000000e+00   0.0000000e+00
   2.0170000e+03   8.0000000e+00   8.0000000e+00   4.0000000e+00   1.1000000e+01   0.0000000e+00   0.0000000e+00
   2.0170000e+03   8.0000000e+00   8.0000000e+00   4.0000000e+00   1.2000000e+01   0.0000000e+00   0.0000000e+00
   2.0170000e+03   8.0000000e+00   8.0000000e+00   4.0000000e+00   1.3000000e+01   0.0000000e+00   0.0000000e+00
   2.0170000e+03   8.0000000e+00   8.0000000e+00   4.0000000e+00   1.4000000e+01   0.0000000e+00   0.0000000e+00
   2.0170000e+03   8.0000000e+00   8.0000000e+00   4.0000000e+00   1.5000000e+01   0.0000000e+00   0.0000000e+00
   2.0170000e+03   8.0000000e+00   8.0000000e+00   4.0000000e+00   1.6000000e+01   0.0000000e+00   0.0000000e+00
   2.0170000e+03   8.0000000e+00   8.0000000e+00   4.0000000e+00   1.7000000e+01   0.0000000e+00   0.0000000e+00
   2.0170000e+03   8.0000000e+00   8.0000000e+00   4.0000000e+00   1.8000000e+01   0.0000000e+00   0.0000000e+00
   2.0170000e+03   8.0000000e+00   8.0000000e+00   4.0000000e+00   1.9000000e+01   0.0000000e+00   0.0000000e+00
   2.0170000e+03   8.0000000e+00   8.0000000e+00   4.0000000e+00   2.0000000e+01   0.0000000e+00   0.0000000e+00
   2.0170000e+03   8.0000000e+00   8.0000000e+00   4.0000000e+00   2.1000000e+01   0.0000000e+00   0.0000000e+00
   2.0170000e+03   8.0000000e+00   8.0000000e+00   4.0000000e+00   2.2000000e+01   0.0000000e+00   0.0000000e+00
   2.0170000e+03   8.0000000e+00   8.0000000e+00   4.0000000e+00   2.3000000e+01   0.0000000e+00   0.0000000e+00
   2.0170000e+03   8.0000000e+00   8.0000000e+00   4.0000000e+00   2.4000000e+01   0.0000000e+00   0.0000000e+00
   2.0170000e+03   8.0000000e+00   8.0000000e+00   4.0000000e+00   2.5000000e+01   0.0000000e+00   0.0000000e+00
   2.0170000e+03   8.0000000e+00   8.0000000e+00   4.0000000e+00   2.6000000e+01   0.0000000e+00   0.0000000e+00
   2.0170000e+03   8.0000000e+00   8.0000000e+00   4.0000000e+00   2.7000000e+01   0.0000000e+00   0.0000000e+00
   2.0170000e+03   8.0000000e+00   8.0000000e+00   4.0000000e+00   2.8000000e+01   0.0000000e+00   0.0000000e+00
   2.0170000e+03   8.0000000e+00   8.0000000e+00   4.0000000e+00   2.9000000e+01   0.0000000e+00   0.0000000e+00
   2.0170000e+03   8.0000000e+00   8.0000000e+00   4.0000000e+00   3.0000000e+01   0.0000000e+00   0.0000000e+00
   2.0170000e+03   8.0000000e+00   8.0000000e+00   4.0000000e+00   3.1000000e+01   0.0000000e+00   0.0000000e+00
   2.0170000e+03   8.0000000e+00   8.0000000e+00   4.0000000e+00   3.2000000e+01   0.0000000e+00   0.0000000e+00
   2.0170000e+03   8.0000000e+00   8.0000000e+00   4.0000000e+00   3.3000000e+01   0.0000000e+00   0.0000000e+00
   2.0170000e+03   8.0000000e+00   8.0000000e+00   4.0000000e+00   3.4000000e+01   0.0000000e+00   0.0000000e+00
   2.0170000e+03   8.0000000e+00   8.0000000e+00   4.0000000e+00   3.5000000e+01   0.0000000e+00   0.0000000e+00
   2.0170000e+03   8.0000000e+00   8.0000000e+00   4.0000000e+00   3.6000000e+01   0.0000000e+00   0.0000000e+00
   2.0170000e+03   8.0000000e+00   8.0000000e+00   4.0000000e+00   3.7000000e+01   0.0000000e+00   0.0000000e+00
   2.0170000e+03   8.0000000e+00   8.0000000e+00   4.0000000e+00   3.8000000e+01   0.0000000e+00   0.0000000e+00
   2.0170000e+03   8.0000000e+00   8.0000000e+00   4.0000000e+00   3.9000000e+01   0.0000000e+00   0.0000000e+00
   2.0170000e+03   8.0000000e+00   8.0000000e+00   4.0000000e+00   4.0000000e+01   0.0000000e+00   0.0000000e+00
   2.0170000e+03   8.0000000e+00   8.0000000e+00   4.0000000e+00   4.1000000e+01   0.0000000e+00   0.0000000e+00
   2.0170000e+03   8.0000000e+00   8.0000000e+00   4.0000000e+00   4.2000000e+01   0.0000000e+00   1.9200001e+00
   2.0170000e+03   8.0000000e+00   8.0000000e+00   4.0000000e+00   4.3000000e+01   0.0000000e+00   1.9200000e+00
   2.0170000e+03   8.0000000e+00   8.0000000e+00   4.0000000e+00   4.4000000e+01   0.0000000e+00   1.3199999e+00
   2.0170000e+03   8.0000000e+00   8.0000000e+00   4.0000000e+00   4.5000000e+01   0.0000000e+00   2.1600000e+00
   2.0170000e+03   8.0000000e+00   8.0000000e+00   4.0000000e+00   4.6000000e+01   0.0000000e+00   1.9200000e+00
   2.0170000e+03   8.0000000e+00   8.0000000e+00   4.0000000e+00   4.7000000e+01   0.0000000e+00   2.2800001e+00
   2.0170000e+03   8.0000000e+00   8.0000000e+00   4.0000000e+00   4.8000000e+01   0.0000000e+00   3.3600000e+00
   2.0170000e+03   8.0000000e+00   8.0000000e+00   4.0000000e+00   4.9000000e+01   0.0000000e+00   6.4800000e+00
   2.0170000e+03   8.0000000e+00   8.0000000e+00   4.0000000e+00   5.0000000e+01   0.0000000e+00   1.0080000e+01
   2.0170000e+03   8.0000000e+00   8.0000000e+00   4.0000000e+00   5.1000000e+01   0.0000000e+00   1.2720000e+01
   2.0170000e+03   8.0000000e+00   8.0000000e+00   4.0000000e+00   5.2000000e+01   0.0000000e+00   1.0320000e+01
   2.0170000e+03   8.0000000e+00   8.0000000e+00   4.0000000e+00   5.3000000e+01   0.0000000e+00   1.5840000e+01
   2.0170000e+03   8.0000000e+00   8.0000000e+00   4.0000000e+00   5.4000000e+01   0.0000000e+00   2.6040000e+01
   2.0170000e+03   8.0000000e+00   8.0000000e+00   4.0000000e+00   5.5000000e+01   0.0000000e+00   2.0520000e+01
   2.0170000e+03   8.0000000e+00   8.0000000e+00   4.0000000e+00   5.6000000e+01   0.0000000e+00   1.0920000e+01
   2.0170000e+03   8.0000000e+00   8.0000000e+00   4.0000000e+00   5.7000000e+01   0.0000000e+00   9.0000000e+00
   2.0170000e+03   8.0000000e+00   8.0000000e+00   4.0000000e+00   5.8000000e+01   0.0000000e+00   1.0920000e+01
   2.0170000e+03   8.0000000e+00   8.0000000e+00   4.0000000e+00   5.9000000e+01   0.0000000e+00   1.2360000e+01
   2.0170000e+03   8.0000000e+00   8.0000000e+00   5.0000000e+00   0.0000000e+00   0.0000000e+00   1.5960000e+01
   2.0170000e+03   8.0000000e+00   8.0000000e+00   5.0000000e+00   1.0000000e+00   0.0000000e+00   1.8240000e+01
   2.0170000e+03   8.0000000e+00   8.0000000e+00   5.0000000e+00   2.0000000e+00   0.0000000e+00   2.0040000e+01
   2.0170000e+03   8.0000000e+00   8.0000000e+00   5.0000000e+00   3.0000000e+00   0.0000000e+00   2.1840000e+01
   2.0170000e+03   8.0000000e+00   8.0000000e+00   5.0000000e+00   4.0000000e+00   0.0000000e+00   1.8840000e+01
   2.0170000e+03   8.0000000e+00   8.0000000e+00   5.0000000e+00   5.0000000e+00   0.0000000e+00   1.9440000e+01
   2.0170000e+03   8.0000000e+00   8.0000000e+00   5.0000000e+00   6.0000000e+00   0.0000000e+00   1.7880000e+01
   2.0170000e+03   8.0000000e+00   8.0000000e+00   5.0000000e+00   7.0000000e+00   0.0000000e+00   1.4040000e+01
   2.0170000e+03   8.0000000e+00   8.0000000e+00   5.0000000e+00   8.0000000e+00   0.0000000e+00   1.4640000e+01
   2.0170000e+03   8.0000000e+00   8.0000000e+00   5.0000000e+00   9.0000000e+00   0.0000000e+00   1.4520000e+01
   2.0170000e+03   8.0000000e+00   8.0000000e+00   5.0000000e+00   1.0000000e+01   0.0000000e+00   1.3920000e+01
   2.0170000e+03   8.0000000e+00   8.0000000e+00   5.0000000e+00   1.1000000e+01   0.0000000e+00   1.7160000e+01
   2.0170000e+03   8.0000000e+00   8.0000000e+00   5.0000000e+00   1.2000000e+01   0.0000000e+00   2.1360000e+01
   2.0170000e+03   8.0000000e+00   8.0000000e+00   5.0000000e+00   1.3000000e+01   0.0000000e+00   1.9320000e+01
   2.0170000e+03   8.0000000e+00   8.0000000e+00   5.0000000e+00   1.4000000e+01   0.0000000e+00   2.0520000e+01
   2.0170000e+03   8.0000000e+00   8.0000000e+00   5.0000000e+00   1.5000000e+01   0.0000000e+00   1.6679999e+01
   2.0170000e+03   8.0000000e+00   8.0000000e+00   5.0000000e+00   1.6000000e+01   0.0000000e+00   1.8480000e+01
   2.0170000e+03   8.0000000e+00   8.0000000e+00   5.0000000e+00   1.7000000e+01   0.0000000e+00   2.8800000e+01
   2.0170000e+03   8.0000000e+00   8.0000000e+00   5.0000000e+00   1.8000000e+01   0.0000000e+00   2.5920001e+01
   2.0170000e+03   8.0000000e+00   8.0000000e+00   5.0000000e+00   1.9000000e+01   0.0000000e+00   1.8840000e+01
   2.0170000e+03   8.0000000e+00   8.0000000e+00   5.0000000e+00   2.0000000e+01   0.0000000e+00   2.1720000e+01
   2.0170000e+03   8.0000000e+00   8.0000000e+00   5.0000000e+00   2.1000000e+01   0.0000000e+00   2.0400000e+01
   2.0170000e+03   8.0000000e+00   8.0000000e+00   5.0000000e+00   2.2000000e+01   0.0000000e+00   1.5480000e+01
   2.0170000e+03   8.0000000e+00   8.0000000e+00   5.0000000e+00   2.3000000e+01   0.0000000e+00   1.5840000e+01
   2.0170000e+03   8.0000000e+00   8.0000000e+00   5.0000000e+00   2.4000000e+01   0.0000000e+00   1.5240000e+01
   2.0170000e+03   8.0000000e+00   8.0000000e+00   5.0000000e+00   2.5000000e+01   0.0000000e+00   1.3560000e+01
   2.0170000e+03   8.0000000e+00   8.0000000e+00   5.0000000e+00   2.6000000e+01   0.0000000e+00   1.2240000e+01
   2.0170000e+03   8.0000000e+00   8.0000000e+00   5.0000000e+00   2.7000000e+01   0.0000000e+00   1.3440000e+01
   2.0170000e+03   8.0000000e+00   8.0000000e+00   5.0000000e+00   2.8000000e+01   0.0000000e+00   1.1400000e+01
   2.0170000e+03   8.0000000e+00   8.0000000e+00   5.0000000e+00   2.9000000e+01   0.0000000e+00   8.8799998e+00
   2.0170000e+03   8.0000000e+00   8.0000000e+00   5.0000000e+00   3.0000000e+01   0.0000000e+00   1.7040000e+01
   2.0170000e+03   8.0000000e+00   8.0000000e+00   5.0000000e+00   3.1000000e+01   0.0000000e+00   1.6320000e+01
   2.0170000e+03   8.0000000e+00   8.0000000e+00   5.0000000e+00   3.2000000e+01   0.0000000e+00   1.6560000e+01
   2.0170000e+03   8.0000000e+00   8.0000000e+00   5.0000000e+00   3.3000000e+01   0.0000000e+00   1.4400000e+01
   2.0170000e+03   8.0000000e+00   8.0000000e+00   5.0000000e+00   3.4000000e+01   0.0000000e+00   1.0920000e+01
   2.0170000e+03   8.0000000e+00   8.0000000e+00   5.0000000e+00   3.5000000e+01   0.0000000e+00   5.8800005e+00
   2.0170000e+03   8.0000000e+00   8.0000000e+00   5.0000000e+00   3.6000000e+01   0.0000000e+00   5.2800000e+00
   2.0170000e+03   8.0000000e+00   8.0000000e+00   5.0000000e+00   3.7000000e+01   0.0000000e+00   4.9200000e+00
   2.0170000e+03   8.0000000e+00   8.0000000e+00   5.0000000e+00   3.8000000e+01   0.0000000e+00   3.8400000e+00
   2.0170000e+03   8.0000000e+00   8.0000000e+00   5.0000000e+00   3.9000000e+01   0.0000000e+00   3.1200000e+00
   2.0170000e+03   8.0000000e+00   8.0000000e+00   5.0000000e+00   4.0000000e+01   0.0000000e+00   2.0400000e+00
   2.0170000e+03   8.0000000e+00   8.0000000e+00   5.0000000e+00   4.1000000e+01   0.0000000e+00   1.3200000e+00
   2.0170000e+03   8.0000000e+00   8.0000000e+00   5.0000000e+00   4.2000000e+01   0.0000000e+00   1.2000000e+00
   2.0170000e+03   8.0000000e+00   8.0000000e+00   5.0000000e+00   4.3000000e+01   0.0000000e+00   1.2000000e+00
   2.0170000e+03   8.0000000e+00   8.0000000e+00   5.0000000e+00   4.4000000e+01   0.0000000e+00   7.1999998e-01
   2.0170000e+03   8.0000000e+00   8.0000000e+00   5.0000000e+00   4.5000000e+01   0.0000000e+00   1.2000000e-01
   2.0170000e+03   8.0000000e+00   8.0000000e+00   5.0000000e+00   4.6000000e+01   0.0000000e+00   9.5999988e-01
   2.0170000e+03   8.0000000e+00   8.0000000e+00   5.0000000e+00   4.7000000e+01   0.0000000e+00   1.2000000e+00
   2.0170000e+03   8.0000000e+00   8.0000000e+00   5.0000000e+00   4.8000000e+01   0.0000000e+00   7.2000000e-01
   2.0170000e+03   8.0000000e+00   8.0000000e+00   5.0000000e+00   4.9000000e+01   0.0000000e+00   1.0799999e+00
   2.0170000e+03   8.0000000e+00   8.0000000e+00   5.0000000e+00   5.0000000e+01   0.0000000e+00   1.2000000e+00
   2.0170000e+03   8.0000000e+00   8.0000000e+00   5.0000000e+00   5.1000000e+01   0.0000000e+00   7.2000000e-01
   2.0170000e+03   8.0000000e+00   8.0000000e+00   5.0000000e+00   5.2000000e+01   0.0000000e+00   6.0000000e-01
   2.0170000e+03   8.0000000e+00   8.0000000e+00   5.0000000e+00   5.3000000e+01   0.0000000e+00   1.0800000e+00
   2.0170000e+03   8.0000000e+00   8.0000000e+00   5.0000000e+00   5.4000000e+01   0.0000000e+00   7.2000000e-01
   2.0170000e+03   8.0000000e+00   8.0000000e+00   5.0000000e+00   5.5000000e+01   0.0000000e+00   6.0000000e-01
   2.0170000e+03   8.0000000e+00   8.0000000e+00   5.0000000e+00   5.6000000e+01   0.0000000e+00   6.0000000e-01
   2.0170000e+03   8.0000000e+00   8.0000000e+00   5.0000000e+00   5.7000000e+01   0.0000000e+00   6.0000000e-01
   2.0170000e+03   8.0000000e+00   8.0000000e+00   5.0000000e+00   5.8000000e+01   0.0000000e+00   6.0000000e-01
   2.0170000e+03   8.0000000e+00   8.0000000e+00   5.0000000e+00   5.9000000e+01   0.0000000e+00   6.0000000e-01
   2.0170000e+03   8.0000000e+00   8.0000000e+00   6.0000000e+00   0.0000000e+00   0.0000000e+00   6.0000000e-01
   2.0170000e+03   8.0000000e+00   8.0000000e+00   6.0000000e+00   1.0000000e+00   0.0000000e+00   1.1999998e-01
   2.0170000e+03   8.0000000e+00   8.0000000e+00   6.0000000e+00   2.0000000e+00   0.0000000e+00   0.0000000e+00
   2.0170000e+03   8.0000000e+00   8.0000000e+00   6.0000000e+00   3.0000000e+00   0.0000000e+00   4.7999994e-01
   2.0170000e+03   8.0000000e+00   8.0000000e+00   6.0000000e+00   4.0000000e+00   0.0000000e+00   6.0000000e-01
   2.0170000e+03   8.0000000e+00   8.0000000e+00   6.0000000e+00   5.0000000e+00   0.0000000e+00   6.0000000e-01
   2.0170000e+03   8.0000000e+00   8.0000000e+00   6.0000000e+00   6.0000000e+00   0.0000000e+00   1.5599999e+00
   2.0170000e+03   8.0000000e+00   8.0000000e+00   6.0000000e+00   7.0000000e+00   0.0000000e+00   1.8000000e+00
   2.0170000e+03   8.0000000e+00   8.0000000e+00   6.0000000e+00   8.0000000e+00   0.0000000e+00   1.3200000e+00
   2.0170000e+03   8.0000000e+00   8.0000000e+00   6.0000000e+00   9.0000000e+00   0.0000000e+00   2.4000000e-01
   2.0170000e+03   8.0000000e+00   8.0000000e+00   6.0000000e+00   1.0000000e+01   0.0000000e+00   4.8000000e-01
   2.0170000e+03   8.0000000e+00   8.0000000e+00   6.0000000e+00   1.1000000e+01   0.0000000e+00   6.0000000e-01
   2.0170000e+03   8.0000000e+00   8.0000000e+00   6.0000000e+00   1.2000000e+01   0.0000000e+00   1.1999998e-01
   2.0170000e+03   8.0000000e+00   8.0000000e+00   6.0000000e+00   1.3000000e+01   0.0000000e+00   4.8000000e-01
   2.0170000e+03   8.0000000e+00   8.0000000e+00   6.0000000e+00   1.4000000e+01   0.0000000e+00   1.1999994e-01
   2.0170000e+03   8.0000000e+00   8.0000000e+00   6.0000000e+00   1.5000000e+01   0.0000000e+00   0.0000000e+00
   2.0170000e+03   8.0000000e+00   8.0000000e+00   6.0000000e+00   1.6000000e+01   0.0000000e+00   0.0000000e+00
   2.0170000e+03   8.0000000e+00   8.0000000e+00   6.0000000e+00   1.7000000e+01   0.0000000e+00   0.0000000e+00
   2.0170000e+03   8.0000000e+00   8.0000000e+00   6.0000000e+00   1.8000000e+01   0.0000000e+00   0.0000000e+00
   2.0170000e+03   8.0000000e+00   8.0000000e+00   6.0000000e+00   1.9000000e+01   0.0000000e+00   4.8000000e-01
   2.0170000e+03   8.0000000e+00   8.0000000e+00   6.0000000e+00   2.0000000e+01   0.0000000e+00   1.2000006e-01
   2.0170000e+03   8.0000000e+00   8.0000000e+00   6.0000000e+00   2.1000000e+01   0.0000000e+00   0.0000000e+00
   2.0170000e+03   8.0000000e+00   8.0000000e+00   6.0000000e+00   2.2000000e+01   0.0000000e+00   0.0000000e+00
   2.0170000e+03   8.0000000e+00   8.0000000e+00   6.0000000e+00   2.3000000e+01   0.0000000e+00   0.0000000e+00
   2.0170000e+03   8.0000000e+00   8.0000000e+00   6.0000000e+00   2.4000000e+01   0.0000000e+00   0.0000000e+00
   2.0170000e+03   8.0000000e+00   8.0000000e+00   6.0000000e+00   2.5000000e+01   0.0000000e+00   0.0000000e+00
   2.0170000e+03   8.0000000e+00   8.0000000e+00   6.0000000e+00   2.6000000e+01   0.0000000e+00   0.0000000e+00
   2.0170000e+03   8.0000000e+00   8.0000000e+00   6.0000000e+00   2.7000000e+01   0.0000000e+00   0.0000000e+00
   2.0170000e+03   8.0000000e+00   8.0000000e+00   6.0000000e+00   2.8000000e+01   0.0000000e+00   0.0000000e+00
   2.0170000e+03   8.0000000e+00   8.0000000e+00   6.0000000e+00   2.9000000e+01   0.0000000e+00   0.0000000e+00
   2.0170000e+03   8.0000000e+00   8.0000000e+00   6.0000000e+00   3.0000000e+01   0.0000000e+00   0.0000000e+00
   2.0170000e+03   8.0000000e+00   8.0000000e+00   6.0000000e+00   3.1000000e+01   0.0000000e+00   0.0000000e+00
   2.0170000e+03   8.0000000e+00   8.0000000e+00   6.0000000e+00   3.2000000e+01   0.0000000e+00   1.4400000e+00
   2.0170000e+03   8.0000000e+00   8.0000000e+00   6.0000000e+00   3.3000000e+01   0.0000000e+00   2.2800000e+00
   2.0170000e+03   8.0000000e+00   8.0000000e+00   6.0000000e+00   3.4000000e+01   0.0000000e+00   1.9200001e+00
   2.0170000e+03   8.0000000e+00   8.0000000e+00   6.0000000e+00   3.5000000e+01   0.0000000e+00   1.3200000e+00
   2.0170000e+03   8.0000000e+00   8.0000000e+00   6.0000000e+00   3.6000000e+01   0.0000000e+00   7.2000000e-01
   2.0170000e+03   8.0000000e+00   8.0000000e+00   6.0000000e+00   3.7000000e+01   0.0000000e+00   2.0400000e+00
   2.0170000e+03   8.0000000e+00   8.0000000e+00   6.0000000e+00   3.8000000e+01   0.0000000e+00   2.4000000e+00
   2.0170000e+03   8.0000000e+00   8.0000000e+00   6.0000000e+00   3.9000000e+01   0.0000000e+00   2.8800000e+00
   2.0170000e+03   8.0000000e+00   8.0000000e+00   6.0000000e+00   4.0000000e+01   0.0000000e+00   3.4800000e+00
   2.0170000e+03   8.0000000e+00   8.0000000e+00   6.0000000e+00   4.1000000e+01   0.0000000e+00   3.6000000e+00
   2.0170000e+03   8.0000000e+00   8.0000000e+00   6.0000000e+00   4.2000000e+01   0.0000000e+00   2.6399999e+00
   2.0170000e+03   8.0000000e+00   8.0000000e+00   6.0000000e+00   4.3000000e+01   0.0000000e+00   1.9200000e+00
   2.0170000e+03   8.0000000e+00   8.0000000e+00   6.0000000e+00   4.4000000e+01   0.0000000e+00   1.3200000e+00
   2.0170000e+03   8.0000000e+00   8.0000000e+00   6.0000000e+00   4.5000000e+01   0.0000000e+00   7.1999994e-01
   2.0170000e+03   8.0000000e+00   8.0000000e+00   6.0000000e+00   4.6000000e+01   0.0000000e+00   6.0000000e-01
   2.0170000e+03   8.0000000e+00   8.0000000e+00   6.0000000e+00   4.7000000e+01   0.0000000e+00   6.0000000e-01
   2.0170000e+03   8.0000000e+00   8.0000000e+00   6.0000000e+00   4.8000000e+01   0.0000000e+00   1.2000006e-01
   2.0170000e+03   8.0000000e+00   8.0000000e+00   6.0000000e+00   4.9000000e+01   0.0000000e+00   0.0000000e+00
   2.0170000e+03   8.0000000e+00   8.0000000e+00   6.0000000e+00   5.0000000e+01   0.0000000e+00   4.8000000e-01
   2.0170000e+03   8.0000000e+00   8.0000000e+00   6.0000000e+00   5.1000000e+01   0.0000000e+00   1.2000006e-01
   2.0170000e+03   8.0000000e+00   8.0000000e+00   6.0000000e+00   5.2000000e+01   0.0000000e+00   0.0000000e+00
   2.0170000e+03   8.0000000e+00   8.0000000e+00   6.0000000e+00   5.3000000e+01   0.0000000e+00   0.0000000e+00
   2.0170000e+03   8.0000000e+00   8.0000000e+00   6.0000000e+00   5.4000000e+01   0.0000000e+00   0.0000000e+00
   2.0170000e+03   8.0000000e+00   8.0000000e+00   6.0000000e+00   5.5000000e+01   0.0000000e+00   0.0000000e+00
   2.0170000e+03   8.0000000e+00   8.0000000e+00   6.0000000e+00   5.6000000e+01   0.0000000e+00   0.0000000e+00
   2.0170000e+03   8.0000000e+00   8.0000000e+00   6.0000000e+00   5.7000000e+01   0.0000000e+00   4.8000002e-01
   2.0170000e+03   8.0000000e+00   8.0000000e+00   6.0000000e+00   5.8000000e+01   0.0000000e+00   1.2000000e-01
   2.0170000e+03   8.0000000e+00   8.0000000e+00   6.0000000e+00   5.9000000e+01   0.0000000e+00   0.0000000e+00
   2.0170000e+03   8.0000000e+00   8.0000000e+00   7.0000000e+00   0.0000000e+00   0.0000000e+00   0.0000000e+00
   2.0170000e+03   8.0000000e+00   8.0000000e+00   7.0000000e+00   1.0000000e+00   0.0000000e+00   1.4880000e+01
   2.0170000e+03   8.0000000e+00   8.0000000e+00   7.0000000e+00   2.0000000e+00   0.0000000e+00   2.5320001e+01
   2.0170000e+03   8.0000000e+00   8.0000000e+00   7.0000000e+00   3.0000000e+00   0.0000000e+00   2.8440000e+01
   2.0170000e+03   8.0000000e+00   8.0000000e+00   7.0000000e+00   4.0000000e+00   0.0000000e+00   2.0160000e+01
   2.0170000e+03   8.0000000e+00   8.0000000e+00   7.0000000e+00   5.0000000e+00   0.0000000e+00   1.1280001e+01
   2.0170000e+03   8.0000000e+00   8.0000000e+00   7.0000000e+00   6.0000000e+00   0.0000000e+00   5.2800001e+00
   2.0170000e+03   8.0000000e+00   8.0000000e+00   7.0000000e+00   7.0000000e+00   0.0000000e+00   2.7600000e+00
   2.0170000e+03   8.0000000e+00   8.0000000e+00   7.0000000e+00   8.0000000e+00   0.0000000e+00   1.9200000e+00
   2.0170000e+03   8.0000000e+00   8.0000000e+00   7.0000000e+00   9.0000000e+00   0.0000000e+00   1.3200000e+00
   2.0170000e+03   8.0000000e+00   8.0000000e+00   7.0000000e+00   1.0000000e+01   0.0000000e+00   1.2000000e+00
   2.0170000e+03   8.0000000e+00   8.0000000e+00   7.0000000e+00   1.1000000e+01   0.0000000e+00   2.1600000e+00
   2.0170000e+03   8.0000000e+00   8.0000000e+00   7.0000000e+00   1.2000000e+01   0.0000000e+00   1.9200000e+00
   2.0170000e+03   8.0000000e+00   8.0000000e+00   7.0000000e+00   1.3000000e+01   0.0000000e+00   1.3199999e+00
   2.0170000e+03   8.0000000e+00   8.0000000e+00   7.0000000e+00   1.4000000e+01   0.0000000e+00   1.2000000e+00
   2.0170000e+03   8.0000000e+00   8.0000000e+00   7.0000000e+00   1.5000000e+01   0.0000000e+00   1.2000000e+00
   2.0170000e+03   8.0000000e+00   8.0000000e+00   7.0000000e+00   1.6000000e+01   0.0000000e+00   2.1599999e+00
   2.0170000e+03   8.0000000e+00   8.0000000e+00   7.0000000e+00   1.7000000e+01   0.0000000e+00   1.9200000e+00
   2.0170000e+03   8.0000000e+00   8.0000000e+00   7.0000000e+00   1.8000000e+01   0.0000000e+00   1.8000000e+00
   2.0170000e+03   8.0000000e+00   8.0000000e+00   7.0000000e+00   1.9000000e+01   0.0000000e+00   1.3200001e+00
   2.0170000e+03   8.0000000e+00   8.0000000e+00   7.0000000e+00   2.0000000e+01   0.0000000e+00   7.2000002e-01
   2.0170000e+03   8.0000000e+00   8.0000000e+00   7.0000000e+00   2.1000000e+01   0.0000000e+00   6.0000000e-01
   2.0170000e+03   8.0000000e+00   8.0000000e+00   7.0000000e+00   2.2000000e+01   0.0000000e+00   6.0000000e-01
   2.0170000e+03   8.0000000e+00   8.0000000e+00   7.0000000e+00   2.3000000e+01   0.0000000e+00   6.0000000e-01
   2.0170000e+03   8.0000000e+00   8.0000000e+00   7.0000000e+00   2.4000000e+01   0.0000000e+00   6.0000000e-01
   2.0170000e+03   8.0000000e+00   8.0000000e+00   7.0000000e+00   2.5000000e+01   0.0000000e+00   1.2000000e-01
   2.0170000e+03   8.0000000e+00   8.0000000e+00   7.0000000e+00   2.6000000e+01   0.0000000e+00   0.0000000e+00
   2.0170000e+03   8.0000000e+00   8.0000000e+00   7.0000000e+00   2.7000000e+01   0.0000000e+00   4.8000006e-01
   2.0170000e+03   8.0000000e+00   8.0000000e+00   7.0000000e+00   2.8000000e+01   0.0000000e+00   1.1999998e-01
   2.0170000e+03   8.0000000e+00   8.0000000e+00   7.0000000e+00   2.9000000e+01   0.0000000e+00   0.0000000e+00
   2.0170000e+03   8.0000000e+00   8.0000000e+00   7.0000000e+00   3.0000000e+01   0.0000000e+00   0.0000000e+00
   2.0170000e+03   8.0000000e+00   8.0000000e+00   7.0000000e+00   3.1000000e+01   0.0000000e+00   0.0000000e+00
   2.0170000e+03   8.0000000e+00   8.0000000e+00   7.0000000e+00   3.2000000e+01   0.0000000e+00   0.0000000e+00
   2.0170000e+03   8.0000000e+00   8.0000000e+00   7.0000000e+00   3.3000000e+01   0.0000000e+00   0.0000000e+00
   2.0170000e+03   8.0000000e+00   8.0000000e+00   7.0000000e+00   3.4000000e+01   0.0000000e+00   0.0000000e+00
   2.0170000e+03   8.0000000e+00   8.0000000e+00   7.0000000e+00   3.5000000e+01   0.0000000e+00   0.0000000e+00
   2.0170000e+03   8.0000000e+00   8.0000000e+00   7.0000000e+00   3.6000000e+01   0.0000000e+00   4.7999994e-01
   2.0170000e+03   8.0000000e+00   8.0000000e+00   7.0000000e+00   3.7000000e+01   0.0000000e+00   1.2000002e-01
   2.0170000e+03   8.0000000e+00   8.0000000e+00   7.0000000e+00   3.8000000e+01   0.0000000e+00   0.0000000e+00
   2.0170000e+03   8.0000000e+00   8.0000000e+00   7.0000000e+00   3.9000000e+01   0.0000000e+00   0.0000000e+00
   2.0170000e+03   8.0000000e+00   8.0000000e+00   7.0000000e+00   4.0000000e+01   0.0000000e+00   0.0000000e+00
   2.0170000e+03   8.0000000e+00   8.0000000e+00   7.0000000e+00   4.1000000e+01   0.0000000e+00   0.0000000e+00
   2.0170000e+03   8.0000000e+00   8.0000000e+00   7.0000000e+00   4.2000000e+01   0.0000000e+00   0.0000000e+00
   2.0170000e+03   8.0000000e+00   8.0000000e+00   7.0000000e+00   4.3000000e+01   0.0000000e+00   0.0000000e+00
   2.0170000e+03   8.0000000e+00   8.0000000e+00   7.0000000e+00   4.4000000e+01   0.0000000e+00   0.0000000e+00
   2.0170000e+03   8.0000000e+00   8.0000000e+00   7.0000000e+00   4.5000000e+01   0.0000000e+00   4.8000002e-01
   2.0170000e+03   8.0000000e+00   8.0000000e+00   7.0000000e+00   4.6000000e+01   0.0000000e+00   1.2000000e-01
   2.0170000e+03   8.0000000e+00   8.0000000e+00   7.0000000e+00   4.7000000e+01   0.0000000e+00   0.0000000e+00
   2.0170000e+03   8.0000000e+00   8.0000000e+00   7.0000000e+00   4.8000000e+01   0.0000000e+00   0.0000000e+00
   2.0170000e+03   8.0000000e+00   8.0000000e+00   7.0000000e+00   4.9000000e+01   0.0000000e+00   0.0000000e+00
   2.0170000e+03   8.0000000e+00   8.0000000e+00   7.0000000e+00   5.0000000e+01   0.0000000e+00   0.0000000e+00
   2.0170000e+03   8.0000000e+00   8.0000000e+00   7.0000000e+00   5.1000000e+01   0.0000000e+00   0.0000000e+00
   2.0170000e+03   8.0000000e+00   8.0000000e+00   7.0000000e+00   5.2000000e+01   0.0000000e+00   0.0000000e+00
   2.0170000e+03   8.0000000e+00   8.0000000e+00   7.0000000e+00   5.3000000e+01   0.0000000e+00   0.0000000e+00
   2.0170000e+03   8.0000000e+00   8.0000000e+00   7.0000000e+00   5.4000000e+01   0.0000000e+00   0.0000000e+00
   2.0170000e+03   8.0000000e+00   8.0000000e+00   7.0000000e+00   5.5000000e+01   0.0000000e+00   4.8000000e-01
   2.0170000e+03   8.0000000e+00   8.0000000e+00   7.0000000e+00   5.6000000e+01   0.0000000e+00   1.2000000e-01
   2.0170000e+03   8.0000000e+00   8.0000000e+00   7.0000000e+00   5.7000000e+01   0.0000000e+00   0.0000000e+00
   2.0170000e+03   8.0000000e+00   8.0000000e+00   7.0000000e+00   5.8000000e+01   0.0000000e+00   0.0000000e+00
   2.0170000e+03   8.0000000e+00   8.0000000e+00   7.0000000e+00   5.9000000e+01   0.0000000e+00   9.6000003e-01
   2.0170000e+03   8.0000000e+00   8.0000000e+00   8.0000000e+00   0.0000000e+00   0.0000000e+00   2.4000000e-01
   2.0170000e+03   8.0000000e+00   8.0000000e+00   8.0000000e+00   1.0000000e+00   0.0000000e+00   0.0000000e+00
   2.0170000e+03   8.0000000e+00   8.0000000e+00   8.0000000e+00   2.0000000e+00   0.0000000e+00   4.3199999e+00
   2.0170000e+03   8.0000000e+00   8.0000000e+00   8.0000000e+00   3.0000000e+00   0.0000000e+00   1.9320000e+01
   2.0170000e+03   8.0000000e+00   8.0000000e+00   8.0000000e+00   4.0000000e+00   0.0000000e+00   4.6799997e+01
   2.0170000e+03   8.0000000e+00   8.0000000e+00   8.0000000e+00   5.0000000e+00   0.0000000e+00   5.6640000e+01
   2.0170000e+03   8.0000000e+00   8.0000000e+00   8.0000000e+00   6.0000000e+00   0.0000000e+00   3.8880000e+01
   2.0170000e+03   8.0000000e+00   8.0000000e+00   8.0000000e+00   7.0000000e+00   0.0000000e+00   2.3640000e+01
   2.0170000e+03   8.0000000e+00   8.0000000e+00   8.0000000e+00   8.0000000e+00   0.0000000e+00   2.7240000e+01
   2.0170000e+03   8.0000000e+00   8.0000000e+00   8.0000000e+00   9.0000000e+00   0.0000000e+00   2.4960000e+01
   2.0170000e+03   8.0000000e+00   8.0000000e+00   8.0000000e+00   1.0000000e+01   0.0000000e+00   2.4960000e+01
   2.0170000e+03   8.0000000e+00   8.0000000e+00   8.0000000e+00   1.1000000e+01   0.0000000e+00   2.2320000e+01
   2.0170000e+03   8.0000000e+00   8.0000000e+00   8.0000000e+00   1.2000000e+01   0.0000000e+00   2.7360001e+01
   2.0170000e+03   8.0000000e+00   8.0000000e+00   8.0000000e+00   1.3000000e+01   0.0000000e+00   1.7760000e+01
   2.0170000e+03   8.0000000e+00   8.0000000e+00   8.0000000e+00   1.4000000e+01   0.0000000e+00   1.1640000e+01
   2.0170000e+03   8.0000000e+00   8.0000000e+00   8.0000000e+00   1.5000000e+01   0.0000000e+00   8.3999997e+00
   2.0170000e+03   8.0000000e+00   8.0000000e+00   8.0000000e+00   1.6000000e+01   0.0000000e+00   6.3600000e+00
   2.0170000e+03   8.0000000e+00   8.0000000e+00   8.0000000e+00   1.7000000e+01   0.0000000e+00   6.0000000e+00
   2.0170000e+03   8.0000000e+00   8.0000000e+00   8.0000000e+00   1.8000000e+01   0.0000000e+00   4.5600002e+00
   2.0170000e+03   8.0000000e+00   8.0000000e+00   8.0000000e+00   1.9000000e+01   0.0000000e+00   4.2000000e+00
   2.0170000e+03   8.0000000e+00   8.0000000e+00   8.0000000e+00   2.0000000e+01   0.0000000e+00   4.2000000e+00
   2.0170000e+03   8.0000000e+00   8.0000000e+00   8.0000000e+00   2.1000000e+01   0.0000000e+00   3.2400001e+00
   2.0170000e+03   8.0000000e+00   8.0000000e+00   8.0000000e+00   2.2000000e+01   0.0000000e+00   2.0400000e+00
   2.0170000e+03   8.0000000e+00   8.0000000e+00   8.0000000e+00   2.3000000e+01   0.0000000e+00   1.8000000e+00
   2.0170000e+03   8.0000000e+00   8.0000000e+00   8.0000000e+00   2.4000000e+01   0.0000000e+00   1.8000000e+00
   2.0170000e+03   8.0000000e+00   8.0000000e+00   8.0000000e+00   2.5000000e+01   0.0000000e+00   8.4000000e-01
   2.0170000e+03   8.0000000e+00   8.0000000e+00   8.0000000e+00   2.6000000e+01   0.0000000e+00   6.0000000e-01
   2.0170000e+03   8.0000000e+00   8.0000000e+00   8.0000000e+00   2.7000000e+01   0.0000000e+00   6.0000000e-01
   2.0170000e+03   8.0000000e+00   8.0000000e+00   8.0000000e+00   2.8000000e+01   0.0000000e+00   6.0000000e-01
   2.0170000e+03   8.0000000e+00   8.0000000e+00   8.0000000e+00   2.9000000e+01   0.0000000e+00   1.1999994e-01
   2.0170000e+03   8.0000000e+00   8.0000000e+00   8.0000000e+00   3.0000000e+01   0.0000000e+00   0.0000000e+00
   2.0170000e+03   8.0000000e+00   8.0000000e+00   8.0000000e+00   3.1000000e+01   0.0000000e+00   4.8000000e-01
   2.0170000e+03   8.0000000e+00   8.0000000e+00   8.0000000e+00   3.2000000e+01   0.0000000e+00   1.1999994e-01
   2.0170000e+03   8.0000000e+00   8.0000000e+00   8.0000000e+00   3.3000000e+01   0.0000000e+00   0.0000000e+00
   2.0170000e+03   8.0000000e+00   8.0000000e+00   8.0000000e+00   3.4000000e+01   0.0000000e+00   0.0000000e+00
   2.0170000e+03   8.0000000e+00   8.0000000e+00   8.0000000e+00   3.5000000e+01   0.0000000e+00   0.0000000e+00
   2.0170000e+03   8.0000000e+00   8.0000000e+00   8.0000000e+00   3.6000000e+01   0.0000000e+00   0.0000000e+00
   2.0170000e+03   8.0000000e+00   8.0000000e+00   8.0000000e+00   3.7000000e+01   0.0000000e+00   0.0000000e+00
   2.0170000e+03   8.0000000e+00   8.0000000e+00   8.0000000e+00   3.8000000e+01   0.0000000e+00   0.0000000e+00
   2.0170000e+03   8.0000000e+00   8.0000000e+00   8.0000000e+00   3.9000000e+01   0.0000000e+00   4.8000000e-01
   2.0170000e+03   8.0000000e+00   8.0000000e+00   8.0000000e+00   4.0000000e+01   0.0000000e+00   6.0000000e-01
   2.0170000e+03   8.0000000e+00   8.0000000e+00   8.0000000e+00   4.1000000e+01   0.0000000e+00   2.0400000e+00
   2.0170000e+03   8.0000000e+00   8.0000000e+00   8.0000000e+00   4.2000000e+01   0.0000000e+00   3.3600000e+00
   2.0170000e+03   8.0000000e+00   8.0000000e+00   8.0000000e+00   4.3000000e+01   0.0000000e+00   5.0400002e+00
   2.0170000e+03   8.0000000e+00   8.0000000e+00   8.0000000e+00   4.4000000e+01   0.0000000e+00   4.4400000e+00
   2.0170000e+03   8.0000000e+00   8.0000000e+00   8.0000000e+00   4.5000000e+01   0.0000000e+00   4.2000000e+00
   2.0170000e+03   8.0000000e+00   8.0000000e+00   8.0000000e+00   4.6000000e+01   0.0000000e+00   5.1599999e+00
   2.0170000e+03   8.0000000e+00   8.0000000e+00   8.0000000e+00   4.7000000e+01   0.0000000e+00   4.9200000e+00
   2.0170000e+03   8.0000000e+00   8.0000000e+00   8.0000000e+00   4.8000000e+01   0.0000000e+00   4.8000000e+00
   2.0170000e+03   8.0000000e+00   8.0000000e+00   8.0000000e+00   4.9000000e+01   0.0000000e+00   4.8000000e+00
   2.0170000e+03   8.0000000e+00   8.0000000e+00   8.0000000e+00   5.0000000e+01   0.0000000e+00   3.8400000e+00
   2.0170000e+03   8.0000000e+00   8.0000000e+00   8.0000000e+00   5.1000000e+01   0.0000000e+00   4.5600000e+00
   2.0170000e+03   8.0000000e+00   8.0000000e+00   8.0000000e+00   5.2000000e+01   0.0000000e+00   3.8400000e+00
   2.0170000e+03   8.0000000e+00   8.0000000e+00   8.0000000e+00   5.3000000e+01   0.0000000e+00   4.0800000e+00
   2.0170000e+03   8.0000000e+00   8.0000000e+00   8.0000000e+00   5.4000000e+01   0.0000000e+00   3.7200000e+00
   2.0170000e+03   8.0000000e+00   8.0000000e+00   8.0000000e+00   5.5000000e+01   0.0000000e+00   4.5600000e+00
   2.0170000e+03   8.0000000e+00   8.0000000e+00   8.0000000e+00   5.6000000e+01   0.0000000e+00   4.3200000e+00
   2.0170000e+03   8.0000000e+00   8.0000000e+00   8.0000000e+00   5.7000000e+01   0.0000000e+00   3.7199999e+00
   2.0170000e+03   8.0000000e+00   8.0000000e+00   8.0000000e+00   5.8000000e+01   0.0000000e+00   2.6400000e+00
   2.0170000e+03   8.0000000e+00   8.0000000e+00   8.0000000e+00   5.9000000e+01   0.0000000e+00   1.9200000e+00
   2.0170000e+03   8.0000000e+00   8.0000000e+00   9.0000000e+00   0.0000000e+00   0.0000000e+00   1.8000000e+00
   2.0170000e+03   8.0000000e+00   8.0000000e+00   9.0000000e+00   1.0000000e+00   0.0000000e+00   1.3200000e+00
   2.0170000e+03   8.0000000e+00   8.0000000e+00   9.0000000e+00   2.0000000e+00   0.0000000e+00   1.2000000e+00
   2.0170000e+03   8.0000000e+00   8.0000000e+00   9.0000000e+00   3.0000000e+00   0.0000000e+00   7.2000006e-01
   2.0170000e+03   8.0000000e+00   8.0000000e+00   9.0000000e+00   4.0000000e+00   0.0000000e+00   6.0000000e-01
   2.0170000e+03   8.0000000e+00   8.0000000e+00   9.0000000e+00   5.0000000e+00   0.0000000e+00   6.0000000e-01
   2.0170000e+03   8.0000000e+00   8.0000000e+00   9.0000000e+00   6.0000000e+00   0.0000000e+00   6.0000000e-01
   2.0170000e+03   8.0000000e+00   8.0000000e+00   9.0000000e+00   7.0000000e+00   0.0000000e+00   6.0000000e-01
   2.0170000e+03   8.0000000e+00   8.0000000e+00   9.0000000e+00   8.0000000e+00   0.0000000e+00   6.0000000e-01
   2.0170000e+03   8.0000000e+00   8.0000000e+00   9.0000000e+00   9.0000000e+00   0.0000000e+00   1.2000000e-01
   2.0170000e+03   8.0000000e+00   8.0000000e+00   9.0000000e+00   1.0000000e+01   0.0000000e+00   0.0000000e+00
   2.0170000e+03   8.0000000e+00   8.0000000e+00   9.0000000e+00   1.1000000e+01   0.0000000e+00   4.8000006e-01
   2.0170000e+03   8.0000000e+00   8.0000000e+00   9.0000000e+00   1.2000000e+01   0.0000000e+00   1.1999998e-01
   2.0170000e+03   8.0000000e+00   8.0000000e+00   9.0000000e+00   1.3000000e+01   0.0000000e+00   0.0000000e+00
   2.0170000e+03   8.0000000e+00   8.0000000e+00   9.0000000e+00   1.4000000e+01   0.0000000e+00   0.0000000e+00
   2.0170000e+03   8.0000000e+00   8.0000000e+00   9.0000000e+00   1.5000000e+01   0.0000000e+00   4.8000002e-01
   2.0170000e+03   8.0000000e+00   8.0000000e+00   9.0000000e+00   1.6000000e+01   0.0000000e+00   1.2000000e-01
   2.0170000e+03   8.0000000e+00   8.0000000e+00   9.0000000e+00   1.7000000e+01   0.0000000e+00   0.0000000e+00
   2.0170000e+03   8.0000000e+00   8.0000000e+00   9.0000000e+00   1.8000000e+01   0.0000000e+00   0.0000000e+00
   2.0170000e+03   8.0000000e+00   8.0000000e+00   9.0000000e+00   1.9000000e+01   0.0000000e+00   0.0000000e+00
   2.0170000e+03   8.0000000e+00   8.0000000e+00   9.0000000e+00   2.0000000e+01   0.0000000e+00   0.0000000e+00
   2.0170000e+03   8.0000000e+00   8.0000000e+00   9.0000000e+00   2.1000000e+01   0.0000000e+00   4.7999998e-01
   2.0170000e+03   8.0000000e+00   8.0000000e+00   9.0000000e+00   2.2000000e+01   0.0000000e+00   1.2000000e-01
   2.0170000e+03   8.0000000e+00   8.0000000e+00   9.0000000e+00   2.3000000e+01   0.0000000e+00   0.0000000e+00
   2.0170000e+03   8.0000000e+00   8.0000000e+00   9.0000000e+00   2.4000000e+01   0.0000000e+00   0.0000000e+00
   2.0170000e+03   8.0000000e+00   8.0000000e+00   9.0000000e+00   2.5000000e+01   0.0000000e+00   0.0000000e+00
   2.0170000e+03   8.0000000e+00   8.0000000e+00   9.0000000e+00   2.6000000e+01   0.0000000e+00   0.0000000e+00
   2.0170000e+03   8.0000000e+00   8.0000000e+00   9.0000000e+00   2.7000000e+01   0.0000000e+00   0.0000000e+00
   2.0170000e+03   8.0000000e+00   8.0000000e+00   9.0000000e+00   2.8000000e+01   0.0000000e+00   0.0000000e+00
   2.0170000e+03   8.0000000e+00   8.0000000e+00   9.0000000e+00   2.9000000e+01   0.0000000e+00   0.0000000e+00
   2.0170000e+03   8.0000000e+00   8.0000000e+00   9.0000000e+00   3.0000000e+01   0.0000000e+00   0.0000000e+00
   2.0170000e+03   8.0000000e+00   8.0000000e+00   9.0000000e+00   3.1000000e+01   0.0000000e+00   4.7999994e-01
   2.0170000e+03   8.0000000e+00   8.0000000e+00   9.0000000e+00   3.2000000e+01   0.0000000e+00   1.2000002e-01
   2.0170000e+03   8.0000000e+00   8.0000000e+00   9.0000000e+00   3.3000000e+01   0.0000000e+00   0.0000000e+00
   2.0170000e+03   8.0000000e+00   8.0000000e+00   9.0000000e+00   3.4000000e+01   0.0000000e+00   0.0000000e+00
   2.0170000e+03   8.0000000e+00   8.0000000e+00   9.0000000e+00   3.5000000e+01   0.0000000e+00   1.4400000e+00
   2.0170000e+03   8.0000000e+00   8.0000000e+00   9.0000000e+00   3.6000000e+01   0.0000000e+00   3.7200000e+00
   2.0170000e+03   8.0000000e+00   8.0000000e+00   9.0000000e+00   3.7000000e+01   0.0000000e+00   4.2000000e+00
   2.0170000e+03   8.0000000e+00   8.0000000e+00   9.0000000e+00   3.8000000e+01   0.0000000e+00   6.1200000e+00
   2.0170000e+03   8.0000000e+00   8.0000000e+00   9.0000000e+00   3.9000000e+01   0.0000000e+00   1.0440000e+01
   2.0170000e+03   8.0000000e+00   8.0000000e+00   9.0000000e+00   4.0000000e+01   0.0000000e+00   1.0920000e+01
   2.0170000e+03   8.0000000e+00   8.0000000e+00   9.0000000e+00   4.1000000e+01   0.0000000e+00   1.2240000e+01
   2.0170000e+03   8.0000000e+00   8.0000000e+00   9.0000000e+00   4.2000000e+01   0.0000000e+00   1.0680000e+01
   2.0170000e+03   8.0000000e+00   8.0000000e+00   9.0000000e+00   4.3000000e+01   0.0000000e+00   6.3599999e+00
   2.0170000e+03   8.0000000e+00   8.0000000e+00   9.0000000e+00   4.4000000e+01   0.0000000e+00   3.0000000e+00
   2.0170000e+03   8.0000000e+00   8.0000000e+00   9.0000000e+00   4.5000000e+01   0.0000000e+00   1.9199999e+00
   2.0170000e+03   8.0000000e+00   8.0000000e+00   9.0000000e+00   4.6000000e+01   0.0000000e+00   1.3200000e+00
   2.0170000e+03   8.0000000e+00   8.0000000e+00   9.0000000e+00   4.7000000e+01   0.0000000e+00   1.2000000e+00
   2.0170000e+03   8.0000000e+00   8.0000000e+00   9.0000000e+00   4.8000000e+01   0.0000000e+00   1.2000000e+00
   2.0170000e+03   8.0000000e+00   8.0000000e+00   9.0000000e+00   4.9000000e+01   0.0000000e+00   1.2000000e+00
   2.0170000e+03   8.0000000e+00   8.0000000e+00   9.0000000e+00   5.0000000e+01   0.0000000e+00   7.2000000e-01
   2.0170000e+03   8.0000000e+00   8.0000000e+00   9.0000000e+00   5.1000000e+01   0.0000000e+00   6.0000000e-01
   2.0170000e+03   8.0000000e+00   8.0000000e+00   9.0000000e+00   5.2000000e+01   0.0000000e+00   6.0000000e-01
   2.0170000e+03   8.0000000e+00   8.0000000e+00   9.0000000e+00   5.3000000e+01   0.0000000e+00   1.2000000e-01
   2.0170000e+03   8.0000000e+00   8.0000000e+00   9.0000000e+00   5.4000000e+01   0.0000000e+00   4.8000000e-01
   2.0170000e+03   8.0000000e+00   8.0000000e+00   9.0000000e+00   5.5000000e+01   0.0000000e+00   1.2000000e-01
   2.0170000e+03   8.0000000e+00   8.0000000e+00   9.0000000e+00   5.6000000e+01   0.0000000e+00   0.0000000e+00
   2.0170000e+03   8.0000000e+00   8.0000000e+00   9.0000000e+00   5.7000000e+01   0.0000000e+00   0.0000000e+00
   2.0170000e+03   8.0000000e+00   8.0000000e+00   9.0000000e+00   5.8000000e+01   0.0000000e+00   4.8000000e-01
   2.0170000e+03   8.0000000e+00   8.0000000e+00   9.0000000e+00   5.9000000e+01   0.0000000e+00   1.1999994e-01
   2.0170000e+03   8.0000000e+00   8.0000000e+00   1.0000000e+01   0.0000000e+00   0.0000000e+00   0.0000000e+00
   2.0170000e+03   8.0000000e+00   8.0000000e+00   1.0000000e+01   1.0000000e+00   0.0000000e+00   0.0000000e+00
   2.0170000e+03   8.0000000e+00   8.0000000e+00   1.0000000e+01   2.0000000e+00   0.0000000e+00   0.0000000e+00
   2.0170000e+03   8.0000000e+00   8.0000000e+00   1.0000000e+01   3.0000000e+00   0.0000000e+00   0.0000000e+00
   2.0170000e+03   8.0000000e+00   8.0000000e+00   1.0000000e+01   4.0000000e+00   0.0000000e+00   4.8000000e-01
   2.0170000e+03   8.0000000e+00   8.0000000e+00   1.0000000e+01   5.0000000e+00   0.0000000e+00   1.2000006e-01
   2.0170000e+03   8.0000000e+00   8.0000000e+00   1.0000000e+01   6.0000000e+00   0.0000000e+00   0.0000000e+00
   2.0170000e+03   8.0000000e+00   8.0000000e+00   1.0000000e+01   7.0000000e+00   0.0000000e+00   0.0000000e+00
   2.0170000e+03   8.0000000e+00   8.0000000e+00   1.0000000e+01   8.0000000e+00   0.0000000e+00   0.0000000e+00
   2.0170000e+03   8.0000000e+00   8.0000000e+00   1.0000000e+01   9.0000000e+00   0.0000000e+00   0.0000000e+00
   2.0170000e+03   8.0000000e+00   8.0000000e+00   1.0000000e+01   1.0000000e+01   0.0000000e+00   0.0000000e+00
   2.0170000e+03   8.0000000e+00   8.0000000e+00   1.0000000e+01   1.1000000e+01   0.0000000e+00   0.0000000e+00
   2.0170000e+03   8.0000000e+00   8.0000000e+00   1.0000000e+01   1.2000000e+01   0.0000000e+00   0.0000000e+00
   2.0170000e+03   8.0000000e+00   8.0000000e+00   1.0000000e+01   1.3000000e+01   0.0000000e+00   0.0000000e+00
   2.0170000e+03   8.0000000e+00   8.0000000e+00   1.0000000e+01   1.4000000e+01   0.0000000e+00   0.0000000e+00
   2.0170000e+03   8.0000000e+00   8.0000000e+00   1.0000000e+01   1.5000000e+01   0.0000000e+00   0.0000000e+00
   2.0170000e+03   8.0000000e+00   8.0000000e+00   1.0000000e+01   1.6000000e+01   0.0000000e+00   1.4399998e+00
   2.0170000e+03   8.0000000e+00   8.0000000e+00   1.0000000e+01   1.7000000e+01   0.0000000e+00   3.2400000e+00
   2.0170000e+03   8.0000000e+00   8.0000000e+00   1.0000000e+01   1.8000000e+01   0.0000000e+00   4.0800000e+00
   2.0170000e+03   8.0000000e+00   8.0000000e+00   1.0000000e+01   1.9000000e+01   0.0000000e+00   3.7200001e+00
   2.0170000e+03   8.0000000e+00   8.0000000e+00   1.0000000e+01   2.0000000e+01   0.0000000e+00   3.6000000e+00
   2.0170000e+03   8.0000000e+00   8.0000000e+00   1.0000000e+01   2.1000000e+01   0.0000000e+00   3.6000000e+00
   2.0170000e+03   8.0000000e+00   8.0000000e+00   1.0000000e+01   2.2000000e+01   0.0000000e+00   4.0800000e+00
   2.0170000e+03   8.0000000e+00   8.0000000e+00   1.0000000e+01   2.3000000e+01   0.0000000e+00   4.6800000e+00
   2.0170000e+03   8.0000000e+00   8.0000000e+00   1.0000000e+01   2.4000000e+01   0.0000000e+00   3.8400000e+00
   2.0170000e+03   8.0000000e+00   8.0000000e+00   1.0000000e+01   2.5000000e+01   0.0000000e+00   4.0800000e+00
   2.0170000e+03   8.0000000e+00   8.0000000e+00   1.0000000e+01   2.6000000e+01   0.0000000e+00   5.1600000e+00
   2.0170000e+03   8.0000000e+00   8.0000000e+00   1.0000000e+01   2.7000000e+01   0.0000000e+00   5.4000000e+00
   2.0170000e+03   8.0000000e+00   8.0000000e+00   1.0000000e+01   2.8000000e+01   0.0000000e+00   6.3600000e+00
   2.0170000e+03   8.0000000e+00   8.0000000e+00   1.0000000e+01   2.9000000e+01   0.0000000e+00   5.6400000e+00
   2.0170000e+03   8.0000000e+00   8.0000000e+00   1.0000000e+01   3.0000000e+01   0.0000000e+00   7.3200002e+00
   2.0170000e+03   8.0000000e+00   8.0000000e+00   1.0000000e+01   3.1000000e+01   0.0000000e+00   7.8000000e+00
   2.0170000e+03   8.0000000e+00   8.0000000e+00   1.0000000e+01   3.2000000e+01   0.0000000e+00   7.8000000e+00
   2.0170000e+03   8.0000000e+00   8.0000000e+00   1.0000000e+01   3.3000000e+01   0.0000000e+00   7.8000000e+00
   2.0170000e+03   8.0000000e+00   8.0000000e+00   1.0000000e+01   3.4000000e+01   0.0000000e+00   9.2400000e+00
   2.0170000e+03   8.0000000e+00   8.0000000e+00   1.0000000e+01   3.5000000e+01   0.0000000e+00   9.6000000e+00
   2.0170000e+03   8.0000000e+00   8.0000000e+00   1.0000000e+01   3.6000000e+01   0.0000000e+00   8.1600002e+00
   2.0170000e+03   8.0000000e+00   8.0000000e+00   1.0000000e+01   3.7000000e+01   0.0000000e+00   7.3200000e+00
   2.0170000e+03   8.0000000e+00   8.0000000e+00   1.0000000e+01   3.8000000e+01   0.0000000e+00   6.2400000e+00
   2.0170000e+03   8.0000000e+00   8.0000000e+00   1.0000000e+01   3.9000000e+01   0.0000000e+00   7.9200000e+00
   2.0170000e+03   8.0000000e+00   8.0000000e+00   1.0000000e+01   4.0000000e+01   0.0000000e+00   9.8400000e+00
   2.0170000e+03   8.0000000e+00   8.0000000e+00   1.0000000e+01   4.1000000e+01   0.0000000e+00   8.2799998e+00
   2.0170000e+03   8.0000000e+00   8.0000000e+00   1.0000000e+01   4.2000000e+01   0.0000000e+00   9.2400000e+00
   2.0170000e+03   8.0000000e+00   8.0000000e+00   1.0000000e+01   4.3000000e+01   0.0000000e+00   7.2000000e+00
   2.0170000e+03   8.0000000e+00   8.0000000e+00   1.0000000e+01   4.4000000e+01   0.0000000e+00   6.6000000e+00
   2.0170000e+03   8.0000000e+00   8.0000000e+00   1.0000000e+01   4.5000000e+01   0.0000000e+00   8.5200001e+00
   2.0170000e+03   8.0000000e+00   8.0000000e+00   1.0000000e+01   4.6000000e+01   0.0000000e+00   9.9600000e+00
   2.0170000e+03   8.0000000e+00   8.0000000e+00   1.0000000e+01   4.7000000e+01   0.0000000e+00   1.0200000e+01
   2.0170000e+03   8.0000000e+00   8.0000000e+00   1.0000000e+01   4.8000000e+01   0.0000000e+00   9.7200000e+00
   2.0170000e+03   8.0000000e+00   8.0000000e+00   1.0000000e+01   4.9000000e+01   0.0000000e+00   9.1200000e+00
   2.0170000e+03   8.0000000e+00   8.0000000e+00   1.0000000e+01   5.0000000e+01   0.0000000e+00   8.5200001e+00
   2.0170000e+03   8.0000000e+00   8.0000000e+00   1.0000000e+01   5.1000000e+01   0.0000000e+00   7.9200000e+00
   2.0170000e+03   8.0000000e+00   8.0000000e+00   1.0000000e+01   5.2000000e+01   0.0000000e+00   7.8000000e+00
   2.0170000e+03   8.0000000e+00   8.0000000e+00   1.0000000e+01   5.3000000e+01   0.0000000e+00   7.3200000e+00
   2.0170000e+03   8.0000000e+00   8.0000000e+00   1.0000000e+01   5.4000000e+01   0.0000000e+00   7.2000000e+00
   2.0170000e+03   8.0000000e+00   8.0000000e+00   1.0000000e+01   5.5000000e+01   0.0000000e+00   7.2000000e+00
   2.0170000e+03   8.0000000e+00   8.0000000e+00   1.0000000e+01   5.6000000e+01   0.0000000e+00   6.2400000e+00
   2.0170000e+03   8.0000000e+00   8.0000000e+00   1.0000000e+01   5.7000000e+01   0.0000000e+00   6.4800000e+00
   2.0170000e+03   8.0000000e+00   8.0000000e+00   1.0000000e+01   5.8000000e+01   0.0000000e+00   6.6000000e+00
   2.0170000e+03   8.0000000e+00   8.0000000e+00   1.0000000e+01   5.9000000e+01   0.0000000e+00   4.6799999e+00
   2.0170000e+03   8.0000000e+00   8.0000000e+00   1.1000000e+01   0.0000000e+00   0.0000000e+00   3.7200000e+00
   2.0170000e+03   8.0000000e+00   8.0000000e+00   1.1000000e+01   1.0000000e+00   0.0000000e+00   3.6000000e+00
   2.0170000e+03   8.0000000e+00   8.0000000e+00   1.1000000e+01   2.0000000e+00   0.0000000e+00   4.5600000e+00
   2.0170000e+03   8.0000000e+00   8.0000000e+00   1.1000000e+01   3.0000000e+00   0.0000000e+00   4.8000000e+00
   2.0170000e+03   8.0000000e+00   8.0000000e+00   1.1000000e+01   4.0000000e+00   0.0000000e+00   5.2799999e+00
   2.0170000e+03   8.0000000e+00   8.0000000e+00   1.1000000e+01   5.0000000e+00   0.0000000e+00   5.8800000e+00
   2.0170000e+03   8.0000000e+00   8.0000000e+00   1.1000000e+01   6.0000000e+00   0.0000000e+00   6.4800000e+00
   2.0170000e+03   8.0000000e+00   8.0000000e+00   1.1000000e+01   7.0000000e+00   0.0000000e+00   7.0800000e+00
   2.0170000e+03   8.0000000e+00   8.0000000e+00   1.1000000e+01   8.0000000e+00   0.0000000e+00   5.7600000e+00
   2.0170000e+03   8.0000000e+00   8.0000000e+00   1.1000000e+01   9.0000000e+00   0.0000000e+00   5.8800000e+00
   2.0170000e+03   8.0000000e+00   8.0000000e+00   1.1000000e+01   1.0000000e+01   0.0000000e+00   5.5200000e+00
   2.0170000e+03   8.0000000e+00   8.0000000e+00   1.1000000e+01   1.1000000e+01   0.0000000e+00   6.3600000e+00
   2.0170000e+03   8.0000000e+00   8.0000000e+00   1.1000000e+01   1.2000000e+01   0.0000000e+00   7.5600001e+00
   2.0170000e+03   8.0000000e+00   8.0000000e+00   1.1000000e+01   1.3000000e+01   0.0000000e+00   1.1640000e+01
   2.0170000e+03   8.0000000e+00   8.0000000e+00   1.1000000e+01   1.4000000e+01   0.0000000e+00   1.2600000e+01
   2.0170000e+03   8.0000000e+00   8.0000000e+00   1.1000000e+01   1.5000000e+01   0.0000000e+00   9.2399996e+00
   2.0170000e+03   8.0000000e+00   8.0000000e+00   1.1000000e+01   1.6000000e+01   0.0000000e+00   7.9200000e+00
   2.0170000e+03   8.0000000e+00   8.0000000e+00   1.1000000e+01   1.7000000e+01   0.0000000e+00   8.2800000e+00
   2.0170000e+03   8.0000000e+00   8.0000000e+00   1.1000000e+01   1.8000000e+01   0.0000000e+00   7.9200001e+00
   2.0170000e+03   8.0000000e+00   8.0000000e+00   1.1000000e+01   1.9000000e+01   0.0000000e+00   5.4000001e+00
   2.0170000e+03   8.0000000e+00   8.0000000e+00   1.1000000e+01   2.0000000e+01   0.0000000e+00   4.3200000e+00
   2.0170000e+03   8.0000000e+00   8.0000000e+00   1.1000000e+01   2.1000000e+01   0.0000000e+00   4.2000000e+00
   2.0170000e+03   8.0000000e+00   8.0000000e+00   1.1000000e+01   2.2000000e+01   0.0000000e+00   3.7200000e+00
   2.0170000e+03   8.0000000e+00   8.0000000e+00   1.1000000e+01   2.3000000e+01   0.0000000e+00   2.6400000e+00
   2.0170000e+03   8.0000000e+00   8.0000000e+00   1.1000000e+01   2.4000000e+01   0.0000000e+00   1.4400000e+00
   2.0170000e+03   8.0000000e+00   8.0000000e+00   1.1000000e+01   2.5000000e+01   0.0000000e+00   1.2000000e+00
   2.0170000e+03   8.0000000e+00   8.0000000e+00   1.1000000e+01   2.6000000e+01   0.0000000e+00   7.1999994e-01
   2.0170000e+03   8.0000000e+00   8.0000000e+00   1.1000000e+01   2.7000000e+01   0.0000000e+00   1.0800000e+00
   2.0170000e+03   8.0000000e+00   8.0000000e+00   1.1000000e+01   2.8000000e+01   0.0000000e+00   1.2000000e+00
   2.0170000e+03   8.0000000e+00   8.0000000e+00   1.1000000e+01   2.9000000e+01   0.0000000e+00   1.2000000e+00
   2.0170000e+03   8.0000000e+00   8.0000000e+00   1.1000000e+01   3.0000000e+01   0.0000000e+00   1.2000000e+00
   2.0170000e+03   8.0000000e+00   8.0000000e+00   1.1000000e+01   3.1000000e+01   0.0000000e+00   1.6800000e+00
   2.0170000e+03   8.0000000e+00   8.0000000e+00   1.1000000e+01   3.2000000e+01   0.0000000e+00   2.7600001e+00
   2.0170000e+03   8.0000000e+00   8.0000000e+00   1.1000000e+01   3.3000000e+01   0.0000000e+00   3.0000000e+00
   2.0170000e+03   8.0000000e+00   8.0000000e+00   1.1000000e+01   3.4000000e+01   0.0000000e+00   3.0000000e+00
   2.0170000e+03   8.0000000e+00   8.0000000e+00   1.1000000e+01   3.5000000e+01   0.0000000e+00   3.4799999e+00
   2.0170000e+03   8.0000000e+00   8.0000000e+00   1.1000000e+01   3.6000000e+01   0.0000000e+00   4.5600000e+00
   2.0170000e+03   8.0000000e+00   8.0000000e+00   1.1000000e+01   3.7000000e+01   0.0000000e+00   4.3200000e+00
   2.0170000e+03   8.0000000e+00   8.0000000e+00   1.1000000e+01   3.8000000e+01   0.0000000e+00   4.2000000e+00
   2.0170000e+03   8.0000000e+00   8.0000000e+00   1.1000000e+01   3.9000000e+01   0.0000000e+00   3.7200000e+00
   2.0170000e+03   8.0000000e+00   8.0000000e+00   1.1000000e+01   4.0000000e+01   0.0000000e+00   2.6400000e+00
   2.0170000e+03   8.0000000e+00   8.0000000e+00   1.1000000e+01   4.1000000e+01   0.0000000e+00   1.9200000e+00
   2.0170000e+03   8.0000000e+00   8.0000000e+00   1.1000000e+01   4.2000000e+01   0.0000000e+00   1.3200000e+00
   2.0170000e+03   8.0000000e+00   8.0000000e+00   1.1000000e+01   4.3000000e+01   0.0000000e+00   7.1999994e-01
   2.0170000e+03   8.0000000e+00   8.0000000e+00   1.1000000e+01   4.4000000e+01   0.0000000e+00   1.0800000e+00
   2.0170000e+03   8.0000000e+00   8.0000000e+00   1.1000000e+01   4.5000000e+01   0.0000000e+00   7.2000000e-01
   2.0170000e+03   8.0000000e+00   8.0000000e+00   1.1000000e+01   4.6000000e+01   0.0000000e+00   6.0000000e-01
   2.0170000e+03   8.0000000e+00   8.0000000e+00   1.1000000e+01   4.7000000e+01   0.0000000e+00   6.0000000e-01
   2.0170000e+03   8.0000000e+00   8.0000000e+00   1.1000000e+01   4.8000000e+01   0.0000000e+00   6.0000000e-01
   2.0170000e+03   8.0000000e+00   8.0000000e+00   1.1000000e+01   4.9000000e+01   0.0000000e+00   1.0799999e+00
   2.0170000e+03   8.0000000e+00   8.0000000e+00   1.1000000e+01   5.0000000e+01   0.0000000e+00   1.2000000e+00
   2.0170000e+03   8.0000000e+00   8.0000000e+00   1.1000000e+01   5.1000000e+01   0.0000000e+00   1.2000000e+00
   2.0170000e+03   8.0000000e+00   8.0000000e+00   1.1000000e+01   5.2000000e+01   0.0000000e+00   2.1600000e+00
   2.0170000e+03   8.0000000e+00   8.0000000e+00   1.1000000e+01   5.3000000e+01   0.0000000e+00   2.8800000e+00
   2.0170000e+03   8.0000000e+00   8.0000000e+00   1.1000000e+01   5.4000000e+01   0.0000000e+00   2.5200000e+00
   2.0170000e+03   8.0000000e+00   8.0000000e+00   1.1000000e+01   5.5000000e+01   0.0000000e+00   2.4000000e+00
   2.0170000e+03   8.0000000e+00   8.0000000e+00   1.1000000e+01   5.6000000e+01   0.0000000e+00   1.9200000e+00
   2.0170000e+03   8.0000000e+00   8.0000000e+00   1.1000000e+01   5.7000000e+01   0.0000000e+00   1.8000000e+00
   2.0170000e+03   8.0000000e+00   8.0000000e+00   1.1000000e+01   5.8000000e+01   0.0000000e+00   2.7600000e+00
   2.0170000e+03   8.0000000e+00   8.0000000e+00   1.1000000e+01   5.9000000e+01   0.0000000e+00   2.5200000e+00
   2.0170000e+03   8.0000000e+00   8.0000000e+00   1.2000000e+01   0.0000000e+00   0.0000000e+00   2.8800001e+00
   2.0170000e+03   8.0000000e+00   8.0000000e+00   1.2000000e+01   1.0000000e+00   0.0000000e+00   2.5200000e+00
   2.0170000e+03   8.0000000e+00   8.0000000e+00   1.2000000e+01   2.0000000e+00   0.0000000e+00   1.9200000e+00
   2.0170000e+03   8.0000000e+00   8.0000000e+00   1.2000000e+01   3.0000000e+00   0.0000000e+00   1.3200001e+00
   2.0170000e+03   8.0000000e+00   8.0000000e+00   1.2000000e+01   4.0000000e+00   0.0000000e+00   1.2000000e+00
   2.0170000e+03   8.0000000e+00   8.0000000e+00   1.2000000e+01   5.0000000e+00   0.0000000e+00   7.2000000e-01
   2.0170000e+03   8.0000000e+00   8.0000000e+00   1.2000000e+01   6.0000000e+00   0.0000000e+00   6.0000000e-01
   2.0170000e+03   8.0000000e+00   8.0000000e+00   1.2000000e+01   7.0000000e+00   0.0000000e+00   6.0000000e-01
   2.0170000e+03   8.0000000e+00   8.0000000e+00   1.2000000e+01   8.0000000e+00   0.0000000e+00   1.2000000e-01
   2.0170000e+03   8.0000000e+00   8.0000000e+00   1.2000000e+01   9.0000000e+00   0.0000000e+00   4.8000000e-01
   2.0170000e+03   8.0000000e+00   8.0000000e+00   1.2000000e+01   1.0000000e+01   0.0000000e+00   6.0000000e-01
   2.0170000e+03   8.0000000e+00   8.0000000e+00   1.2000000e+01   1.1000000e+01   0.0000000e+00   1.1999994e-01
   2.0170000e+03   8.0000000e+00   8.0000000e+00   1.2000000e+01   1.2000000e+01   0.0000000e+00   0.0000000e+00
   2.0170000e+03   8.0000000e+00   8.0000000e+00   1.2000000e+01   1.3000000e+01   0.0000000e+00   4.8000000e-01
   2.0170000e+03   8.0000000e+00   8.0000000e+00   1.2000000e+01   1.4000000e+01   0.0000000e+00   1.1999994e-01
   2.0170000e+03   8.0000000e+00   8.0000000e+00   1.2000000e+01   1.5000000e+01   0.0000000e+00   0.0000000e+00
   2.0170000e+03   8.0000000e+00   8.0000000e+00   1.2000000e+01   1.6000000e+01   0.0000000e+00   0.0000000e+00
   2.0170000e+03   8.0000000e+00   8.0000000e+00   1.2000000e+01   1.7000000e+01   0.0000000e+00   0.0000000e+00
   2.0170000e+03   8.0000000e+00   8.0000000e+00   1.2000000e+01   1.8000000e+01   0.0000000e+00   4.8000002e-01
   2.0170000e+03   8.0000000e+00   8.0000000e+00   1.2000000e+01   1.9000000e+01   0.0000000e+00   6.0000000e-01
   2.0170000e+03   8.0000000e+00   8.0000000e+00   1.2000000e+01   2.0000000e+01   0.0000000e+00   2.0399998e+00
   2.0170000e+03   8.0000000e+00   8.0000000e+00   1.2000000e+01   2.1000000e+01   0.0000000e+00   3.3600000e+00
   2.0170000e+03   8.0000000e+00   8.0000000e+00   1.2000000e+01   2.2000000e+01   0.0000000e+00   4.0800000e+00
   2.0170000e+03   8.0000000e+00   8.0000000e+00   1.2000000e+01   2.3000000e+01   0.0000000e+00   4.2000000e+00
   2.0170000e+03   8.0000000e+00   8.0000000e+00   1.2000000e+01   2.4000000e+01   0.0000000e+00   4.6800000e+00
   2.0170000e+03   8.0000000e+00   8.0000000e+00   1.2000000e+01   2.5000000e+01   0.0000000e+00   3.3600000e+00
   2.0170000e+03   8.0000000e+00   8.0000000e+00   1.2000000e+01   2.6000000e+01   0.0000000e+00   3.4800000e+00
   2.0170000e+03   8.0000000e+00   8.0000000e+00   1.2000000e+01   2.7000000e+01   0.0000000e+00   2.6400000e+00
   2.0170000e+03   8.0000000e+00   8.0000000e+00   1.2000000e+01   2.8000000e+01   0.0000000e+00   2.8800001e+00
   2.0170000e+03   8.0000000e+00   8.0000000e+00   1.2000000e+01   2.9000000e+01   0.0000000e+00   4.4400000e+00
   2.0170000e+03   8.0000000e+00   8.0000000e+00   1.2000000e+01   3.0000000e+01   0.0000000e+00   7.6800000e+00
   2.0170000e+03   8.0000000e+00   8.0000000e+00   1.2000000e+01   3.1000000e+01   0.0000000e+00   6.4800002e+00
   2.0170000e+03   8.0000000e+00   8.0000000e+00   1.2000000e+01   3.2000000e+01   0.0000000e+00   6.0000000e+00
   2.0170000e+03   8.0000000e+00   8.0000000e+00   1.2000000e+01   3.3000000e+01   0.0000000e+00   4.0800000e+00
   2.0170000e+03   8.0000000e+00   8.0000000e+00   1.2000000e+01   3.4000000e+01   0.0000000e+00   2.6400001e+00
   2.0170000e+03   8.0000000e+00   8.0000000e+00   1.2000000e+01   3.5000000e+01   0.0000000e+00   2.4000000e+00
   2.0170000e+03   8.0000000e+00   8.0000000e+00   1.2000000e+01   3.6000000e+01   0.0000000e+00   1.9200000e+00
   2.0170000e+03   8.0000000e+00   8.0000000e+00   1.2000000e+01   3.7000000e+01   0.0000000e+00   8.4000000e-01
   2.0170000e+03   8.0000000e+00   8.0000000e+00   1.2000000e+01   3.8000000e+01   0.0000000e+00   1.0800000e+00
   2.0170000e+03   8.0000000e+00   8.0000000e+00   1.2000000e+01   3.9000000e+01   0.0000000e+00   2.4000000e-01
   2.0170000e+03   8.0000000e+00   8.0000000e+00   1.2000000e+01   4.0000000e+01   0.0000000e+00   4.8000000e-01
   2.0170000e+03   8.0000000e+00   8.0000000e+00   1.2000000e+01   4.1000000e+01   0.0000000e+00   6.0000000e-01
   2.0170000e+03   8.0000000e+00   8.0000000e+00   1.2000000e+01   4.2000000e+01   0.0000000e+00   6.0000000e-01
   2.0170000e+03   8.0000000e+00   8.0000000e+00   1.2000000e+01   4.3000000e+01   0.0000000e+00   6.0000000e-01
   2.0170000e+03   8.0000000e+00   8.0000000e+00   1.2000000e+01   4.4000000e+01   0.0000000e+00   1.2000000e-01
   2.0170000e+03   8.0000000e+00   8.0000000e+00   1.2000000e+01   4.5000000e+01   0.0000000e+00   4.8000006e-01
   2.0170000e+03   8.0000000e+00   8.0000000e+00   1.2000000e+01   4.6000000e+01   0.0000000e+00   6.0000000e-01
   2.0170000e+03   8.0000000e+00   8.0000000e+00   1.2000000e+01   4.7000000e+01   0.0000000e+00   1.0800000e+00
   2.0170000e+03   8.0000000e+00   8.0000000e+00   1.2000000e+01   4.8000000e+01   0.0000000e+00   7.2000006e-01
   2.0170000e+03   8.0000000e+00   8.0000000e+00   1.2000000e+01   4.9000000e+01   0.0000000e+00   6.0000000e-01
   2.0170000e+03   8.0000000e+00   8.0000000e+00   1.2000000e+01   5.0000000e+01   0.0000000e+00   2.0400000e+00
   2.0170000e+03   8.0000000e+00   8.0000000e+00   1.2000000e+01   5.1000000e+01   0.0000000e+00   1.9200001e+00
   2.0170000e+03   8.0000000e+00   8.0000000e+00   1.2000000e+01   5.2000000e+01   0.0000000e+00   6.5999998e+00
   2.0170000e+03   8.0000000e+00   8.0000000e+00   1.2000000e+01   5.3000000e+01   0.0000000e+00   1.3080000e+01
   2.0170000e+03   8.0000000e+00   8.0000000e+00   1.2000000e+01   5.4000000e+01   0.0000000e+00   1.0560000e+01
   2.0170000e+03   8.0000000e+00   8.0000000e+00   1.2000000e+01   5.5000000e+01   0.0000000e+00   8.6400000e+00
   2.0170000e+03   8.0000000e+00   8.0000000e+00   1.2000000e+01   5.6000000e+01   0.0000000e+00   5.9999997e+00
   2.0170000e+03   8.0000000e+00   8.0000000e+00   1.2000000e+01   5.7000000e+01   0.0000000e+00   4.4400000e+00
   2.0170000e+03   8.0000000e+00   8.0000000e+00   1.2000000e+01   5.8000000e+01   0.0000000e+00   3.7200000e+00
   2.0170000e+03   8.0000000e+00   8.0000000e+00   1.2000000e+01   5.9000000e+01   0.0000000e+00   3.1199999e+00
   2.0170000e+03   8.0000000e+00   8.0000000e+00   1.3000000e+01   0.0000000e+00   0.0000000e+00   3.0000000e+00
   2.0170000e+03   8.0000000e+00   8.0000000e+00   1.3000000e+01   1.0000000e+00   0.0000000e+00   3.4800000e+00
   2.0170000e+03   8.0000000e+00   8.0000000e+00   1.3000000e+01   2.0000000e+00   0.0000000e+00   3.6000000e+00
   2.0170000e+03   8.0000000e+00   8.0000000e+00   1.3000000e+01   3.0000000e+00   0.0000000e+00   2.6400000e+00
   2.0170000e+03   8.0000000e+00   8.0000000e+00   1.3000000e+01   4.0000000e+00   0.0000000e+00   1.9200000e+00
   2.0170000e+03   8.0000000e+00   8.0000000e+00   1.3000000e+01   5.0000000e+00   0.0000000e+00   4.1999997e+00
   2.0170000e+03   8.0000000e+00   8.0000000e+00   1.3000000e+01   6.0000000e+00   0.0000000e+00   6.7199999e+00
   2.0170000e+03   8.0000000e+00   8.0000000e+00   1.3000000e+01   7.0000000e+00   0.0000000e+00   5.7600000e+00
   2.0170000e+03   8.0000000e+00   8.0000000e+00   1.3000000e+01   8.0000000e+00   0.0000000e+00   4.9200000e+00
   2.0170000e+03   8.0000000e+00   8.0000000e+00   1.3000000e+01   9.0000000e+00   0.0000000e+00   4.3200000e+00
   2.0170000e+03   8.0000000e+00   8.0000000e+00   1.3000000e+01   1.0000000e+01   0.0000000e+00   3.7200000e+00
   2.0170000e+03   8.0000000e+00   8.0000000e+00   1.3000000e+01   1.1000000e+01   0.0000000e+00   3.1200000e+00
   2.0170000e+03   8.0000000e+00   8.0000000e+00   1.3000000e+01   1.2000000e+01   0.0000000e+00   2.5200000e+00
   2.0170000e+03   8.0000000e+00   8.0000000e+00   1.3000000e+01   1.3000000e+01   0.0000000e+00   1.9199999e+00
   2.0170000e+03   8.0000000e+00   8.0000000e+00   1.3000000e+01   1.4000000e+01   0.0000000e+00   2.2800000e+00
   2.0170000e+03   8.0000000e+00   8.0000000e+00   1.3000000e+01   1.5000000e+01   0.0000000e+00   2.4000000e+00
   2.0170000e+03   8.0000000e+00   8.0000000e+00   1.3000000e+01   1.6000000e+01   0.0000000e+00   1.4400001e+00
   2.0170000e+03   8.0000000e+00   8.0000000e+00   1.3000000e+01   1.7000000e+01   0.0000000e+00   7.2000002e-01
   2.0170000e+03   8.0000000e+00   8.0000000e+00   1.3000000e+01   1.8000000e+01   0.0000000e+00   6.0000000e-01
   2.0170000e+03   8.0000000e+00   8.0000000e+00   1.3000000e+01   1.9000000e+01   0.0000000e+00   1.2000006e-01
   2.0170000e+03   8.0000000e+00   8.0000000e+00   1.3000000e+01   2.0000000e+01   0.0000000e+00   4.7999998e-01
   2.0170000e+03   8.0000000e+00   8.0000000e+00   1.3000000e+01   2.1000000e+01   0.0000000e+00   1.2000000e-01
   2.0170000e+03   8.0000000e+00   8.0000000e+00   1.3000000e+01   2.2000000e+01   0.0000000e+00   9.6000000e-01
   2.0170000e+03   8.0000000e+00   8.0000000e+00   1.3000000e+01   2.3000000e+01   0.0000000e+00   7.2000000e-01
   2.0170000e+03   8.0000000e+00   8.0000000e+00   1.3000000e+01   2.4000000e+01   0.0000000e+00   1.5600000e+00
   2.0170000e+03   8.0000000e+00   8.0000000e+00   1.3000000e+01   2.5000000e+01   0.0000000e+00   8.4000000e-01
   2.0170000e+03   8.0000000e+00   8.0000000e+00   1.3000000e+01   2.6000000e+01   0.0000000e+00   1.0800000e+00
   2.0170000e+03   8.0000000e+00   8.0000000e+00   1.3000000e+01   2.7000000e+01   0.0000000e+00   7.1999994e-01
   2.0170000e+03   8.0000000e+00   8.0000000e+00   1.3000000e+01   2.8000000e+01   0.0000000e+00   1.0800000e+00
   2.0170000e+03   8.0000000e+00   8.0000000e+00   1.3000000e+01   2.9000000e+01   0.0000000e+00   1.2000000e+00
   2.0170000e+03   8.0000000e+00   8.0000000e+00   1.3000000e+01   3.0000000e+01   0.0000000e+00   1.2000000e+00
   2.0170000e+03   8.0000000e+00   8.0000000e+00   1.3000000e+01   3.1000000e+01   0.0000000e+00   1.2000000e+00
   2.0170000e+03   8.0000000e+00   8.0000000e+00   1.3000000e+01   3.2000000e+01   0.0000000e+00   1.2000000e+00
   2.0170000e+03   8.0000000e+00   8.0000000e+00   1.3000000e+01   3.3000000e+01   0.0000000e+00   3.5999997e+00
   2.0170000e+03   8.0000000e+00   8.0000000e+00   1.3000000e+01   3.4000000e+01   0.0000000e+00   3.2400000e+00
   2.0170000e+03   8.0000000e+00   8.0000000e+00   1.3000000e+01   3.5000000e+01   0.0000000e+00   3.9600000e+00
   2.0170000e+03   8.0000000e+00   8.0000000e+00   1.3000000e+01   3.6000000e+01   0.0000000e+00   3.2400001e+00
   2.0170000e+03   8.0000000e+00   8.0000000e+00   1.3000000e+01   3.7000000e+01   0.0000000e+00   2.5200000e+00
   2.0170000e+03   8.0000000e+00   8.0000000e+00   1.3000000e+01   3.8000000e+01   0.0000000e+00   2.8800000e+00
   2.0170000e+03   8.0000000e+00   8.0000000e+00   1.3000000e+01   3.9000000e+01   0.0000000e+00   4.4400000e+00
   2.0170000e+03   8.0000000e+00   8.0000000e+00   1.3000000e+01   4.0000000e+01   0.0000000e+00   3.8400000e+00
   2.0170000e+03   8.0000000e+00   8.0000000e+00   1.3000000e+01   4.1000000e+01   0.0000000e+00   3.1199999e+00
   2.0170000e+03   8.0000000e+00   8.0000000e+00   1.3000000e+01   4.2000000e+01   0.0000000e+00   4.4400000e+00
   2.0170000e+03   8.0000000e+00   8.0000000e+00   1.3000000e+01   4.3000000e+01   0.0000000e+00   5.7600000e+00
   2.0170000e+03   8.0000000e+00   8.0000000e+00   1.3000000e+01   4.4000000e+01   0.0000000e+00   5.5199999e+00
   2.0170000e+03   8.0000000e+00   8.0000000e+00   1.3000000e+01   4.5000000e+01   0.0000000e+00   5.8800000e+00
   2.0170000e+03   8.0000000e+00   8.0000000e+00   1.3000000e+01   4.6000000e+01   0.0000000e+00   5.5200000e+00
   2.0170000e+03   8.0000000e+00   8.0000000e+00   1.3000000e+01   4.7000000e+01   0.0000000e+00   5.4000000e+00
   2.0170000e+03   8.0000000e+00   8.0000000e+00   1.3000000e+01   4.8000000e+01   0.0000000e+00   3.4799999e+00
   2.0170000e+03   8.0000000e+00   8.0000000e+00   1.3000000e+01   4.9000000e+01   0.0000000e+00   3.0000000e+00
   2.0170000e+03   8.0000000e+00   8.0000000e+00   1.3000000e+01   5.0000000e+01   0.0000000e+00   3.4799999e+00
   2.0170000e+03   8.0000000e+00   8.0000000e+00   1.3000000e+01   5.1000000e+01   0.0000000e+00   4.0800000e+00
   2.0170000e+03   8.0000000e+00   8.0000000e+00   1.3000000e+01   5.2000000e+01   0.0000000e+00   4.2000000e+00
   2.0170000e+03   8.0000000e+00   8.0000000e+00   1.3000000e+01   5.3000000e+01   0.0000000e+00   3.7200000e+00
   2.0170000e+03   8.0000000e+00   8.0000000e+00   1.3000000e+01   5.4000000e+01   0.0000000e+00   4.5600000e+00
   2.0170000e+03   8.0000000e+00   8.0000000e+00   1.3000000e+01   5.5000000e+01   0.0000000e+00   5.2800000e+00
   2.0170000e+03   8.0000000e+00   8.0000000e+00   1.3000000e+01   5.6000000e+01   0.0000000e+00   4.4400000e+00
   2.0170000e+03   8.0000000e+00   8.0000000e+00   1.3000000e+01   5.7000000e+01   0.0000000e+00   3.2400000e+00
   2.0170000e+03   8.0000000e+00   8.0000000e+00   1.3000000e+01   5.8000000e+01   0.0000000e+00   3.0000000e+00
   2.0170000e+03   8.0000000e+00   8.0000000e+00   1.3000000e+01   5.9000000e+01   0.0000000e+00   3.0000000e+00
   2.0170000e+03   8.0000000e+00   8.0000000e+00   1.4000000e+01   0.0000000e+00   0.0000000e+00   2.0400000e+00
   2.0170000e+03   8.0000000e+00   8.0000000e+00   1.4000000e+01   1.0000000e+00   0.0000000e+00   1.8000000e+00
   2.0170000e+03   8.0000000e+00   8.0000000e+00   1.4000000e+01   2.0000000e+00   0.0000000e+00   1.3200000e+00
   2.0170000e+03   8.0000000e+00   8.0000000e+00   1.4000000e+01   3.0000000e+00   0.0000000e+00   1.2000000e+00
   2.0170000e+03   8.0000000e+00   8.0000000e+00   1.4000000e+01   4.0000000e+00   0.0000000e+00   1.2000000e+00
   2.0170000e+03   8.0000000e+00   8.0000000e+00   1.4000000e+01   5.0000000e+00   0.0000000e+00   7.2000002e-01
   2.0170000e+03   8.0000000e+00   8.0000000e+00   1.4000000e+01   6.0000000e+00   0.0000000e+00   6.0000000e-01
   2.0170000e+03   8.0000000e+00   8.0000000e+00   1.4000000e+01   7.0000000e+00   0.0000000e+00   1.2000000e-01
   2.0170000e+03   8.0000000e+00   8.0000000e+00   1.4000000e+01   8.0000000e+00   0.0000000e+00   4.8000000e-01
   2.0170000e+03   8.0000000e+00   8.0000000e+00   1.4000000e+01   9.0000000e+00   0.0000000e+00   6.0000000e-01
   2.0170000e+03   8.0000000e+00   8.0000000e+00   1.4000000e+01   1.0000000e+01   0.0000000e+00   6.0000000e-01
   2.0170000e+03   8.0000000e+00   8.0000000e+00   1.4000000e+01   1.1000000e+01   0.0000000e+00   1.5600000e+00
   2.0170000e+03   8.0000000e+00   8.0000000e+00   1.4000000e+01   1.2000000e+01   0.0000000e+00   2.2800001e+00
   2.0170000e+03   8.0000000e+00   8.0000000e+00   1.4000000e+01   1.3000000e+01   0.0000000e+00   3.3600000e+00
   2.0170000e+03   8.0000000e+00   8.0000000e+00   1.4000000e+01   1.4000000e+01   0.0000000e+00   4.0800000e+00
   2.0170000e+03   8.0000000e+00   8.0000000e+00   1.4000000e+01   1.5000000e+01   0.0000000e+00   5.1600001e+00
   2.0170000e+03   8.0000000e+00   8.0000000e+00   1.4000000e+01   1.6000000e+01   0.0000000e+00   4.9200000e+00
   2.0170000e+03   8.0000000e+00   8.0000000e+00   1.4000000e+01   1.7000000e+01   0.0000000e+00   6.2400000e+00
   2.0170000e+03   8.0000000e+00   8.0000000e+00   1.4000000e+01   1.8000000e+01   0.0000000e+00   6.6000000e+00
   2.0170000e+03   8.0000000e+00   8.0000000e+00   1.4000000e+01   1.9000000e+01   0.0000000e+00   6.1200000e+00
   2.0170000e+03   8.0000000e+00   8.0000000e+00   1.4000000e+01   2.0000000e+01   0.0000000e+00   4.5600000e+00
   2.0170000e+03   8.0000000e+00   8.0000000e+00   1.4000000e+01   2.1000000e+01   0.0000000e+00   3.7200001e+00
   2.0170000e+03   8.0000000e+00   8.0000000e+00   1.4000000e+01   2.2000000e+01   0.0000000e+00   2.1600000e+00
   2.0170000e+03   8.0000000e+00   8.0000000e+00   1.4000000e+01   2.3000000e+01   0.0000000e+00   1.3200000e+00
   2.0170000e+03   8.0000000e+00   8.0000000e+00   1.4000000e+01   2.4000000e+01   0.0000000e+00   7.2000000e-01
   2.0170000e+03   8.0000000e+00   8.0000000e+00   1.4000000e+01   2.5000000e+01   0.0000000e+00   6.0000000e-01
   2.0170000e+03   8.0000000e+00   8.0000000e+00   1.4000000e+01   2.6000000e+01   0.0000000e+00   1.0800001e+00
   2.0170000e+03   8.0000000e+00   8.0000000e+00   1.4000000e+01   2.7000000e+01   0.0000000e+00   7.1999998e-01
   2.0170000e+03   8.0000000e+00   8.0000000e+00   1.4000000e+01   2.8000000e+01   0.0000000e+00   1.0800000e+00
   2.0170000e+03   8.0000000e+00   8.0000000e+00   1.4000000e+01   2.9000000e+01   0.0000000e+00   1.2000000e+00
   2.0170000e+03   8.0000000e+00   8.0000000e+00   1.4000000e+01   3.0000000e+01   0.0000000e+00   1.2000000e+00
   2.0170000e+03   8.0000000e+00   8.0000000e+00   1.4000000e+01   3.1000000e+01   0.0000000e+00   1.2000000e+00
   2.0170000e+03   8.0000000e+00   8.0000000e+00   1.4000000e+01   3.2000000e+01   0.0000000e+00   1.2000000e+00
   2.0170000e+03   8.0000000e+00   8.0000000e+00   1.4000000e+01   3.3000000e+01   0.0000000e+00   7.1999998e-01
   2.0170000e+03   8.0000000e+00   8.0000000e+00   1.4000000e+01   3.4000000e+01   0.0000000e+00   1.0800000e+00
   2.0170000e+03   8.0000000e+00   8.0000000e+00   1.4000000e+01   3.5000000e+01   0.0000000e+00   2.1599999e+00
   2.0170000e+03   8.0000000e+00   8.0000000e+00   1.4000000e+01   3.6000000e+01   0.0000000e+00   2.8800000e+00
   2.0170000e+03   8.0000000e+00   8.0000000e+00   1.4000000e+01   3.7000000e+01   0.0000000e+00   2.0400000e+00
   2.0170000e+03   8.0000000e+00   8.0000000e+00   1.4000000e+01   3.8000000e+01   0.0000000e+00   1.8000000e+00
   2.0170000e+03   8.0000000e+00   8.0000000e+00   1.4000000e+01   3.9000000e+01   0.0000000e+00   8.4000000e-01
   2.0170000e+03   8.0000000e+00   8.0000000e+00   1.4000000e+01   4.0000000e+01   0.0000000e+00   1.0800000e+00
   2.0170000e+03   8.0000000e+00   8.0000000e+00   1.4000000e+01   4.1000000e+01   0.0000000e+00   7.2000000e-01
   2.0170000e+03   8.0000000e+00   8.0000000e+00   1.4000000e+01   4.2000000e+01   0.0000000e+00   1.0800000e+00
   2.0170000e+03   8.0000000e+00   8.0000000e+00   1.4000000e+01   4.3000000e+01   0.0000000e+00   1.2000000e+00
   2.0170000e+03   8.0000000e+00   8.0000000e+00   1.4000000e+01   4.4000000e+01   0.0000000e+00   1.2000000e+00
   2.0170000e+03   8.0000000e+00   8.0000000e+00   1.4000000e+01   4.5000000e+01   0.0000000e+00   1.2000000e+00
   2.0170000e+03   8.0000000e+00   8.0000000e+00   1.4000000e+01   4.6000000e+01   0.0000000e+00   7.2000006e-01
   2.0170000e+03   8.0000000e+00   8.0000000e+00   1.4000000e+01   4.7000000e+01   0.0000000e+00   1.2000002e-01
   2.0170000e+03   8.0000000e+00   8.0000000e+00   1.4000000e+01   4.8000000e+01   0.0000000e+00   4.8000000e-01
   2.0170000e+03   8.0000000e+00   8.0000000e+00   1.4000000e+01   4.9000000e+01   0.0000000e+00   6.0000000e-01
   2.0170000e+03   8.0000000e+00   8.0000000e+00   1.4000000e+01   5.0000000e+01   0.0000000e+00   1.2000002e-01
   2.0170000e+03   8.0000000e+00   8.0000000e+00   1.4000000e+01   5.1000000e+01   0.0000000e+00   0.0000000e+00
   2.0170000e+03   8.0000000e+00   8.0000000e+00   1.4000000e+01   5.2000000e+01   0.0000000e+00   4.8000000e-01
   2.0170000e+03   8.0000000e+00   8.0000000e+00   1.4000000e+01   5.3000000e+01   0.0000000e+00   1.2000000e-01
   2.0170000e+03   8.0000000e+00   8.0000000e+00   1.4000000e+01   5.4000000e+01   0.0000000e+00   4.8000000e-01
   2.0170000e+03   8.0000000e+00   8.0000000e+00   1.4000000e+01   5.5000000e+01   0.0000000e+00   6.0000000e-01
   2.0170000e+03   8.0000000e+00   8.0000000e+00   1.4000000e+01   5.6000000e+01   0.0000000e+00   6.0000000e-01
   2.0170000e+03   8.0000000e+00   8.0000000e+00   1.4000000e+01   5.7000000e+01   0.0000000e+00   1.1999994e-01
   2.0170000e+03   8.0000000e+00   8.0000000e+00   1.4000000e+01   5.8000000e+01   0.0000000e+00   4.8000002e-01
   2.0170000e+03   8.0000000e+00   8.0000000e+00   1.4000000e+01   5.9000000e+01   0.0000000e+00   1.2000000e-01
   2.0170000e+03   8.0000000e+00   8.0000000e+00   1.5000000e+01   0.0000000e+00   0.0000000e+00   9.6000012e-01
   2.0170000e+03   8.0000000e+00   8.0000000e+00   1.5000000e+01   1.0000000e+00   0.0000000e+00   1.2000000e+00
   2.0170000e+03   8.0000000e+00   8.0000000e+00   1.5000000e+01   2.0000000e+00   0.0000000e+00   1.6800000e+00
   2.0170000e+03   8.0000000e+00   8.0000000e+00   1.5000000e+01   3.0000000e+00   0.0000000e+00   2.7599999e+00
   2.0170000e+03   8.0000000e+00   8.0000000e+00   1.5000000e+01   4.0000000e+00   0.0000000e+00   2.0400000e+00
   2.0170000e+03   8.0000000e+00   8.0000000e+00   1.5000000e+01   5.0000000e+00   0.0000000e+00   1.8000000e+00
   2.0170000e+03   8.0000000e+00   8.0000000e+00   1.5000000e+01   6.0000000e+00   0.0000000e+00   1.3200001e+00
   2.0170000e+03   8.0000000e+00   8.0000000e+00   1.5000000e+01   7.0000000e+00   0.0000000e+00   1.6800000e+00
   2.0170000e+03   8.0000000e+00   8.0000000e+00   1.5000000e+01   8.0000000e+00   0.0000000e+00   2.7600000e+00
   2.0170000e+03   8.0000000e+00   8.0000000e+00   1.5000000e+01   9.0000000e+00   0.0000000e+00   3.4800000e+00
   2.0170000e+03   8.0000000e+00   8.0000000e+00   1.5000000e+01   1.0000000e+01   0.0000000e+00   3.6000000e+00
   2.0170000e+03   8.0000000e+00   8.0000000e+00   1.5000000e+01   1.1000000e+01   0.0000000e+00   3.6000000e+00
   2.0170000e+03   8.0000000e+00   8.0000000e+00   1.5000000e+01   1.2000000e+01   0.0000000e+00   3.1200000e+00
   2.0170000e+03   8.0000000e+00   8.0000000e+00   1.5000000e+01   1.3000000e+01   0.0000000e+00   2.5200000e+00
   2.0170000e+03   8.0000000e+00   8.0000000e+00   1.5000000e+01   1.4000000e+01   0.0000000e+00   2.4000000e+00
   2.0170000e+03   8.0000000e+00   8.0000000e+00   1.5000000e+01   1.5000000e+01   0.0000000e+00   2.8800000e+00
   2.0170000e+03   8.0000000e+00   8.0000000e+00   1.5000000e+01   1.6000000e+01   0.0000000e+00   3.0000000e+00
   2.0170000e+03   8.0000000e+00   8.0000000e+00   1.5000000e+01   1.7000000e+01   0.0000000e+00   2.5199999e+00
   2.0170000e+03   8.0000000e+00   8.0000000e+00   1.5000000e+01   1.8000000e+01   0.0000000e+00   1.4400000e+00
   2.0170000e+03   8.0000000e+00   8.0000000e+00   1.5000000e+01   1.9000000e+01   0.0000000e+00   1.2000000e+00
   2.0170000e+03   8.0000000e+00   8.0000000e+00   1.5000000e+01   2.0000000e+01   0.0000000e+00   1.2000000e+00
   2.0170000e+03   8.0000000e+00   8.0000000e+00   1.5000000e+01   2.1000000e+01   0.0000000e+00   2.1600000e+00
   2.0170000e+03   8.0000000e+00   8.0000000e+00   1.5000000e+01   2.2000000e+01   0.0000000e+00   3.3600000e+00
   2.0170000e+03   8.0000000e+00   8.0000000e+00   1.5000000e+01   2.3000000e+01   0.0000000e+00   4.0800000e+00
   2.0170000e+03   8.0000000e+00   8.0000000e+00   1.5000000e+01   2.4000000e+01   0.0000000e+00   3.2400000e+00
   2.0170000e+03   8.0000000e+00   8.0000000e+00   1.5000000e+01   2.5000000e+01   0.0000000e+00   3.4800000e+00
   2.0170000e+03   8.0000000e+00   8.0000000e+00   1.5000000e+01   2.6000000e+01   0.0000000e+00   4.0800000e+00
   2.0170000e+03   8.0000000e+00   8.0000000e+00   1.5000000e+01   2.7000000e+01   0.0000000e+00   2.7600000e+00
   2.0170000e+03   8.0000000e+00   8.0000000e+00   1.5000000e+01   2.8000000e+01   0.0000000e+00   2.8800001e+00
   2.0170000e+03   8.0000000e+00   8.0000000e+00   1.5000000e+01   2.9000000e+01   0.0000000e+00   2.0400000e+00
   2.0170000e+03   8.0000000e+00   8.0000000e+00   1.5000000e+01   3.0000000e+01   0.0000000e+00   2.2800000e+00
   2.0170000e+03   8.0000000e+00   8.0000000e+00   1.5000000e+01   3.1000000e+01   0.0000000e+00   3.8399998e+00
   2.0170000e+03   8.0000000e+00   8.0000000e+00   1.5000000e+01   3.2000000e+01   0.0000000e+00   6.1199999e+00
   2.0170000e+03   8.0000000e+00   8.0000000e+00   1.5000000e+01   3.3000000e+01   0.0000000e+00   3.7200000e+00
   2.0170000e+03   8.0000000e+00   8.0000000e+00   1.5000000e+01   3.4000000e+01   0.0000000e+00   6.3599996e+00
   2.0170000e+03   8.0000000e+00   8.0000000e+00   1.5000000e+01   3.5000000e+01   0.0000000e+00   6.2400000e+00
   2.0170000e+03   8.0000000e+00   8.0000000e+00   1.5000000e+01   3.6000000e+01   0.0000000e+00   3.6000000e+00
   2.0170000e+03   8.0000000e+00   8.0000000e+00   1.5000000e+01   3.7000000e+01   0.0000000e+00   1.5600000e+00
   2.0170000e+03   8.0000000e+00   8.0000000e+00   1.5000000e+01   3.8000000e+01   0.0000000e+00   7.2000000e-01
   2.0170000e+03   8.0000000e+00   8.0000000e+00   1.5000000e+01   3.9000000e+01   0.0000000e+00   1.2000000e-01
   2.0170000e+03   8.0000000e+00   8.0000000e+00   1.5000000e+01   4.0000000e+01   0.0000000e+00   4.8000000e-01
   2.0170000e+03   8.0000000e+00   8.0000000e+00   1.5000000e+01   4.1000000e+01   0.0000000e+00   1.2000000e-01
   2.0170000e+03   8.0000000e+00   8.0000000e+00   1.5000000e+01   4.2000000e+01   0.0000000e+00   0.0000000e+00
   2.0170000e+03   8.0000000e+00   8.0000000e+00   1.5000000e+01   4.3000000e+01   0.0000000e+00   4.8000002e-01
   2.0170000e+03   8.0000000e+00   8.0000000e+00   1.5000000e+01   4.4000000e+01   0.0000000e+00   1.2000000e-01
   2.0170000e+03   8.0000000e+00   8.0000000e+00   1.5000000e+01   4.5000000e+01   0.0000000e+00   0.0000000e+00
   2.0170000e+03   8.0000000e+00   8.0000000e+00   1.5000000e+01   4.6000000e+01   0.0000000e+00   0.0000000e+00
   2.0170000e+03   8.0000000e+00   8.0000000e+00   1.5000000e+01   4.7000000e+01   0.0000000e+00   0.0000000e+00
   2.0170000e+03   8.0000000e+00   8.0000000e+00   1.5000000e+01   4.8000000e+01   0.0000000e+00   0.0000000e+00
   2.0170000e+03   8.0000000e+00   8.0000000e+00   1.5000000e+01   4.9000000e+01   0.0000000e+00   0.0000000e+00
   2.0170000e+03   8.0000000e+00   8.0000000e+00   1.5000000e+01   5.0000000e+01   0.0000000e+00   0.0000000e+00
   2.0170000e+03   8.0000000e+00   8.0000000e+00   1.5000000e+01   5.1000000e+01   0.0000000e+00   0.0000000e+00
   2.0170000e+03   8.0000000e+00   8.0000000e+00   1.5000000e+01   5.2000000e+01   0.0000000e+00   0.0000000e+00
   2.0170000e+03   8.0000000e+00   8.0000000e+00   1.5000000e+01   5.3000000e+01   0.0000000e+00   0.0000000e+00
   2.0170000e+03   8.0000000e+00   8.0000000e+00   1.5000000e+01   5.4000000e+01   0.0000000e+00   0.0000000e+00
   2.0170000e+03   8.0000000e+00   8.0000000e+00   1.5000000e+01   5.5000000e+01   0.0000000e+00   0.0000000e+00
   2.0170000e+03   8.0000000e+00   8.0000000e+00   1.5000000e+01   5.6000000e+01   0.0000000e+00   0.0000000e+00
   2.0170000e+03   8.0000000e+00   8.0000000e+00   1.5000000e+01   5.7000000e+01   0.0000000e+00   0.0000000e+00
   2.0170000e+03   8.0000000e+00   8.0000000e+00   1.5000000e+01   5.8000000e+01   0.0000000e+00   0.0000000e+00
   2.0170000e+03   8.0000000e+00   8.0000000e+00   1.5000000e+01   5.9000000e+01   0.0000000e+00   0.0000000e+00
   2.0170000e+03   8.0000000e+00   8.0000000e+00   1.6000000e+01   0.0000000e+00   0.0000000e+00   0.0000000e+00