   2.0170000e+03   8.0000000e+00   1.8000000e+01   1.5000000e+01   3.0000000e+01   0.0000000e+00   0.0000000e+00
   2.0170000e+03   8.0000000e+00   1.8000000e+01   1.5000000e+01   3.1000000e+01   0.0000000e+00   0.0000000e+00
   2.0170000e+03   8.0000000e+00   1.8000000e+01   1.5000000e+01   3.2000000e+01   0.0000000e+00   0.0000000e+00
   2.0170000e+03   8.0000000e+00   1.8000000e+01   1.5000000e+01   3.3000000e+01   0.0000000e+00   0.0000000e+00
   2.0170000e+03   8.0000000e+00   1.8000000e+01   1.5000000e+01   3.4000000e+01   0.0000000e+00   0.0000000e+00
   2.0170000e+03   8.0000000e+00   1.8000000e+01   1.5000000e+01   3.5000000e+01   0.0000000e+00   0.0000000e+00
   2.0170000e+03   8.0000000e+00   1.8000000e+01   1.5000000e+01   3.6000000e+01   0.0000000e+00   0.0000000e+00
   2.0170000e+03   8.0000000e+00   1.8000000e+01   1.5000000e+01   3.7000000e+01   0.0000000e+00   0.0000000e+00
   2.0170000e+03   8.0000000e+00   1.8000000e+01   1.5000000e+01   3.8000000e+01   0.0000000e+00   0.0000000e+00
   2.0170000e+03   8.0000000e+00   1.8000000e+01   1.5000000e+01   3.9000000e+01   0.0000000e+00   0.0000000e+00
   2.0170000e+03   8.0000000e+00   1.8000000e+01   1.5000000e+01   4.0000000e+01   0.0000000e+00   0.0000000e+00
   2.0170000e+03   8.0000000e+00   1.8000000e+01   1.5000000e+01   4.1000000e+01   0.0000000e+00   0.0000000e+00
   2.0170000e+03   8.0000000e+00   1.8000000e+01   1.5000000e+01   4.2000000e+01   0.0000000e+00   0.0000000e+00
   2.0170000e+03   8.0000000e+00   1.8000000e+01   1.5000000e+01   4.3000000e+01   0.0000000e+00   0.0000000e+00
   2.0170000e+03   8.0000000e+00   1.8000000e+01   1.5000000e+01   4.4000000e+01   0.0000000e+00   0.0000000e+00
   2.0170000e+03   8.0000000e+00   1.8000000e+01   1.5000000e+01   4.5000000e+01   0.0000000e+00   0.0000000e+00
   2.0170000e+03   8.0000000e+00   1.8000000e+01   1.5000000e+01   4.6000000e+01   0.0000000e+00   0.0000000e+00
   2.0170000e+03   8.0000000e+00   1.8000000e+01   1.5000000e+01   4.7000000e+01   0.0000000e+00   0.0000000e+00
   2.0170000e+03   8.0000000e+00   1.8000000e+01   1.5000000e+01   4.8000000e+01   0.0000000e+00   0.0000000e+00
   2.0170000e+03   8.0000000e+00   1.8000000e+01   1.5000000e+01   4.9000000e+01   0.0000000e+00   0.0000000e+00
   2.0170000e+03   8.0000000e+00   1.8000000e+01   1.5000000e+01   5.0000000e+01   0.0000000e+00   0.0000000e+00
   2.0170000e+03   8.0000000e+00   1.8000000e+01   1.5000000e+01   5.1000000e+01   0.0000000e+00   0.0000000e+00
   2.0170000e+03   8.0000000e+00   1.8000000e+01   1.5000000e+01   5.2000000e+01   0.0000000e+00   0.0000000e+00
   2.0170000e+03   8.0000000e+00   1.8000000e+01   1.5000000e+01   5.3000000e+01   0.0000000e+00   0.0000000e+00
   2.0170000e+03   8.0000000e+00   1.8000000e+01   1.5000000e+01   5.4000000e+01   0.0000000e+00   0.0000000e+00
   2.0170000e+03   8.0000000e+00   1.8000000e+01   1.5000000e+01   5.5000000e+01   0.0000000e+00   0.0000000e+00
   2.0170000e+03   8.0000000e+00   1.8000000e+01   1.5000000e+01   5.6000000e+01   0.0000000e+00   0.0000000e+00
   2.0170000e+03   8.0000000e+00   1.8000000e+01   1.5000000e+01   5.7000000e+01   0.0000000e+00   0.0000000e+00
   2.0170000e+03   8.0000000e+00   1.8000000e+01   1.5000000e+01   5.8000000e+01   0.0000000e+00   0.0000000e+00
   2.0170000e+03   8.0000000e+00   1.8000000e+01   1.5000000e+01   5.9000000e+01   0.0000000e+00   0.0000000e+00
   2.0170000e+03   8.0000000e+00   1.8000000e+01   1.6000000e+01   0.0000000e+00   0.0000000e+00   0.0000000e+00
   2.0170000e+03   8.0000000e+00   1.8000000e+01   1.6000000e+01   1.0000000e+00   0.0000000e+00   0.0000000e+00
   2.0170000e+03   8.0000000e+00   1.8000000e+01   1.6000000e+01   2.0000000e+00   0.0000000e+00   0.0000000e+00
   2.0170000e+03   8.0000000e+00   1.8000000e+01   1.6000000e+01   3.0000000e+00   0.0000000e+00   0.0000000e+00
   2.0170000e+03   8.0000000e+00   1.8000000e+01   1.6000000e+01   4.0000000e+00   0.0000000e+00   0.0000000e+00
   2.0170000e+03   8.0000000e+00   1.8000000e+01   1.6000000e+01   5.0000000e+00   0.0000000e+00   0.0000000e+00
   2.0170000e+03   8.0000000e+00   1.8000000e+01   1.6000000e+01   6.0000000e+00   0.0000000e+00   0.0000000e+00
   2.0170000e+03   8.0000000e+00   1.8000000e+01   1.6000000e+01   7.0000000e+00   0.0000000e+00   0.0000000e+00
   2.0170000e+03   8.0000000e+00   1.8000000e+01   1.6000000e+01   8.0000000e+00   0.0000000e+00   0.0000000e+00
   2.0170000e+03   8.0000000e+00   1.8000000e+01   1.6000000e+01   9.0000000e+00   0.0000000e+00   0.0000000e+00
   2.0170000e+03   8.0000000e+00   1.8000000e+01   1.6000000e+01   1.0000000e+01   0.0000000e+00   0.0000000e+00
   2.0170000e+03   8.0000000e+00   1.8000000e+01   1.6000000e+01   1.1000000e+01   0.0000000e+00   9.8600000e+00
   2.0170000e+03   8.0000000e+00   1.8000000e+01   1.6000000e+01   1.2000000e+01   0.0000000e+00   4.4420000e+01
   2.0170000e+03   8.0000000e+00   1.8000000e+01   1.6000000e+01   1.3000000e+01   0.0000000e+00   6.0100000e+01
   2.0170000e+03   8.0000000e+00   1.8000000e+01   1.6000000e+01   1.4000000e+01   0.0000000e+00   6.1180000e+01
   2.0170000e+03   8.0000000e+00   1.8000000e+01   1.6000000e+01   1.5000000e+01   0.0000000e+00   4.6120000e+01
   2.0170000e+03   8.0000000e+00   1.8000000e+01   1.6000000e+01   1.6000000e+01   0.0000000e+00   4.2700000e+01
   2.0170000e+03   8.0000000e+00   1.8000000e+01   1.6000000e+01   1.7000000e+01   0.0000000e+00   3.3899999e+01
   2.0170000e+03   8.0000000e+00   1.8000000e+01   1.6000000e+01   1.8000000e+01   0.0000000e+00   4.3460000e+01
   2.0170000e+03   8.0000000e+00   1.8000000e+01   1.6000000e+01   1.9000000e+01   0.0000000e+00   2.6400000e+01
   2.0170000e+03   8.0000000e+00   1.8000000e+01   1.6000000e+01   2.0000000e+01   0.0000000e+00   1.8840001e+01
   2.0170000e+03   8.0000000e+00   1.8000000e+01   1.6000000e+01   2.1000000e+01   0.0000000e+00   2.3240000e+01
   2.0170000e+03   8.0000000e+00   1.8000000e+01   1.6000000e+01   2.2000000e+01   0.0000000e+00   3.8480000e+01
   2.0170000e+03   8.0000000e+00   1.8000000e+01   1.6000000e+01   2.3000000e+01   0.0000000e+00   4.8859999e+01
   2.0170000e+03   8.0000000e+00   1.8000000e+01   1.6000000e+01   2.4000000e+01   0.0000000e+00   3.9340000e+01
   2.0170000e+03   8.0000000e+00   1.8000000e+01   1.6000000e+01   2.5000000e+01   0.0000000e+00   3.4940000e+01
   2.0170000e+03   8.0000000e+00   1.8000000e+01   1.6000000e+01   2.6000000e+01   0.0000000e+00   3.8280000e+01
   2.0170000e+03   8.0000000e+00   1.8000000e+01   1.6000000e+01   2.7000000e+01   0.0000000e+00   4.5940000e+01
   2.0170000e+03   8.0000000e+00   1.8000000e+01   1.6000000e+01   2.8000000e+01   0.0000000e+00   3.8660000e+01
   2.0170000e+03   8.0000000e+00   1.8000000e+01   1.6000000e+01   2.9000000e+01   0.0000000e+00   3.2600000e+01
   2.0170000e+03   8.0000000e+00   1.8000000e+01   1.6000000e+01   3.0000000e+01   0.0000000e+00   3.1240000e+01
   2.0170000e+03   8.0000000e+00   1.8000000e+01   1.6000000e+01   3.1000000e+01   0.0000000e+00   2.5979999e+01
   2.0170000e+03   8.0000000e+00   1.8000000e+01   1.6000000e+01   3.2000000e+01   0.0000000e+00   1.3620000e+01
   2.0170000e+03   8.0000000e+00   1.8000000e+01   1.6000000e+01   3.3000000e+01   0.0000000e+00   7.9800000e+00
   2.0170000e+03   8.0000000e+00   1.8000000e+01   1.6000000e+01   3.4000000e+01   0.0000000e+00   2.5799993e+00
   2.0170000e+03   8.0000000e+00   1.8000000e+01   1.6000000e+01   3.5000000e+01   0.0000000e+00   2.4000000e+00
   2.0170000e+03   8.0000000e+00   1.8000000e+01   1.6000000e+01   3.6000000e+01   0.0000000e+00   1.8200000e+00
   2.0170000e+03   8.0000000e+00   1.8000000e+01   1.6000000e+01   3.7000000e+01   0.0000000e+00   1.2200001e+00
   2.0170000e+03   8.0000000e+00   1.8000000e+01   1.6000000e+01   3.8000000e+01   0.0000000e+00   1.2000000e+00
   2.0170000e+03   8.0000000e+00   1.8000000e+01   1.6000000e+01   3.9000000e+01   0.0000000e+00   2.3600000e+00
   2.0170000e+03   8.0000000e+00   1.8000000e+01   1.6000000e+01   4.0000000e+01   0.0000000e+00   3.5600000e+00
   2.0170000e+03   8.0000000e+00   1.8000000e+01   1.6000000e+01   4.1000000e+01   0.0000000e+00   3.6000000e+00
   2.0170000e+03   8.0000000e+00   1.8000000e+01   1.6000000e+01   4.2000000e+01   0.0000000e+00   2.4400000e+00
   2.0170000e+03   8.0000000e+00   1.8000000e+01   1.6000000e+01   4.3000000e+01   0.0000000e+00   1.8200000e+00
   2.0170000e+03   8.0000000e+00   1.8000000e+01   1.6000000e+01   4.4000000e+01   0.0000000e+00   1.8000000e+00
   2.0170000e+03   8.0000000e+00   1.8000000e+01   1.6000000e+01   4.5000000e+01   0.0000000e+00   1.2199999e+00
   2.0170000e+03   8.0000000e+00   1.8000000e+01   1.6000000e+01   4.6000000e+01   0.0000000e+00   2.9400000e+00
   2.0170000e+03   8.0000000e+00   1.8000000e+01   1.6000000e+01   4.7000000e+01   0.0000000e+00   4.7400000e+00
   2.0170000e+03   8.0000000e+00   1.8000000e+01   1.6000000e+01   4.8000000e+01   0.0000000e+00   4.2199999e+00
   2.0170000e+03   8.0000000e+00   1.8000000e+01   1.6000000e+01   4.9000000e+01   0.0000000e+00   5.9400000e+00
   2.0170000e+03   8.0000000e+00   1.8000000e+01   1.6000000e+01   5.0000000e+01   0.0000000e+00   4.8400000e+00
   2.0170000e+03   8.0000000e+00   1.8000000e+01   1.6000000e+01   5.1000000e+01   0.0000000e+00   5.3799999e+00
   2.0170000e+03   8.0000000e+00   1.8000000e+01   1.6000000e+01   5.2000000e+01   0.0000000e+00   6.5600000e+00
   2.0170000e+03   8.0000000e+00   1.8000000e+01   1.6000000e+01   5.3000000e+01   0.0000000e+00   4.2800000e+00
   2.0170000e+03   8.0000000e+00   1.8000000e+01   1.6000000e+01   5.4000000e+01   0.0000000e+00   2.4600002e+00
   2.0170000e+03   8.0000000e+00   1.8000000e+01   1.6000000e+01   5.5000000e+01   0.0000000e+00   1.8200000e+00
   2.0170000e+03   8.0000000e+00   1.8000000e+01   1.6000000e+01   5.6000000e+01   0.0000000e+00   3.5400000e+00
   2.0170000e+03   8.0000000e+00   1.8000000e+01   1.6000000e+01   5.7000000e+01   0.0000000e+00   3.6000000e+00
   2.0170000e+03   8.0000000e+00   1.8000000e+01   1.6000000e+01   5.8000000e+01   0.0000000e+00   2.4400000e+00
   2.0170000e+03   8.0000000e+00   1.8000000e+01   1.6000000e+01   5.9000000e+01   0.0000000e+00   2.9800001e+00
   2.0170000e+03   8.0000000e+00   1.8000000e+01   1.7000000e+01   0.0000000e+00   0.0000000e+00   8.2200000e+00
   2.0170000e+03   8.0000000e+00   1.8000000e+01   1.7000000e+01   1.0000000e+00   0.0000000e+00   8.4000000e+00
   2.0170000e+03   8.0000000e+00   1.8000000e+01   1.7000000e+01   2.0000000e+00   0.0000000e+00   6.0799997e+00
   2.0170000e+03   8.0000000e+00   1.8000000e+01   1.7000000e+01   3.0000000e+00   0.0000000e+00   4.8400000e+00
   2.0170000e+03   8.0000000e+00   1.8000000e+01   1.7000000e+01   4.0000000e+00   0.0000000e+00   5.3800000e+00
   2.0170000e+03   8.0000000e+00   1.8000000e+01   1.7000000e+01   5.0000000e+00   0.0000000e+00   3.6600002e+00
   2.0170000e+03   8.0000000e+00   1.8000000e+01   1.7000000e+01   6.0000000e+00   0.0000000e+00   4.1800000e+00
   2.0170000e+03   8.0000000e+00   1.8000000e+01   1.7000000e+01   7.0000000e+00   0.0000000e+00   3.6200000e+00
   2.0170000e+03   8.0000000e+00   1.8000000e+01   1.7000000e+01   8.0000000e+00   0.0000000e+00   3.6000000e+00
   2.0170000e+03   8.0000000e+00   1.8000000e+01   1.7000000e+01   9.0000000e+00   0.0000000e+00   2.4400000e+00
   2.0170000e+03   8.0000000e+00   1.8000000e+01   1.7000000e+01   1.0000000e+01   0.0000000e+00   2.4000000e+00
   2.0170000e+03   8.0000000e+00   1.8000000e+01   1.7000000e+01   1.1000000e+01   0.0000000e+00   1.2400000e+00
   2.0170000e+03   8.0000000e+00   1.8000000e+01   1.7000000e+01   1.2000000e+01   0.0000000e+00   6.2000000e-01
   2.0170000e+03   8.0000000e+00   1.8000000e+01   1.7000000e+01   1.3000000e+01   0.0000000e+00   6.0000000e-01
   2.0170000e+03   8.0000000e+00   1.8000000e+01   1.7000000e+01   1.4000000e+01   0.0000000e+00   6.0000000e-01
   2.0170000e+03   8.0000000e+00   1.8000000e+01   1.7000000e+01   1.5000000e+01   0.0000000e+00   6.0000000e-01
   2.0170000e+03   8.0000000e+00   1.8000000e+01   1.7000000e+01   1.6000000e+01   0.0000000e+00   1.9999926e-02
   2.0170000e+03   8.0000000e+00   1.8000000e+01   1.7000000e+01   1.7000000e+01   0.0000000e+00   5.8000000e-01
   2.0170000e+03   8.0000000e+00   1.8000000e+01   1.7000000e+01   1.8000000e+01   0.0000000e+00   2.0000000e-02
   2.0170000e+03   8.0000000e+00   1.8000000e+01   1.7000000e+01   1.9000000e+01   0.0000000e+00   5.8000007e-01
   2.0170000e+03   8.0000000e+00   1.8000000e+01   1.7000000e+01   2.0000000e+01   0.0000000e+00   1.9999997e-02
   2.0170000e+03   8.0000000e+00   1.8000000e+01   1.7000000e+01   2.1000000e+01   0.0000000e+00   0.0000000e+00
   2.0170000e+03   8.0000000e+00   1.8000000e+01   1.7000000e+01   2.2000000e+01   0.0000000e+00   0.0000000e+00
   2.0170000e+03   8.0000000e+00   1.8000000e+01   1.7000000e+01   2.3000000e+01   0.0000000e+00   0.0000000e+00
   2.0170000e+03   8.0000000e+00   1.8000000e+01   1.7000000e+01   2.4000000e+01   0.0000000e+00   5.8000000e-01
   2.0170000e+03   8.0000000e+00   1.8000000e+01   1.7000000e+01   2.5000000e+01   0.0000000e+00   2.0000000e-02
   2.0170000e+03   8.0000000e+00   1.8000000e+01   1.7000000e+01   2.6000000e+01   0.0000000e+00   0.0000000e+00
   2.0170000e+03   8.0000000e+00   1.8000000e+01   1.7000000e+01   2.7000000e+01   0.0000000e+00   0.0000000e+00
   2.0170000e+03   8.0000000e+00   1.8000000e+01   1.7000000e+01   2.8000000e+01   0.0000000e+00   0.0000000e+00
   2.0170000e+03   8.0000000e+00   1.8000000e+01   1.7000000e+01   2.9000000e+01   0.0000000e+00   0.0000000e+00
   2.0170000e+03   8.0000000e+00   1.8000000e+01   1.7000000e+01   3.0000000e+01   0.0000000e+00   0.0000000e+00
   2.0170000e+03   8.0000000e+00   1.8000000e+01   1.7000000e+01   3.1000000e+01   0.0000000e+00   0.0000000e+00
   2.0170000e+03   8.0000000e+00   1.8000000e+01   1.7000000e+01   3.2000000e+01   0.0000000e+00   0.0000000e+00
   2.0170000e+03   8.0000000e+00   1.8000000e+01   1.7000000e+01   3.3000000e+01   0.0000000e+00   5.8000007e-01
   2.0170000e+03   8.0000000e+00   1.8000000e+01   1.7000000e+01   3.4000000e+01   0.0000000e+00   1.9999997e-02
   2.0170000e+03   8.0000000e+00   1.8000000e+01   1.7000000e+01   3.5000000e+01   0.0000000e+00   0.0000000e+00
   2.0170000e+03   8.0000000e+00   1.8000000e+01   1.7000000e+01   3.6000000e+01   0.0000000e+00   0.0000000e+00
   2.0170000e+03   8.0000000e+00   1.8000000e+01   1.7000000e+01   3.7000000e+01   0.0000000e+00   0.0000000e+00
   2.0170000e+03   8.0000000e+00   1.8000000e+01   1.7000000e+01   3.8000000e+01   0.0000000e+00   0.0000000e+00
   2.0170000e+03   8.0000000e+00   1.8000000e+01   1.7000000e+01   3.9000000e+01   0.0000000e+00   0.0000000e+00
   2.0170000e+03   8.0000000e+00   1.8000000e+01   1.7000000e+01   4.0000000e+01   0.0000000e+00   0.0000000e+00
   2.0170000e+03   8.0000000e+00   1.8000000e+01   1.7000000e+01   4.1000000e+01   0.0000000e+00   0.0000000e+00
   2.0170000e+03   8.0000000e+00   1.8000000e+01   1.7000000e+01   4.2000000e+01   0.0000000e+00   0.0000000e+00
   2.0170000e+03   8.0000000e+00   1.8000000e+01   1.7000000e+01   4.3000000e+01   0.0000000e+00   5.8000000e-01
   2.0170000e+03   8.0000000e+00   1.8000000e+01   1.7000000e+01   4.4000000e+01   0.0000000e+00   1.9999926e-02
   2.0170000e+03   8.0000000e+00   1.8000000e+01   1.7000000e+01   4.5000000e+01   0.0000000e+00   1.7400000e+00
   2.0170000e+03   8.0000000e+00   1.8000000e+01   1.7000000e+01   4.6000000e+01   0.0000000e+00   1.8000000e+00
   2.0170000e+03   8.0000000e+00   1.8000000e+01   1.7000000e+01   4.7000000e+01   0.0000000e+00   2.3800001e+00
   2.0170000e+03   8.0000000e+00   1.8000000e+01   1.7000000e+01   4.8000000e+01   0.0000000e+00   3.5600000e+00
   2.0170000e+03   8.0000000e+00   1.8000000e+01   1.7000000e+01   4.9000000e+01   0.0000000e+00   5.9200000e+00
   2.0170000e+03   8.0000000e+00   1.8000000e+01   1.7000000e+01   5.0000000e+01   0.0000000e+00   4.2600002e+00
   2.0170000e+03   8.0000000e+00   1.8000000e+01   1.7000000e+01   5.1000000e+01   0.0000000e+00   5.3600000e+00
   2.0170000e+03   8.0000000e+00   1.8000000e+01   1.7000000e+01   5.2000000e+01   0.0000000e+00   8.3000000e+00
   2.0170000e+03   8.0000000e+00   1.8000000e+01   1.7000000e+01   5.3000000e+01   0.0000000e+00   6.0800003e+00
   2.0170000e+03   8.0000000e+00   1.8000000e+01   1.7000000e+01   5.4000000e+01   0.0000000e+00   2.5200000e+00
   2.0170000e+03   8.0000000e+00   1.8000000e+01   1.7000000e+01   5.5000000e+01   0.0000000e+00   1.8200000e+00
   2.0170000e+03   8.0000000e+00   1.8000000e+01   1.7000000e+01   5.6000000e+01   0.0000000e+00   1.2200000e+00
   2.0170000e+03   8.0000000e+00   1.8000000e+01   1.7000000e+01   5.7000000e+01   0.0000000e+00   6.2000000e-01
   2.0170000e+03   8.0000000e+00   1.8000000e+01   1.7000000e+01   5.8000000e+01   0.0000000e+00   2.0000000e-02
   2.0170000e+03   8.0000000e+00   1.8000000e+01   1.7000000e+01   5.9000000e+01   0.0000000e+00   5.8000000e-01
   2.0170000e+03   8.0000000e+00   1.8000000e+01   1.8000000e+01   0.0000000e+00   0.0000000e+00   2.0000000e-02
   2.0170000e+03   8.0000000e+00   1.8000000e+01   1.8000000e+01   1.0000000e+00   0.0000000e+00   0.0000000e+00
   2.0170000e+03   8.0000000e+00   1.8000000e+01   1.8000000e+01   2.0000000e+00   0.0000000e+00   5.8000000e-01
   2.0170000e+03   8.0000000e+00   1.8000000e+01   1.8000000e+01   3.0000000e+00   0.0000000e+00   2.0000000e-02
   2.0170000e+03   8.0000000e+00   1.8000000e+01   1.8000000e+01   4.0000000e+00   0.0000000e+00   0.0000000e+00
   2.0170000e+03   8.0000000e+00   1.8000000e+01   1.8000000e+01   5.0000000e+00   0.0000000e+00   0.0000000e+00
   2.0170000e+03   8.0000000e+00   1.8000000e+01   1.8000000e+01   6.0000000e+00   0.0000000e+00   0.0000000e+00
   2.0170000e+03   8.0000000e+00   1.8000000e+01   1.8000000e+01   7.0000000e+00   0.0000000e+00   0.0000000e+00
   2.0170000e+03   8.0000000e+00   1.8000000e+01   1.8000000e+01   8.0000000e+00   0.0000000e+00   5.8000000e-01
   2.0170000e+03   8.0000000e+00   1.8000000e+01   1.8000000e+01   9.0000000e+00   0.0000000e+00   2.0000000e-02
   2.0170000e+03   8.0000000e+00   1.8000000e+01   1.8000000e+01   1.0000000e+01   0.0000000e+00   0.0000000e+00
   2.0170000e+03   8.0000000e+00   1.8000000e+01   1.8000000e+01   1.1000000e+01   0.0000000e+00   0.0000000e+00
   2.0170000e+03   8.0000000e+00   1.8000000e+01   1.8000000e+01   1.2000000e+01   0.0000000e+00   0.0000000e+00
   2.0170000e+03   8.0000000e+00   1.8000000e+01   1.8000000e+01   1.3000000e+01   0.0000000e+00   0.0000000e+00
   2.0170000e+03   8.0000000e+00   1.8000000e+01   1.8000000e+01   1.4000000e+01   0.0000000e+00   0.0000000e+00
   2.0170000e+03   8.0000000e+00   1.8000000e+01   1.8000000e+01   1.5000000e+01   0.0000000e+00   0.0000000e+00
   2.0170000e+03   8.0000000e+00   1.8000000e+01   1.8000000e+01   1.6000000e+01   0.0000000e+00   0.0000000e+00
   2.0170000e+03   8.0000000e+00   1.8000000e+01   1.8000000e+01   1.7000000e+01   0.0000000e+00   0.0000000e+00
   2.0170000e+03   8.0000000e+00   1.8000000e+01   1.8000000e+01   1.8000000e+01   0.0000000e+00   0.0000000e+00
   2.0170000e+03   8.0000000e+00   1.8000000e+01   1.8000000e+01   1.9000000e+01   0.0000000e+00   0.0000000e+00
   2.0170000e+03   8.0000000e+00   1.8000000e+01   1.8000000e+01   2.0000000e+01   0.0000000e+00   5.8000000e-01
   2.0170000e+03   8.0000000e+00   1.8000000e+01   1.8000000e+01   2.1000000e+01   0.0000000e+00   2.0000074e-02
   2.0170000e+03   8.0000000e+00   1.8000000e+01   1.8000000e+01   2.2000000e+01   0.0000000e+00   0.0000000e+00
   2.0170000e+03   8.0000000e+00   1.8000000e+01   1.8000000e+01   2.3000000e+01   0.0000000e+00   0.0000000e+00
   2.0170000e+03   8.0000000e+00   1.8000000e+01   1.8000000e+01   2.4000000e+01   0.0000000e+00   0.0000000e+00
   2.0170000e+03   8.0000000e+00   1.8000000e+01   1.8000000e+01   2.5000000e+01   0.0000000e+00   0.0000000e+00
   2.0170000e+03   8.0000000e+00   1.8000000e+01   1.8000000e+01   2.6000000e+01   0.0000000e+00   0.0000000e+00
   2.0170000e+03   8.0000000e+00   1.8000000e+01   1.8000000e+01   2.7000000e+01   0.0000000e+00   0.0000000e+00
   2.0170000e+03   8.0000000e+00   1.8000000e+01   1.8000000e+01   2.8000000e+01   0.0000000e+00   0.0000000e+00
   2.0170000e+03   8.0000000e+00   1.8000000e+01   1.8000000e+01   2.9000000e+01   0.0000000e+00   0.0000000e+00
   2.0170000e+03   8.0000000e+00   1.8000000e+01   1.8000000e+01   3.0000000e+01   0.0000000e+00   0.0000000e+00
   2.0170000e+03   8.0000000e+00   1.8000000e+01   1.8000000e+01   3.1000000e+01   0.0000000e+00   0.0000000e+00
   2.0170000e+03   8.0000000e+00   1.8000000e+01   1.8000000e+01   3.2000000e+01   0.0000000e+00   0.0000000e+00
   2.0170000e+03   8.0000000e+00   1.8000000e+01   1.8000000e+01   3.3000000e+01   0.0000000e+00   0.0000000e+00
   2.0170000e+03   8.0000000e+00   1.8000000e+01   1.8000000e+01   3.4000000e+01   0.0000000e+00   0.0000000e+00
   2.0170000e+03   8.0000000e+00   1.8000000e+01   1.8000000e+01   3.5000000e+01   0.0000000e+00   0.0000000e+00
   2.0170000e+03   8.0000000e+00   1.8000000e+01   1.8000000e+01   3.6000000e+01   0.0000000e+00   5.8000000e-01
   2.0170000e+03   8.0000000e+00   1.8000000e+01   1.8000000e+01   3.7000000e+01   0.0000000e+00   2.0000000e-02
   2.0170000e+03   8.0000000e+00   1.8000000e+01   1.8000000e+01   3.8000000e+01   0.0000000e+00   0.0000000e+00
   2.0170000e+03   8.0000000e+00   1.8000000e+01   1.8000000e+01   3.9000000e+01   0.0000000e+00   0.0000000e+00
   2.0170000e+03   8.0000000e+00   1.8000000e+01   1.8000000e+01   4.0000000e+01   0.0000000e+00   0.0000000e+00
   2.0170000e+03   8.0000000e+00   1.8000000e+01   1.8000000e+01   4.1000000e+01   0.0000000e+00   0.0000000e+00
   2.0170000e+03   8.0000000e+00   1.8000000e+01   1.8000000e+01   4.2000000e+01   0.0000000e+00   0.0000000e+00
   2.0170000e+03   8.0000000e+00   1.8000000e+01   1.8000000e+01   4.3000000e+01   0.0000000e+00   5.8000000e-01
   2.0170000e+03   8.0000000e+00   1.8000000e+01   1.8000000e+01   4.4000000e+01   0.0000000e+00   3.5000000e+00
   2.0170000e+03   8.0000000e+00   1.8000000e+01   1.8000000e+01   4.5000000e+01   0.0000000e+00   3.6000000e+00
   2.0170000e+03   8.0000000e+00   1.8000000e+01   1.8000000e+01   4.6000000e+01   0.0000000e+00   1.2799997e+00
   2.0170000e+03   8.0000000e+00   1.8000000e+01   1.8000000e+01   4.7000000e+01   0.0000000e+00   1.2000000e+00
   2.0170000e+03   8.0000000e+00   1.8000000e+01   1.8000000e+01   4.8000000e+01   0.0000000e+00   6.2000000e-01
   2.0170000e+03   8.0000000e+00   1.8000000e+01   1.8000000e+01   4.9000000e+01   0.0000000e+00   6.0000000e-01
   2.0170000e+03   8.0000000e+00   1.8000000e+01   1.8000000e+01   5.0000000e+01   0.0000000e+00   1.9999997e-02
   2.0170000e+03   8.0000000e+00   1.8000000e+01   1.8000000e+01   5.1000000e+01   0.0000000e+00   5.8000000e-01
   2.0170000e+03   8.0000000e+00   1.8000000e+01   1.8000000e+01   5.2000000e+01   0.0000000e+00   2.0000074e-02
   2.0170000e+03   8.0000000e+00   1.8000000e+01   1.8000000e+01   5.3000000e+01   0.0000000e+00   0.0000000e+00
   2.0170000e+03   8.0000000e+00   1.8000000e+01   1.8000000e+01   5.4000000e+01   0.0000000e+00   0.0000000e+00
   2.0170000e+03   8.0000000e+00   1.8000000e+01   1.8000000e+01   5.5000000e+01   0.0000000e+00   5.8000000e-01
   2.0170000e+03   8.0000000e+00   1.8000000e+01   1.8000000e+01   5.6000000e+01   0.0000000e+00   2.0000000e-02
   2.0170000e+03   8.0000000e+00   1.8000000e+01   1.8000000e+01   5.7000000e+01   0.0000000e+00   0.0000000e+00
   2.0170000e+03   8.0000000e+00   1.8000000e+01   1.8000000e+01   5.8000000e+01   0.0000000e+00   0.0000000e+00
   2.0170000e+03   8.0000000e+00   1.8000000e+01   1.8000000e+01   5.9000000e+01   0.0000000e+00   0.0000000e+00
   2.0170000e+03   8.0000000e+00   1.8000000e+01   1.9000000e+01   0.0000000e+00   0.0000000e+00   0.0000000e+00
   2.0170000e+03   8.0000000e+00   1.8000000e+01   1.9000000e+01   1.0000000e+00   0.0000000e+00   0.0000000e+00
   2.0170000e+03   8.0000000e+00   1.8000000e+01   1.9000000e+01   2.0000000e+00   0.0000000e+00   0.0000000e+00
   2.0170000e+03   8.0000000e+00   1.8000000e+01   1.9000000e+01   3.0000000e+00   0.0000000e+00   5.8000007e-01
   2.0170000e+03   8.0000000e+00   1.8000000e+01   1.9000000e+01   4.0000000e+00   0.0000000e+00   1.9999997e-02
   2.0170000e+03   8.0000000e+00   1.8000000e+01   1.9000000e+01   5.0000000e+00   0.0000000e+00   0.0000000e+00
   2.0170000e+03   8.0000000e+00   1.8000000e+01   1.9000000e+01   6.0000000e+00   0.0000000e+00   0.0000000e+00
   2.0170000e+03   8.0000000e+00   1.8000000e+01   1.9000000e+01   7.0000000e+00   0.0000000e+00   0.0000000e+00
   2.0170000e+03   8.0000000e+00   1.8000000e+01   1.9000000e+01   8.0000000e+00   0.0000000e+00   0.0000000e+00
   2.0170000e+03   8.0000000e+00   1.8000000e+01   1.9000000e+01   9.0000000e+00   0.0000000e+00   0.0000000e+00
   2.0170000e+03   8.0000000e+00   1.8000000e+01   1.9000000e+01   1.0000000e+01   0.0000000e+00   0.0000000e+00
   2.0170000e+03   8.0000000e+00   1.8000000e+01   1.9000000e+01   1.1000000e+01   0.0000000e+00   0.0000000e+00
   2.0170000e+03   8.0000000e+00   1.8000000e+01   1.9000000e+01   1.2000000e+01   0.0000000e+00   0.0000000e+00
   2.0170000e+03   8.0000000e+00   1.8000000e+01   1.9000000e+01   1.3000000e+01   0.0000000e+00   5.8000000e-01
   2.0170000e+03   8.0000000e+00   1.8000000e+01   1.9000000e+01   1.4000000e+01   0.0000000e+00   1.9999926e-02
   2.0170000e+03   8.0000000e+00   1.8000000e+01   1.9000000e+01   1.5000000e+01   0.0000000e+00   0.0000000e+00
   2.0170000e+03   8.0000000e+00   1.8000000e+01   1.9000000e+01   1.6000000e+01   0.0000000e+00   0.0000000e+00
   2.0170000e+03   8.0000000e+00   1.8000000e+01   1.9000000e+01   1.7000000e+01   0.0000000e+00   0.0000000e+00
   2.0170000e+03   8.0000000e+00   1.8000000e+01   1.9000000e+01   1.8000000e+01   0.0000000e+00   0.0000000e+00
   2.0170000e+03   8.0000000e+00   1.8000000e+01   1.9000000e+01   1.9000000e+01   0.0000000e+00   0.0000000e+00
   2.0170000e+03   8.0000000e+00   1.8000000e+01   1.9000000e+01   2.0000000e+01   0.0000000e+00   0.0000000e+00
   2.0170000e+03   8.0000000e+00   1.8000000e+01   1.9000000e+01   2.1000000e+01   0.0000000e+00   0.0000000e+00
   2.0170000e+03   8.0000000e+00   1.8000000e+01   1.9000000e+01   2.2000000e+01   0.0000000e+00   0.0000000e+00
   2.0170000e+03   8.0000000e+00   1.8000000e+01   1.9000000e+01   2.3000000e+01   0.0000000e+00   0.0000000e+00
   2.0170000e+03   8.0000000e+00   1.8000000e+01   1.9000000e+01   2.4000000e+01   0.0000000e+00   0.0000000e+00
   2.0170000e+03   8.0000000e+00   1.8000000e+01   1.9000000e+01   2.5000000e+01   0.0000000e+00   5.8000000e-01
   2.0170000e+03   8.0000000e+00   1.8000000e+01   1.9000000e+01   2.6000000e+01   0.0000000e+00   2.0000000e-02
   2.0170000e+03   8.0000000e+00   1.8000000e+01   1.9000000e+01   2.7000000e+01   0.0000000e+00   0.0000000e+00
   2.0170000e+03   8.0000000e+00   1.8000000e+01   1.9000000e+01   2.8000000e+01   0.0000000e+00   0.0000000e+00
   2.0170000e+03   8.0000000e+00   1.8000000e+01   1.9000000e+01   2.9000000e+01   0.0000000e+00   0.0000000e+00
   2.0170000e+03   8.0000000e+00   1.8000000e+01   1.9000000e+01   3.0000000e+01   0.0000000e+00   0.0000000e+00
   2.0170000e+03   8.0000000e+00   1.8000000e+01   1.9000000e+01   3.1000000e+01   0.0000000e+00   0.0000000e+00
   2.0170000e+03   8.0000000e+00   1.8000000e+01   1.9000000e+01   3.2000000e+01   0.0000000e+00   0.0000000e+00
   2.0170000e+03   8.0000000e+00   1.8000000e+01   1.9000000e+01   3.3000000e+01   0.0000000e+00   0.0000000e+00
   2.0170000e+03   8.0000000e+00   1.8000000e+01   1.9000000e+01   3.4000000e+01   0.0000000e+00   0.0000000e+00
   2.0170000e+03   8.0000000e+00   1.8000000e+01   1.9000000e+01   3.5000000e+01   0.0000000e+00   0.0000000e+00
   2.0170000e+03   8.0000000e+00   1.8000000e+01   1.9000000e+01   3.6000000e+01   0.0000000e+00   0.0000000e+00
   2.0170000e+03   8.0000000e+00   1.8000000e+01   1.9000000e+01   3.7000000e+01   0.0000000e+00   0.0000000e+00
   2.0170000e+03   8.0000000e+00   1.8000000e+01   1.9000000e+01   3.8000000e+01   0.0000000e+00   0.0000000e+00
   2.0170000e+03   8.0000000e+00   1.8000000e+01   1.9000000e+01   3.9000000e+01   0.0000000e+00   0.0000000e+00
   2.0170000e+03   8.0000000e+00   1.8000000e+01   1.9000000e+01   4.0000000e+01   0.0000000e+00   0.0000000e+00
   2.0170000e+03   8.0000000e+00   1.8000000e+01   1.9000000e+01   4.1000000e+01   0.0000000e+00   0.0000000e+00
   2.0170000e+03   8.0000000e+00   1.8000000e+01   1.9000000e+01   4.2000000e+01   0.0000000e+00   5.8000000e-01
   2.0170000e+03   8.0000000e+00   1.8000000e+01   1.9000000e+01   4.3000000e+01   0.0000000e+00   2.0000000e-02
   2.0170000e+03   8.0000000e+00   1.8000000e+01   1.9000000e+01   4.4000000e+01   0.0000000e+00   0.0000000e+00
   2.0170000e+03   8.0000000e+00   1.8000000e+01   1.9000000e+01   4.5000000e+01   0.0000000e+00   0.0000000e+00
   2.0170000e+03   8.0000000e+00   1.8000000e+01   1.9000000e+01   4.6000000e+01   0.0000000e+00   0.0000000e+00
   2.0170000e+03   8.0000000e+00   1.8000000e+01   1.9000000e+01   4.7000000e+01   0.0000000e+00   5.8000000e-01
   2.0170000e+03   8.0000000e+00   1.8000000e+01   1.9000000e+01   4.8000000e+01   0.0000000e+00   1.7600001e+00
   2.0170000e+03   8.0000000e+00   1.8000000e+01   1.9000000e+01   4.9000000e+01   0.0000000e+00   1.2200000e+00
   2.0170000e+03   8.0000000e+00   1.8000000e+01   1.9000000e+01   5.0000000e+01   0.0000000e+00   5.2600000e+00
   2.0170000e+03   8.0000000e+00   1.8000000e+01   1.9000000e+01   5.1000000e+01   0.0000000e+00   1.0039999e+01
   2.0170000e+03   8.0000000e+00   1.8000000e+01   1.9000000e+01   5.2000000e+01   0.0000000e+00   9.6200000e+00
   2.0170000e+03   8.0000000e+00   1.8000000e+01   1.9000000e+01   5.3000000e+01   0.0000000e+00   8.4400000e+00
   2.0170000e+03   8.0000000e+00   1.8000000e+01   1.9000000e+01   5.4000000e+01   0.0000000e+00   1.3039999e+01
   2.0170000e+03   8.0000000e+00   1.8000000e+01   1.9000000e+01   5.5000000e+01   0.0000000e+00   1.2040000e+01
   2.0170000e+03   8.0000000e+00   1.8000000e+01   1.9000000e+01   5.6000000e+01   0.0000000e+00   9.6800000e+00
   2.0170000e+03   8.0000000e+00   1.8000000e+01   1.9000000e+01   5.7000000e+01   0.0000000e+00   1.2500000e+01
   2.0170000e+03   8.0000000e+00   1.8000000e+01   1.9000000e+01   5.8000000e+01   0.0000000e+00   1.7240000e+01
   2.0170000e+03   8.0000000e+00   1.8000000e+01   1.9000000e+01   5.9000000e+01   0.0000000e+00   1.5660000e+01
   2.0170000e+03   8.0000000e+00   1.8000000e+01   2.0000000e+01   0.0000000e+00   0.0000000e+00   1.4440000e+01
   2.0170000e+03   8.0000000e+00   1.8000000e+01   2.0000000e+01   1.0000000e+00   0.0000000e+00   1.7300000e+01
   2.0170000e+03   8.0000000e+00   1.8000000e+01   2.0000000e+01   2.0000000e+00   0.0000000e+00   1.7400000e+01
   2.0170000e+03   8.0000000e+00   1.8000000e+01   2.0000000e+01   3.0000000e+00   0.0000000e+00   2.3780000e+01
   2.0170000e+03   8.0000000e+00   1.8000000e+01   2.0000000e+01   4.0000000e+00   0.0000000e+00   2.5160000e+01
   2.0170000e+03   8.0000000e+00   1.8000000e+01   2.0000000e+01   5.0000000e+00   0.0000000e+00   2.3460000e+01
   2.0170000e+03   8.0000000e+00   1.8000000e+01   2.0000000e+01   6.0000000e+00   0.0000000e+00   3.1520000e+01
   2.0170000e+03   8.0000000e+00   1.8000000e+01   2.0000000e+01   7.0000000e+00   0.0000000e+00   2.2520000e+01
   2.0170000e+03   8.0000000e+00   1.8000000e+01   2.0000000e+01   8.0000000e+00   0.0000000e+00   1.8720000e+01
   2.0170000e+03   8.0000000e+00   1.8000000e+01   2.0000000e+01   9.0000000e+00   0.0000000e+00   1.6280000e+01
   2.0170000e+03   8.0000000e+00   1.8000000e+01   2.0000000e+01   1.0000000e+01   0.0000000e+00   2.1420000e+01
   2.0170000e+03   8.0000000e+00   1.8000000e+01   2.0000000e+01   1.1000000e+01   0.0000000e+00   1.5800000e+01
   2.0170000e+03   8.0000000e+00   1.8000000e+01   2.0000000e+01   1.2000000e+01   0.0000000e+00   1.0960000e+01
   2.0170000e+03   8.0000000e+00   1.8000000e+01   2.0000000e+01   1.3000000e+01   0.0000000e+00   9.0600000e+00
   2.0170000e+03   8.0000000e+00   1.8000000e+01   2.0000000e+01   1.4000000e+01   0.0000000e+00   7.8400000e+00
   2.0170000e+03   8.0000000e+00   1.8000000e+01   2.0000000e+01   1.5000000e+01   0.0000000e+00   7.2200000e+00
   2.0170000e+03   8.0000000e+00   1.8000000e+01   2.0000000e+01   1.6000000e+01   0.0000000e+00   5.4599998e+00
   2.0170000e+03   8.0000000e+00   1.8000000e+01   2.0000000e+01   1.7000000e+01   0.0000000e+00   3.6600000e+00
   2.0170000e+03   8.0000000e+00   1.8000000e+01   2.0000000e+01   1.8000000e+01   0.0000000e+00   2.4400000e+00
   2.0170000e+03   8.0000000e+00   1.8000000e+01   2.0000000e+01   1.9000000e+01   0.0000000e+00   2.4000000e+00
   2.0170000e+03   8.0000000e+00   1.8000000e+01   2.0000000e+01   2.0000000e+01   0.0000000e+00   2.4000000e+00
   2.0170000e+03   8.0000000e+00   1.8000000e+01   2.0000000e+01   2.1000000e+01   0.0000000e+00   2.9800000e+00
   2.0170000e+03   8.0000000e+00   1.8000000e+01   2.0000000e+01   2.2000000e+01   0.0000000e+00   3.0000000e+00
   2.0170000e+03   8.0000000e+00   1.8000000e+01   2.0000000e+01   2.3000000e+01   0.0000000e+00   4.1600000e+00
   2.0170000e+03   8.0000000e+00   1.8000000e+01   2.0000000e+01   2.4000000e+01   0.0000000e+00   3.0400000e+00
   2.0170000e+03   8.0000000e+00   1.8000000e+01   2.0000000e+01   2.5000000e+01   0.0000000e+00   2.4200000e+00
   2.0170000e+03   8.0000000e+00   1.8000000e+01   2.0000000e+01   2.6000000e+01   0.0000000e+00   2.4000000e+00
   2.0170000e+03   8.0000000e+00   1.8000000e+01   2.0000000e+01   2.7000000e+01   0.0000000e+00   1.8200000e+00
   2.0170000e+03   8.0000000e+00   1.8000000e+01   2.0000000e+01   2.8000000e+01   0.0000000e+00   1.8000000e+00
   2.0170000e+03   8.0000000e+00   1.8000000e+01   2.0000000e+01   2.9000000e+01   0.0000000e+00   1.2200000e+00
   2.0170000e+03   8.0000000e+00   1.8000000e+01   2.0000000e+01   3.0000000e+01   0.0000000e+00   1.2000000e+00
   2.0170000e+03   8.0000000e+00   1.8000000e+01   2.0000000e+01   3.1000000e+01   0.0000000e+00   6.2000000e-01
   2.0170000e+03   8.0000000e+00   1.8000000e+01   2.0000000e+01   3.2000000e+01   0.0000000e+00   6.0000000e-01
   2.0170000e+03   8.0000000e+00   1.8000000e+01   2.0000000e+01   3.3000000e+01   0.0000000e+00   6.0000000e-01
   2.0170000e+03   8.0000000e+00   1.8000000e+01   2.0000000e+01   3.4000000e+01   0.0000000e+00   1.9999997e-02
   2.0170000e+03   8.0000000e+00   1.8000000e+01   2.0000000e+01   3.5000000e+01   0.0000000e+00   0.0000000e+00
   2.0170000e+03   8.0000000e+00   1.8000000e+01   2.0000000e+01   3.6000000e+01   0.0000000e+00   5.7999993e-01
   2.0170000e+03   8.0000000e+00   1.8000000e+01   2.0000000e+01   3.7000000e+01   0.0000000e+00   2.0000003e-02
   2.0170000e+03   8.0000000e+00   1.8000000e+01   2.0000000e+01   3.8000000e+01   0.0000000e+00   5.8000000e-01
   2.0170000e+03   8.0000000e+00   1.8000000e+01   2.0000000e+01   3.9000000e+01   0.0000000e+00   6.0000000e-01
   2.0170000e+03   8.0000000e+00   1.8000000e+01   2.0000000e+01   4.0000000e+01   0.0000000e+00   1.1800000e+00
   2.0170000e+03   8.0000000e+00   1.8000000e+01   2.0000000e+01   4.1000000e+01   0.0000000e+00   1.2000000e+00
   2.0170000e+03   8.0000000e+00   1.8000000e+01   2.0000000e+01   4.2000000e+01   0.0000000e+00   6.2000000e-01
   2.0170000e+03   8.0000000e+00   1.8000000e+01   2.0000000e+01   4.3000000e+01   0.0000000e+00   2.0000000e-02
   2.0170000e+03   8.0000000e+00   1.8000000e+01   2.0000000e+01   4.4000000e+01   0.0000000e+00   5.8000007e-01
   2.0170000e+03   8.0000000e+00   1.8000000e+01   2.0000000e+01   4.5000000e+01   0.0000000e+00   1.9999997e-02
   2.0170000e+03   8.0000000e+00   1.8000000e+01   2.0000000e+01   4.6000000e+01   0.0000000e+00   5.8000000e-01
   2.0170000e+03   8.0000000e+00   1.8000000e+01   2.0000000e+01   4.7000000e+01   0.0000000e+00   1.9999926e-02
   2.0170000e+03   8.0000000e+00   1.8000000e+01   2.0000000e+01   4.8000000e+01   0.0000000e+00   0.0000000e+00
   2.0170000e+03   8.0000000e+00   1.8000000e+01   2.0000000e+01   4.9000000e+01   0.0000000e+00   5.8000000e-01
   2.0170000e+03   8.0000000e+00   1.8000000e+01   2.0000000e+01   5.0000000e+01   0.0000000e+00   2.0000074e-02
   2.0170000e+03   8.0000000e+00   1.8000000e+01   2.0000000e+01   5.1000000e+01   0.0000000e+00   0.0000000e+00
   2.0170000e+03   8.0000000e+00   1.8000000e+01   2.0000000e+01   5.2000000e+01   0.0000000e+00   0.0000000e+00
   2.0170000e+03   8.0000000e+00   1.8000000e+01   2.0000000e+01   5.3000000e+01   0.0000000e+00   0.0000000e+00
   2.0170000e+03   8.0000000e+00   1.8000000e+01   2.0000000e+01   5.4000000e+01   0.0000000e+00   5.8000000e-01
   2.0170000e+03   8.0000000e+00   1.8000000e+01   2.0000000e+01   5.5000000e+01   0.0000000e+00   2.0000000e-02
   2.0170000e+03   8.0000000e+00   1.8000000e+01   2.0000000e+01   5.6000000e+01   0.0000000e+00   0.0000000e+00
   2.0170000e+03   8.0000000e+00   1.8000000e+01   2.0000000e+01   5.7000000e+01   0.0000000e+00   0.0000000e+00
   2.0170000e+03   8.0000000e+00   1.8000000e+01   2.0000000e+01   5.8000000e+01   0.0000000e+00   0.0000000e+00
   2.0170000e+03   8.0000000e+00   1.8000000e+01   2.0000000e+01   5.9000000e+01   0.0000000e+00   0.0000000e+00
   2.0170000e+03   8.0000000e+00   1.8000000e+01   2.1000000e+01   0.0000000e+00   0.0000000e+00   0.0000000e+00
   2.0170000e+03   8.0000000e+00   1.8000000e+01   2.1000000e+01   1.0000000e+00   0.0000000e+00   0.0000000e+00
   2.0170000e+03   8.0000000e+00   1.8000000e+01   2.1000000e+01   2.0000000e+00   0.0000000e+00   5.8000000e-01
   2.0170000e+03   8.0000000e+00   1.8000000e+01   2.1000000e+01   3.0000000e+00   0.0000000e+00   2.0000000e-02
   2.0170000e+03   8.0000000e+00   1.8000000e+01   2.1000000e+01   4.0000000e+00   0.0000000e+00   0.0000000e+00
   2.0170000e+03   8.0000000e+00   1.8000000e+01   2.1000000e+01   5.0000000e+00   0.0000000e+00   0.0000000e+00
   2.0170000e+03   8.0000000e+00   1.8000000e+01   2.1000000e+01   6.0000000e+00   0.0000000e+00   0.0000000e+00
   2.0170000e+03   8.0000000e+00   1.8000000e+01   2.1000000e+01   7.0000000e+00   0.0000000e+00   0.0000000e+00
   2.0170000e+03   8.0000000e+00   1.8000000e+01   2.1000000e+01   8.0000000e+00   0.0000000e+00   0.0000000e+00
   2.0170000e+03   8.0000000e+00   1.8000000e+01   2.1000000e+01   9.0000000e+00   0.0000000e+00   0.0000000e+00
   2.0170000e+03   8.0000000e+00   1.8000000e+01   2.1000000e+01   1.0000000e+01   0.0000000e+00   0.0000000e+00
   2.0170000e+03   8.0000000e+00   1.8000000e+01   2.1000000e+01   1.1000000e+01   0.0000000e+00   5.8000000e-01
   2.0170000e+03   8.0000000e+00   1.8000000e+01   2.1000000e+01   1.2000000e+01   0.0000000e+00   2.0000000e-02
   2.0170000e+03   8.0000000e+00   1.8000000e+01   2.1000000e+01   1.3000000e+01   0.0000000e+00   0.0000000e+00
   2.0170000e+03   8.0000000e+00   1.8000000e+01   2.1000000e+01   1.4000000e+01   0.0000000e+00   0.0000000e+00
   2.0170000e+03   8.0000000e+00   1.8000000e+01   2.1000000e+01   1.5000000e+01   0.0000000e+00   5.8000007e-01
   2.0170000e+03   8.0000000e+00   1.8000000e+01   2.1000000e+01   1.6000000e+01   0.0000000e+00   1.9999997e-02
   2.0170000e+03   8.0000000e+00   1.8000000e+01   2.1000000e+01   1.7000000e+01   0.0000000e+00   5.8000000e-01
   2.0170000e+03   8.0000000e+00   1.8000000e+01   2.1000000e+01   1.8000000e+01   0.0000000e+00   1.9999926e-02
   2.0170000e+03   8.0000000e+00   1.8000000e+01   2.1000000e+01   1.9000000e+01   0.0000000e+00   5.8000000e-01
   2.0170000e+03   8.0000000e+00   1.8000000e+01   2.1000000e+01   2.0000000e+01   0.0000000e+00   2.0000000e-02
   2.0170000e+03   8.0000000e+00   1.8000000e+01   2.1000000e+01   2.1000000e+01   0.0000000e+00   0.0000000e+00
   2.0170000e+03   8.0000000e+00   1.8000000e+01   2.1000000e+01   2.2000000e+01   0.0000000e+00   5.8000000e-01
   2.0170000e+03   8.0000000e+00   1.8000000e+01   2.1000000e+01   2.3000000e+01   0.0000000e+00   2.0000000e-02
   2.0170000e+03   8.0000000e+00   1.8000000e+01   2.1000000e+01   2.4000000e+01   0.0000000e+00   5.7999993e-01
   2.0170000e+03   8.0000000e+00   1.8000000e+01   2.1000000e+01   2.5000000e+01   0.0000000e+00   2.0000003e-02
   2.0170000e+03   8.0000000e+00   1.8000000e+01   2.1000000e+01   2.6000000e+01   0.0000000e+00   0.0000000e+00
   2.0170000e+03   8.0000000e+00   1.8000000e+01   2.1000000e+01   2.7000000e+01   0.0000000e+00   1.1600000e+00
   2.0170000e+03   8.0000000e+00   1.8000000e+01   2.1000000e+01   2.8000000e+01   0.0000000e+00   6.2000000e-01
   2.0170000e+03   8.0000000e+00   1.8000000e+01   2.1000000e+01   2.9000000e+01   0.0000000e+00   1.1800001e+00
   2.0170000e+03   8.0000000e+00   1.8000000e+01   2.1000000e+01   3.0000000e+01   0.0000000e+00   1.2000000e+00
   2.0170000e+03   8.0000000e+00   1.8000000e+01   2.1000000e+01   3.1000000e+01   0.0000000e+00   6.2000000e-01
   2.0170000e+03   8.0000000e+00   1.8000000e+01   2.1000000e+01   3.2000000e+01   0.0000000e+00   6.0000000e-01
   2.0170000e+03   8.0000000e+00   1.8000000e+01   2.1000000e+01   3.3000000e+01   0.0000000e+00   6.0000000e-01
   2.0170000e+03   8.0000000e+00   1.8000000e+01   2.1000000e+01   3.4000000e+01   0.0000000e+00   6.0000000e-01
   2.0170000e+03   8.0000000e+00   1.8000000e+01   2.1000000e+01   3.5000000e+01   0.0000000e+00   2.0000074e-02
   2.0170000e+03   8.0000000e+00   1.8000000e+01   2.1000000e+01   3.6000000e+01   0.0000000e+00   1.1600000e+00
   2.0170000e+03   8.0000000e+00   1.8000000e+01   2.1000000e+01   3.7000000e+01   0.0000000e+00   2.9400000e+00
   2.0170000e+03   8.0000000e+00   1.8000000e+01   2.1000000e+01   3.8000000e+01   0.0000000e+00   3.5799999e+00
   2.0170000e+03   8.0000000e+00   1.8000000e+01   2.1000000e+01   3.9000000e+01   0.0000000e+00   4.7600000e+00
   2.0170000e+03   8.0000000e+00   1.8000000e+01   2.1000000e+01   4.0000000e+01   0.0000000e+00   4.2200000e+00
   2.0170000e+03   8.0000000e+00   1.8000000e+01   2.1000000e+01   4.1000000e+01   0.0000000e+00   3.6200000e+00
   2.0170000e+03   8.0000000e+00   1.8000000e+01   2.1000000e+01   4.2000000e+01   0.0000000e+00   3.0200000e+00
   2.0170000e+03   8.0000000e+00   1.8000000e+01   2.1000000e+01   4.3000000e+01   0.0000000e+00   5.9000000e+00
   2.0170000e+03   8.0000000e+00   1.8000000e+01   2.1000000e+01   4.4000000e+01   0.0000000e+00   5.4200000e+00
   2.0170000e+03   8.0000000e+00   1.8000000e+01   2.1000000e+01   4.5000000e+01   0.0000000e+00   3.0800000e+00
   2.0170000e+03   8.0000000e+00   1.8000000e+01   2.1000000e+01   4.6000000e+01   0.0000000e+00   1.2599998e+00
   2.0170000e+03   8.0000000e+00   1.8000000e+01   2.1000000e+01   4.7000000e+01   0.0000000e+00   6.2000000e-01
   2.0170000e+03   8.0000000e+00   1.8000000e+01   2.1000000e+01   4.8000000e+01   0.0000000e+00   2.0000000e-02
   2.0170000e+03   8.0000000e+00   1.8000000e+01   2.1000000e+01   4.9000000e+01   0.0000000e+00   5.8000007e-01
   2.0170000e+03   8.0000000e+00   1.8000000e+01   2.1000000e+01   5.0000000e+01   0.0000000e+00   6.0000000e-01
   2.0170000e+03   8.0000000e+00   1.8000000e+01   2.1000000e+01   5.1000000e+01   0.0000000e+00   2.0000000e-02
   2.0170000e+03   8.0000000e+00   1.8000000e+01   2.1000000e+01   5.2000000e+01   0.0000000e+00   0.0000000e+00
   2.0170000e+03   8.0000000e+00   1.8000000e+01   2.1000000e+01   5.3000000e+01   0.0000000e+00   5.8000000e-01
   2.0170000e+03   8.0000000e+00   1.8000000e+01   2.1000000e+01   5.4000000e+01   0.0000000e+00   2.0000000e-02
   2.0170000e+03   8.0000000e+00   1.8000000e+01   2.1000000e+01   5.5000000e+01   0.0000000e+00   0.0000000e+00
   2.0170000e+03   8.0000000e+00   1.8000000e+01   2.1000000e+01   5.6000000e+01   0.0000000e+00   5.8000000e-01
   2.0170000e+03   8.0000000e+00   1.8000000e+01   2.1000000e+01   5.7000000e+01   0.0000000e+00   2.0000000e-02
   2.0170000e+03   8.0000000e+00   1.8000000e+01   2.1000000e+01   5.8000000e+01   0.0000000e+00   0.0000000e+00
   2.0170000e+03   8.0000000e+00   1.8000000e+01   2.1000000e+01   5.9000000e+01   0.0000000e+00   0.0000000e+00
   2.0170000e+03   8.0000000e+00   1.8000000e+01   2.2000000e+01   0.0000000e+00   0.0000000e+00   5.8000007e-01
   2.0170000e+03   8.0000000e+00   1.8000000e+01   2.2000000e+01   1.0000000e+00   0.0000000e+00   1.9999997e-02
   2.0170000e+03   8.0000000e+00   1.8000000e+01   2.2000000e+01   2.0000000e+00   0.0000000e+00   5.8000000e-01
   2.0170000e+03   8.0000000e+00   1.8000000e+01   2.2000000e+01   3.0000000e+00   0.0000000e+00   1.9999926e-02
   2.0170000e+03   8.0000000e+00   1.8000000e+01   2.2000000e+01   4.0000000e+00   0.0000000e+00   5.8000000e-01
   2.0170000e+03   8.0000000e+00   1.8000000e+01   2.2000000e+01   5.0000000e+00   0.0000000e+00   1.1800000e+00
   2.0170000e+03   8.0000000e+00   1.8000000e+01   2.2000000e+01   6.0000000e+00   0.0000000e+00   1.7799999e+00
   2.0170000e+03   8.0000000e+00   1.8000000e+01   2.2000000e+01   7.0000000e+00   0.0000000e+00   2.9600000e+00
   2.0170000e+03   8.0000000e+00   1.8000000e+01   2.2000000e+01   8.0000000e+00   0.0000000e+00   3.5800000e+00
   2.0170000e+03   8.0000000e+00   1.8000000e+01   2.2000000e+01   9.0000000e+00   0.0000000e+00   2.4400001e+00
   2.0170000e+03   8.0000000e+00   1.8000000e+01   2.2000000e+01   1.0000000e+01   0.0000000e+00   1.2400000e+00
   2.0170000e+03   8.0000000e+00   1.8000000e+01   2.2000000e+01   1.1000000e+01   0.0000000e+00   6.2000000e-01
   2.0170000e+03   8.0000000e+00   1.8000000e+01   2.2000000e+01   1.2000000e+01   0.0000000e+00   6.0000000e-01
   2.0170000e+03   8.0000000e+00   1.8000000e+01   2.2000000e+01   1.3000000e+01   0.0000000e+00   6.0000000e-01
   2.0170000e+03   8.0000000e+00   1.8000000e+01   2.2000000e+01   1.4000000e+01   0.0000000e+00   1.9999926e-02
   2.0170000e+03   8.0000000e+00   1.8000000e+01   2.2000000e+01   1.5000000e+01   0.0000000e+00   5.8000000e-01
   2.0170000e+03   8.0000000e+00   1.8000000e+01   2.2000000e+01   1.6000000e+01   0.0000000e+00   2.0000000e-02
   2.0170000e+03   8.0000000e+00   1.8000000e+01   2.2000000e+01   1.7000000e+01   0.0000000e+00   5.8000007e-01
   2.0170000e+03   8.0000000e+00   1.8000000e+01   2.2000000e+01   1.8000000e+01   0.0000000e+00   1.9999997e-02
   2.0170000e+03   8.0000000e+00   1.8000000e+01   2.2000000e+01   1.9000000e+01   0.0000000e+00   5.8000000e-01
   2.0170000e+03   8.0000000e+00   1.8000000e+01   2.2000000e+01   2.0000000e+01   0.0000000e+00   2.0000074e-02
   2.0170000e+03   8.0000000e+00   1.8000000e+01   2.2000000e+01   2.1000000e+01   0.0000000e+00   0.0000000e+00
   2.0170000e+03   8.0000000e+00   1.8000000e+01   2.2000000e+01   2.2000000e+01   0.0000000e+00   5.8000000e-01
   2.0170000e+03   8.0000000e+00   1.8000000e+01   2.2000000e+01   2.3000000e+01   0.0000000e+00   2.0000074e-02
   2.0170000e+03   8.0000000e+00   1.8000000e+01   2.2000000e+01   2.4000000e+01   0.0000000e+00   0.0000000e+00
   2.0170000e+03   8.0000000e+00   1.8000000e+01   2.2000000e+01   2.5000000e+01   0.0000000e+00   0.0000000e+00
   2.0170000e+03   8.0000000e+00   1.8000000e+01   2.2000000e+01   2.6000000e+01   0.0000000e+00   5.8000000e-01
   2.0170000e+03   8.0000000e+00   1.8000000e+01   2.2000000e+01   2.7000000e+01   0.0000000e+00   2.0000000e-02
   2.0170000e+03   8.0000000e+00   1.8000000e+01   2.2000000e+01   2.8000000e+01   0.0000000e+00   0.0000000e+00
   2.0170000e+03   8.0000000e+00   1.8000000e+01   2.2000000e+01   2.9000000e+01   0.0000000e+00   0.0000000e+00
   2.0170000e+03   8.0000000e+00   1.8000000e+01   2.2000000e+01   3.0000000e+01   0.0000000e+00   0.0000000e+00
   2.0170000e+03   8.0000000e+00   1.8000000e+01   2.2000000e+01   3.1000000e+01   0.0000000e+00   5.8000007e-01
   2.0170000e+03   8.0000000e+00   1.8000000e+01   2.2000000e+01   3.2000000e+01   0.0000000e+00   1.9999997e-02
   2.0170000e+03   8.0000000e+00   1.8000000e+01   2.2000000e+01   3.3000000e+01   0.0000000e+00   5.8000000e-01
   2.0170000e+03   8.0000000e+00   1.8000000e+01   2.2000000e+01   3.4000000e+01   0.0000000e+00   1.9999926e-02
   2.0170000e+03   8.0000000e+00   1.8000000e+01   2.2000000e+01   3.5000000e+01   0.0000000e+00   5.8000000e-01
   2.0170000e+03   8.0000000e+00   1.8000000e+01   2.2000000e+01   3.6000000e+01   0.0000000e+00   2.0000000e-02
   2.0170000e+03   8.0000000e+00   1.8000000e+01   2.2000000e+01   3.7000000e+01   0.0000000e+00   0.0000000e+00
   2.0170000e+03   8.0000000e+00   1.8000000e+01   2.2000000e+01   3.8000000e+01   0.0000000e+00   0.0000000e+00
   2.0170000e+03   8.0000000e+00   1.8000000e+01   2.2000000e+01   3.9000000e+01   0.0000000e+00   5.8000000e-01
   2.0170000e+03   8.0000000e+00   1.8000000e+01   2.2000000e+01   4.0000000e+01   0.0000000e+00   2.0000000e-02
   2.0170000e+03   8.0000000e+00   1.8000000e+01   2.2000000e+01   4.1000000e+01   0.0000000e+00   0.0000000e+00
   2.0170000e+03   8.0000000e+00   1.8000000e+01   2.2000000e+01   4.2000000e+01   0.0000000e+00   0.0000000e+00
   2.0170000e+03   8.0000000e+00   1.8000000e+01   2.2000000e+01   4.3000000e+01   0.0000000e+00   5.8000000e-01
   2.0170000e+03   8.0000000e+00   1.8000000e+01   2.2000000e+01   4.4000000e+01   0.0000000e+00   2.0000000e-02
   2.0170000e+03   8.0000000e+00   1.8000000e+01   2.2000000e+01   4.5000000e+01   0.0000000e+00   0.0000000e+00
   2.0170000e+03   8.0000000e+00   1.8000000e+01   2.2000000e+01   4.6000000e+01   0.0000000e+00   0.0000000e+00
   2.0170000e+03   8.0000000e+00   1.8000000e+01   2.2000000e+01   4.7000000e+01   0.0000000e+00   0.0000000e+00
   2.0170000e+03   8.0000000e+00   1.8000000e+01   2.2000000e+01   4.8000000e+01   0.0000000e+00   0.0000000e+00
   2.0170000e+03   8.0000000e+00   1.8000000e+01   2.2000000e+01   4.9000000e+01   0.0000000e+00   5.8000000e-01
   2.0170000e+03   8.0000000e+00   1.8000000e+01   2.2000000e+01   5.0000000e+01   0.0000000e+00   2.0000000e-02
   2.0170000e+03   8.0000000e+00   1.8000000e+01   2.2000000e+01   5.1000000e+01   0.0000000e+00   0.0000000e+00
   2.0170000e+03   8.0000000e+00   1.8000000e+01   2.2000000e+01   5.2000000e+01   0.0000000e+00   0.0000000e+00
   2.0170000e+03   8.0000000e+00   1.8000000e+01   2.2000000e+01   5.3000000e+01   0.0000000e+00   0.0000000e+00
   2.0170000e+03   8.0000000e+00   1.8000000e+01   2.2000000e+01   5.4000000e+01   0.0000000e+00   0.0000000e+00
   2.0170000e+03   8.0000000e+00   1.8000000e+01   2.2000000e+01   5.5000000e+01   0.0000000e+00   0.0000000e+00
   2.0170000e+03   8.0000000e+00   1.8000000e+01   2.2000000e+01   5.6000000e+01   0.0000000e+00   0.0000000e+00
   2.0170000e+03   8.0000000e+00   1.8000000e+01   2.2000000e+01   5.7000000e+01   0.0000000e+00   0.0000000e+00
   2.0170000e+03   8.0000000e+00   1.8000000e+01   2.2000000e+01   5.8000000e+01   0.0000000e+00   5.8000000e-01
   2.0170000e+03   8.0000000e+00   1.8000000e+01   2.2000000e+01   5.9000000e+01   0.0000000e+00   1.9999926e-02
   2.0170000e+03   8.0000000e+00   1.8000000e+01   2.3000000e+01   0.0000000e+00   0.0000000e+00   0.0000000e+00
   2.0170000e+03   8.0000000e+00   1.8000000e+01   2.3000000e+01   1.0000000e+00   0.0000000e+00   0.0000000e+00
   2.0170000e+03   8.0000000e+00   1.8000000e+01   2.3000000e+01   2.0000000e+00   0.0000000e+00   5.8000007e-01
   2.0170000e+03   8.0000000e+00   1.8000000e+01   2.3000000e+01   3.0000000e+00   0.0000000e+00   1.9999997e-02
   2.0170000e+03   8.0000000e+00   1.8000000e+01   2.3000000e+01   4.0000000e+00   0.0000000e+00   0.0000000e+00
   2.0170000e+03   8.0000000e+00   1.8000000e+01   2.3000000e+01   5.0000000e+00   0.0000000e+00   5.7999993e-01
   2.0170000e+03   8.0000000e+00   1.8000000e+01   2.3000000e+01   6.0000000e+00   0.0000000e+00   2.0000003e-02
   2.0170000e+03   8.0000000e+00   1.8000000e+01   2.3000000e+01   7.0000000e+00   0.0000000e+00   0.0000000e+00
   2.0170000e+03   8.0000000e+00   1.8000000e+01   2.3000000e+01   8.0000000e+00   0.0000000e+00   0.0000000e+00
   2.0170000e+03   8.0000000e+00   1.8000000e+01   2.3000000e+01   9.0000000e+00   0.0000000e+00   5.8000000e-01
   2.0170000e+03   8.0000000e+00   1.8000000e+01   2.3000000e+01   1.0000000e+01   0.0000000e+00   2.0000000e-02
   2.0170000e+03   8.0000000e+00   1.8000000e+01   2.3000000e+01   1.1000000e+01   0.0000000e+00   0.0000000e+00
   2.0170000e+03   8.0000000e+00   1.8000000e+01   2.3000000e+01   1.2000000e+01   0.0000000e+00   5.8000000e-01
   2.0170000e+03   8.0000000e+00   1.8000000e+01   2.3000000e+01   1.3000000e+01   0.0000000e+00   2.0000000e-02
   2.0170000e+03   8.0000000e+00   1.8000000e+01   2.3000000e+01   1.4000000e+01   0.0000000e+00   0.0000000e+00
   2.0170000e+03   8.0000000e+00   1.8000000e+01   2.3000000e+01   1.5000000e+01   0.0000000e+00   0.0000000e+00
   2.0170000e+03   8.0000000e+00   1.8000000e+01   2.3000000e+01   1.6000000e+01   0.0000000e+00   5.8000007e-01
   2.0170000e+03   8.0000000e+00   1.8000000e+01   2.3000000e+01   1.7000000e+01   0.0000000e+00   1.9999997e-02
   2.0170000e+03   8.0000000e+00   1.8000000e+01   2.3000000e+01   1.8000000e+01   0.0000000e+00   0.0000000e+00
   2.0170000e+03   8.0000000e+00   1.8000000e+01   2.3000000e+01   1.9000000e+01   0.0000000e+00   0.0000000e+00
   2.0170000e+03   8.0000000e+00   1.8000000e+01   2.3000000e+01   2.0000000e+01   0.0000000e+00   0.0000000e+00
   2.0170000e+03   8.0000000e+00   1.8000000e+01   2.3000000e+01   2.1000000e+01   0.0000000e+00   5.8000000e-01
   2.0170000e+03   8.0000000e+00   1.8000000e+01   2.3000000e+01   2.2000000e+01   0.0000000e+00   2.0000074e-02
   2.0170000e+03   8.0000000e+00   1.8000000e+01   2.3000000e+01   2.3000000e+01   0.0000000e+00   0.0000000e+00
   2.0170000e+03   8.0000000e+00   1.8000000e+01   2.3000000e+01   2.4000000e+01   0.0000000e+00   0.0000000e+00
   2.0170000e+03   8.0000000e+00   1.8000000e+01   2.3000000e+01   2.5000000e+01   0.0000000e+00   0.0000000e+00
   2.0170000e+03   8.0000000e+00   1.8000000e+01   2.3000000e+01   2.6000000e+01   0.0000000e+00   0.0000000e+00
   2.0170000e+03   8.0000000e+00   1.8000000e+01   2.3000000e+01   2.7000000e+01   0.0000000e+00   0.0000000e+00
   2.0170000e+03   8.0000000e+00   1.8000000e+01   2.3000000e+01   2.8000000e+01   0.0000000e+00   0.0000000e+00
   2.0170000e+03   8.0000000e+00   1.8000000e+01   2.3000000e+01   2.9000000e+01   0.0000000e+00   0.0000000e+00
   2.0170000e+03   8.0000000e+00   1.8000000e+01   2.3000000e+01   3.0000000e+01   0.0000000e+00   0.0000000e+00
   2.0170000e+03   8.0000000e+00   1.8000000e+01   2.3000000e+01   3.1000000e+01   0.0000000e+00   0.0000000e+00
   2.0170000e+03   8.0000000e+00   1.8000000e+01   2.3000000e+01   3.2000000e+01   0.0000000e+00   0.0000000e+00
   2.0170000e+03   8.0000000e+00   1.8000000e+01   2.3000000e+01   3.3000000e+01   0.0000000e+00   0.0000000e+00
   2.0170000e+03   8.0000000e+00   1.8000000e+01   2.3000000e+01   3.4000000e+01   0.0000000e+00   0.0000000e+00
   2.0170000e+03   8.0000000e+00   1.8000000e+01   2.3000000e+01   3.5000000e+01   0.0000000e+00   0.0000000e+00
   2.0170000e+03   8.0000000e+00   1.8000000e+01   2.3000000e+01   3.6000000e+01   0.0000000e+00   0.0000000e+00
   2.0170000e+03   8.0000000e+00   1.8000000e+01   2.3000000e+01   3.7000000e+01   0.0000000e+00   0.0000000e+00
   2.0170000e+03   8.0000000e+00   1.8000000e+01   2.3000000e+01   3.8000000e+01   0.0000000e+00   0.0000000e+00
   2.0170000e+03   8.0000000e+00   1.8000000e+01   2.3000000e+01   3.9000000e+01   0.0000000e+00   0.0000000e+00
   2.0170000e+03   8.0000000e+00   1.8000000e+01   2.3000000e+01   4.0000000e+01   0.0000000e+00   0.0000000e+00
   2.0170000e+03   8.0000000e+00   1.8000000e+01   2.3000000e+01   4.1000000e+01   0.0000000e+00   0.0000000e+00
   2.0170000e+03   8.0000000e+00   1.8000000e+01   2.3000000e+01   4.2000000e+01   0.0000000e+00   0.0000000e+00
   2.0170000e+03   8.0000000e+00   1.8000000e+01   2.3000000e+01   4.3000000e+01   0.0000000e+00   0.0000000e+00
   2.0170000e+03   8.0000000e+00   1.8000000e+01   2.3000000e+01   4.4000000e+01   0.0000000e+00   0.0000000e+00
   2.0170000e+03   8.0000000e+00   1.8000000e+01   2.3000000e+01   4.5000000e+01   0.0000000e+00   5.8000000e-01
   2.0170000e+03   8.0000000e+00   1.8000000e+01   2.3000000e+01   4.6000000e+01   0.0000000e+00   2.0000000e-02
   2.0170000e+03   8.0000000e+00   1.8000000e+01   2.3000000e+01   4.7000000e+01   0.0000000e+00   0.0000000e+00
   2.0170000e+03   8.0000000e+00   1.8000000e+01   2.3000000e+01   4.8000000e+01   0.0000000e+00   0.0000000e+00
   2.0170000e+03   8.0000000e+00   1.8000000e+01   2.3000000e+01   4.9000000e+01   0.0000000e+00   0.0000000e+00
   2.0170000e+03   8.0000000e+00   1.8000000e+01   2.3000000e+01   5.0000000e+01   0.0000000e+00   0.0000000e+00
   2.0170000e+03   8.0000000e+00   1.8000000e+01   2.3000000e+01   5.1000000e+01   0.0000000e+00   0.0000000e+00
   2.0170000e+03   8.0000000e+00   1.8000000e+01   2.3000000e+01   5.2000000e+01   0.0000000e+00   0.0000000e+00
   2.0170000e+03   8.0000000e+00   1.8000000e+01   2.3000000e+01   5.3000000e+01   0.0000000e+00   0.0000000e+00
   2.0170000e+03   8.0000000e+00   1.8000000e+01   2.3000000e+01   5.4000000e+01   0.0000000e+00   5.8000000e-01
   2.0170000e+03   8.0000000e+00   1.8000000e+01   2.3000000e+01   5.5000000e+01   0.0000000e+00   2.0000000e-02
   2.0170000e+03   8.0000000e+00   1.8000000e+01   2.3000000e+01   5.6000000e+01   0.0000000e+00   5.8000000e-01
   2.0170000e+03   8.0000000e+00   1.8000000e+01   2.3000000e+01   5.7000000e+01   0.0000000e+00   1.7600000e+00
   2.0170000e+03   8.0000000e+00   1.8000000e+01   2.3000000e+01   5.8000000e+01   0.0000000e+00   5.2800000e+00
   2.0170000e+03   8.0000000e+00   1.8000000e+01   2.3000000e+01   5.9000000e+01   0.0000000e+00   6.5600000e+00
   2.0170000e+03   8.0000000e+00   1.9000000e+01   0.0000000e+00   0.0000000e+00   0.0000000e+00   3.1200000e+00
   2.0170000e+03   8.0000000e+00   1.9000000e+01   0.0000000e+00   1.0000000e+00   0.0000000e+00   5.3200003e+00
   2.0170000e+03   8.0000000e+00   1.9000000e+01   0.0000000e+00   2.0000000e+00   0.0000000e+00   6.5600000e+00
   2.0170000e+03   8.0000000e+00   1.9000000e+01   0.0000000e+00   3.0000000e+00   0.0000000e+00   5.4400000e+00
   2.0170000e+03   8.0000000e+00   1.9000000e+01   0.0000000e+00   4.0000000e+00   0.0000000e+00   4.2399999e+00
   2.0170000e+03   8.0000000e+00   1.9000000e+01   0.0000000e+00   5.0000000e+00   0.0000000e+00   2.4600000e+00
   2.0170000e+03   8.0000000e+00   1.9000000e+01   0.0000000e+00   6.0000000e+00   0.0000000e+00   2.9800000e+00
   2.0170000e+03   8.0000000e+00   1.9000000e+01   0.0000000e+00   7.0000000e+00   0.0000000e+00   4.7399998e+00
   2.0170000e+03   8.0000000e+00   1.9000000e+01   0.0000000e+00   8.0000000e+00   0.0000000e+00   5.3800000e+00
   2.0170000e+03   8.0000000e+00   1.9000000e+01   0.0000000e+00   9.0000000e+00   0.0000000e+00   7.1400000e+00
   2.0170000e+03   8.0000000e+00   1.9000000e+01   0.0000000e+00   1.0000000e+01   0.0000000e+00   7.7800000e+00
   2.0170000e+03   8.0000000e+00   1.9000000e+01   0.0000000e+00   1.1000000e+01   0.0000000e+00   3.7400000e+00
   2.0170000e+03   8.0000000e+00   1.9000000e+01   0.0000000e+00   1.2000000e+01   0.0000000e+00   4.7600000e+00
   2.0170000e+03   8.0000000e+00   1.9000000e+01   0.0000000e+00   1.3000000e+01   0.0000000e+00   6.5400000e+00
   2.0170000e+03   8.0000000e+00   1.9000000e+01   0.0000000e+00   1.4000000e+01   0.0000000e+00   5.4400000e+00
   2.0170000e+03   8.0000000e+00   1.9000000e+01   0.0000000e+00   1.5000000e+01   0.0000000e+00   1.3520001e+01
   2.0170000e+03   8.0000000e+00   1.9000000e+01   0.0000000e+00   1.6000000e+01   0.0000000e+00   2.1920000e+01
   2.0170000e+03   8.0000000e+00   1.9000000e+01   0.0000000e+00   1.7000000e+01   0.0000000e+00   1.8720000e+01
   2.0170000e+03   8.0000000e+00   1.9000000e+01   0.0000000e+00   1.8000000e+01   0.0000000e+00   1.6280000e+01
   2.0170000e+03   8.0000000e+00   1.9000000e+01   0.0000000e+00   1.9000000e+01   0.0000000e+00   1.3880000e+01
   2.0170000e+03   8.0000000e+00   1.9000000e+01   0.0000000e+00   2.0000000e+01   0.0000000e+00   5.1000000e+00
   2.0170000e+03   8.0000000e+00   1.9000000e+01   0.0000000e+00   2.1000000e+01   0.0000000e+00   4.8000000e+00
   2.0170000e+03   8.0000000e+00   1.9000000e+01   0.0000000e+00   2.2000000e+01   0.0000000e+00   7.1200000e+00
   2.0170000e+03   8.0000000e+00   1.9000000e+01   0.0000000e+00   2.3000000e+01   0.0000000e+00   6.6200000e+00
   2.0170000e+03   8.0000000e+00   1.9000000e+01   0.0000000e+00   2.4000000e+01   0.0000000e+00   4.2800003e+00
   2.0170000e+03   8.0000000e+00   1.9000000e+01   0.0000000e+00   2.5000000e+01   0.0000000e+00   1.8800000e+00
   2.0170000e+03   8.0000000e+00   1.9000000e+01   0.0000000e+00   2.6000000e+01   0.0000000e+00   6.4000000e-01
   2.0170000e+03   8.0000000e+00   1.9000000e+01   0.0000000e+00   2.7000000e+01   0.0000000e+00   1.7600000e+00
   2.0170000e+03   8.0000000e+00   1.9000000e+01   0.0000000e+00   2.8000000e+01   0.0000000e+00   9.9200000e+00
   2.0170000e+03   8.0000000e+00   1.9000000e+01   0.0000000e+00   2.9000000e+01   0.0000000e+00   2.1220001e+01
   2.0170000e+03   8.0000000e+00   1.9000000e+01   0.0000000e+00   3.0000000e+01   0.0000000e+00   2.9720000e+01
   2.0170000e+03   8.0000000e+00   1.9000000e+01   0.0000000e+00   3.1000000e+01   0.0000000e+00   2.1300000e+01
   2.0170000e+03   8.0000000e+00   1.9000000e+01   0.0000000e+00   3.2000000e+01   0.0000000e+00   1.2879999e+01
   2.0170000e+03   8.0000000e+00   1.9000000e+01   0.0000000e+00   3.3000000e+01   0.0000000e+00   1.2020000e+01
   2.0170000e+03   8.0000000e+00   1.9000000e+01   0.0000000e+00   3.4000000e+01   0.0000000e+00   1.6640000e+01
   2.0170000e+03   8.0000000e+00   1.9000000e+01   0.0000000e+00   3.5000000e+01   0.0000000e+00   1.5640000e+01
   2.0170000e+03   8.0000000e+00   1.9000000e+01   0.0000000e+00   3.6000000e+01   0.0000000e+00   1.4440000e+01
   2.0170000e+03   8.0000000e+00   1.9000000e+01   0.0000000e+00   3.7000000e+01   0.0000000e+00   1.3820000e+01
   2.0170000e+03   8.0000000e+00   1.9000000e+01   0.0000000e+00   3.8000000e+01   0.0000000e+00   7.4200008e+00
   2.0170000e+03   8.0000000e+00   1.9000000e+01   0.0000000e+00   3.9000000e+01   0.0000000e+00   4.8800000e+00
   2.0170000e+03   8.0000000e+00   1.9000000e+01   0.0000000e+00   4.0000000e+01   0.0000000e+00   3.0600000e+00
   2.0170000e+03   8.0000000e+00   1.9000000e+01   0.0000000e+00   4.1000000e+01   0.0000000e+00   1.8400000e+00
   2.0170000e+03   8.0000000e+00   1.9000000e+01   0.0000000e+00   4.2000000e+01   0.0000000e+00   6.4000000e-01
   2.0170000e+03   8.0000000e+00   1.9000000e+01   0.0000000e+00   4.3000000e+01   0.0000000e+00   6.0000000e-01
   2.0170000e+03   8.0000000e+00   1.9000000e+01   0.0000000e+00   4.4000000e+01   0.0000000e+00   2.0000000e-02
   2.0170000e+03   8.0000000e+00   1.9000000e+01   0.0000000e+00   4.5000000e+01   0.0000000e+00   5.8000000e-01
   2.0170000e+03   8.0000000e+00   1.9000000e+01   0.0000000e+00   4.6000000e+01   0.0000000e+00   6.0000000e-01
   2.0170000e+03   8.0000000e+00   1.9000000e+01   0.0000000e+00   4.7000000e+01   0.0000000e+00   1.9999997e-02
   2.0170000e+03   8.0000000e+00   1.9000000e+01   0.0000000e+00   4.8000000e+01   0.0000000e+00   5.8000000e-01
   2.0170000e+03   8.0000000e+00   1.9000000e+01   0.0000000e+00   4.9000000e+01   0.0000000e+00   6.0000000e-01
   2.0170000e+03   8.0000000e+00   1.9000000e+01   0.0000000e+00   5.0000000e+01   0.0000000e+00   1.9999997e-02
   2.0170000e+03   8.0000000e+00   1.9000000e+01   0.0000000e+00   5.1000000e+01   0.0000000e+00   0.0000000e+00
   2.0170000e+03   8.0000000e+00   1.9000000e+01   0.0000000e+00   5.2000000e+01   0.0000000e+00   5.7999993e-01
   2.0170000e+03   8.0000000e+00   1.9000000e+01   0.0000000e+00   5.3000000e+01   0.0000000e+00   2.0000003e-02
   2.0170000e+03   8.0000000e+00   1.9000000e+01   0.0000000e+00   5.4000000e+01   0.0000000e+00   0.0000000e+00
   2.0170000e+03   8.0000000e+00   1.9000000e+01   0.0000000e+00   5.5000000e+01   0.0000000e+00   0.0000000e+00
   2.0170000e+03   8.0000000e+00   1.9000000e+01   0.0000000e+00   5.6000000e+01   0.0000000e+00   0.0000000e+00
   2.0170000e+03   8.0000000e+00   1.9000000e+01   0.0000000e+00   5.7000000e+01   0.0000000e+00   5.8000000e-01
   2.0170000e+03   8.0000000e+00   1.9000000e+01   0.0000000e+00   5.8000000e+01   0.0000000e+00   2.0000000e-02
   2.0170000e+03   8.0000000e+00   1.9000000e+01   0.0000000e+00   5.9000000e+01   0.0000000e+00   0.0000000e+00
   2.0170000e+03   8.0000000e+00   1.9000000e+01   1.0000000e+00   0.0000000e+00   0.0000000e+00   0.0000000e+00
   2.0170000e+03   8.0000000e+00   1.9000000e+01   1.0000000e+00   1.0000000e+00   0.0000000e+00   0.0000000e+00
   2.0170000e+03   8.0000000e+00   1.9000000e+01   1.0000000e+00   2.0000000e+00   0.0000000e+00   0.0000000e+00
   2.0170000e+03   8.0000000e+00   1.9000000e+01   1.0000000e+00   3.0000000e+00   0.0000000e+00   5.8000007e-01
   2.0170000e+03   8.0000000e+00   1.9000000e+01   1.0000000e+00   4.0000000e+00   0.0000000e+00   1.9999997e-02
   2.0170000e+03   8.0000000e+00   1.9000000e+01   1.0000000e+00   5.0000000e+00   0.0000000e+00   0.0000000e+00
   2.0170000e+03   8.0000000e+00   1.9000000e+01   1.0000000e+00   6.0000000e+00   0.0000000e+00   0.0000000e+00
   2.0170000e+03   8.0000000e+00   1.9000000e+01   1.0000000e+00   7.0000000e+00   0.0000000e+00   0.0000000e+00
   2.0170000e+03   8.0000000e+00   1.9000000e+01   1.0000000e+00   8.0000000e+00   0.0000000e+00   0.0000000e+00
   2.0170000e+03   8.0000000e+00   1.9000000e+01   1.0000000e+00   9.0000000e+00   0.0000000e+00   0.0000000e+00
   2.0170000e+03   8.0000000e+00   1.9000000e+01   1.0000000e+00   1.0000000e+01   0.0000000e+00   0.0000000e+00
   2.0170000e+03   8.0000000e+00   1.9000000e+01   1.0000000e+00   1.1000000e+01   0.0000000e+00   5.8000000e-01
   2.0170000e+03   8.0000000e+00   1.9000000e+01   1.0000000e+00   1.2000000e+01   0.0000000e+00   2.0000000e-02
   2.0170000e+03   8.0000000e+00   1.9000000e+01   1.0000000e+00   1.3000000e+01   0.0000000e+00   0.0000000e+00
   2.0170000e+03   8.0000000e+00   1.9000000e+01   1.0000000e+00   1.4000000e+01   0.0000000e+00   0.0000000e+00
   2.0170000e+03   8.0000000e+00   1.9000000e+01   1.0000000e+00   1.5000000e+01   0.0000000e+00   0.0000000e+00
   2.0170000e+03   8.0000000e+00   1.9000000e+01   1.0000000e+00   1.6000000e+01   0.0000000e+00   0.0000000e+00
   2.0170000e+03   8.0000000e+00   1.9000000e+01   1.0000000e+00   1.7000000e+01   0.0000000e+00   0.0000000e+00
   2.0170000e+03   8.0000000e+00   1.9000000e+01   1.0000000e+00   1.8000000e+01   0.0000000e+00   0.0000000e+00
   2.0170000e+03   8.0000000e+00   1.9000000e+01   1.0000000e+00   1.9000000e+01   0.0000000e+00   0.0000000e+00
   2.0170000e+03   8.0000000e+00   1.9000000e+01   1.0000000e+00   2.0000000e+01   0.0000000e+00   5.7999993e-01
   2.0170000e+03   8.0000000e+00   1.9000000e+01   1.0000000e+00   2.1000000e+01   0.0000000e+00   2.0000003e-02
   2.0170000e+03   8.0000000e+00   1.9000000e+01   1.0000000e+00   2.2000000e+01   0.0000000e+00   0.0000000e+00
   2.0170000e+03   8.0000000e+00   1.9000000e+01   1.0000000e+00   2.3000000e+01   0.0000000e+00   0.0000000e+00
   2.0170000e+03   8.0000000e+00   1.9000000e+01   1.0000000e+00   2.4000000e+01   0.0000000e+00   0.0000000e+00
   2.0170000e+03   8.0000000e+00   1.9000000e+01   1.0000000e+00   2.5000000e+01   0.0000000e+00   0.0000000e+00
   2.0170000e+03   8.0000000e+00   1.9000000e+01   1.0000000e+00   2.6000000e+01   0.0000000e+00   0.0000000e+00
   2.0170000e+03   8.0000000e+00   1.9000000e+01   1.0000000e+00   2.7000000e+01   0.0000000e+00   0.0000000e+00
   2.0170000e+03   8.0000000e+00   1.9000000e+01   1.0000000e+00   2.8000000e+01   0.0000000e+00   0.0000000e+00
   2.0170000e+03   8.0000000e+00   1.9000000e+01   1.0000000e+00   2.9000000e+01   0.0000000e+00   0.0000000e+00
   2.0170000e+03   8.0000000e+00   1.9000000e+01   1.0000000e+00   3.0000000e+01   0.0000000e+00   0.0000000e+00
   2.0170000e+03   8.0000000e+00   1.9000000e+01   1.0000000e+00   3.1000000e+01   0.0000000e+00   5.8000007e-01
   2.0170000e+03   8.0000000e+00   1.9000000e+01   1.0000000e+00   3.2000000e+01   0.0000000e+00   1.9999997e-02
   2.0170000e+03   8.0000000e+00   1.9000000e+01   1.0000000e+00   3.3000000e+01   0.0000000e+00   0.0000000e+00
   2.0170000e+03   8.0000000e+00   1.9000000e+01   1.0000000e+00   3.4000000e+01   0.0000000e+00   0.0000000e+00
   2.0170000e+03   8.0000000e+00   1.9000000e+01   1.0000000e+00   3.5000000e+01   0.0000000e+00   0.0000000e+00
   2.0170000e+03   8.0000000e+00   1.9000000e+01   1.0000000e+00   3.6000000e+01   0.0000000e+00   0.0000000e+00
   2.0170000e+03   8.0000000e+00   1.9000000e+01   1.0000000e+00   3.7000000e+01   0.0000000e+00   0.0000000e+00
   2.0170000e+03   8.0000000e+00   1.9000000e+01   1.0000000e+00   3.8000000e+01   0.0000000e+00   0.0000000e+00
   2.0170000e+03   8.0000000e+00   1.9000000e+01   1.0000000e+00   3.9000000e+01   0.0000000e+00   0.0000000e+00
   2.0170000e+03   8.0000000e+00   1.9000000e+01   1.0000000e+00   4.0000000e+01   0.0000000e+00   0.0000000e+00
   2.0170000e+03   8.0000000e+00   1.9000000e+01   1.0000000e+00   4.1000000e+01   0.0000000e+00   0.0000000e+00
   2.0170000e+03   8.0000000e+00   1.9000000e+01   1.0000000e+00   4.2000000e+01   0.0000000e+00   0.0000000e+00
   2.0170000e+03   8.0000000e+00   1.9000000e+01   1.0000000e+00   4.3000000e+01   0.0000000e+00   0.0000000e+00
   2.0170000e+03   8.0000000e+00   1.9000000e+01   1.0000000e+00   4.4000000e+01   0.0000000e+00   0.0000000e+00
   2.0170000e+03   8.0000000e+00   1.9000000e+01   1.0000000e+00   4.5000000e+01   0.0000000e+00   0.0000000e+00
   2.0170000e+03   8.0000000e+00   1.9000000e+01   1.0000000e+00   4.6000000e+01   0.0000000e+00   0.0000000e+00
   2.0170000e+03   8.0000000e+00   1.9000000e+01   1.0000000e+00   4.7000000e+01   0.0000000e+00   0.0000000e+00
   2.0170000e+03   8.0000000e+00   1.9000000e+01   1.0000000e+00   4.8000000e+01   0.0000000e+00   0.0000000e+00
   2.0170000e+03   8.0000000e+00   1.9000000e+01   1.0000000e+00   4.9000000e+01   0.0000000e+00   0.0000000e+00
   2.0170000e+03   8.0000000e+00   1.9000000e+01   1.0000000e+00   5.0000000e+01   0.0000000e+00   0.0000000e+00
   2.0170000e+03   8.0000000e+00   1.9000000e+01   1.0000000e+00   5.1000000e+01   0.0000000e+00   0.0000000e+00
   2.0170000e+03   8.0000000e+00   1.9000000e+01   1.0000000e+00   5.2000000e+01   0.0000000e+00   5.8000000e-01
   2.0170000e+03   8.0000000e+00   1.9000000e+01   1.0000000e+00   5.3000000e+01   0.0000000e+00   2.0000000e-02
   2.0170000e+03   8.0000000e+00   1.9000000e+01   1.0000000e+00   5.4000000e+01   0.0000000e+00   0.0000000e+00
   2.0170000e+03   8.0000000e+00   1.9000000e+01   1.0000000e+00   5.5000000e+01   0.0000000e+00   0.0000000e+00
   2.0170000e+03   8.0000000e+00   1.9000000e+01   1.0000000e+00   5.6000000e+01   0.0000000e+00   0.0000000e+00
   2.0170000e+03   8.0000000e+00   1.9000000e+01   1.0000000e+00   5.7000000e+01   0.0000000e+00   0.0000000e+00
   2.0170000e+03   8.0000000e+00   1.9000000e+01   1.0000000e+00   5.8000000e+01   0.0000000e+00   0.0000000e+00
   2.0170000e+03   8.0000000e+00   1.9000000e+01   1.0000000e+00   5.9000000e+01   0.0000000e+00   0.0000000e+00
   2.0170000e+03   8.0000000e+00   1.9000000e+01   2.0000000e+00   0.0000000e+00   0.0000000e+00   0.0000000e+00
   2.0170000e+03   8.0000000e+00   1.9000000e+01   2.0000000e+00   1.0000000e+00   0.0000000e+00   0.0000000e+00
   2.0170000e+03   8.0000000e+00   1.9000000e+01   2.0000000e+00   2.0000000e+00   0.0000000e+00   0.0000000e+00
   2.0170000e+03   8.0000000e+00   1.9000000e+01   2.0000000e+00   3.0000000e+00   0.0000000e+00   0.0000000e+00
   2.0170000e+03   8.0000000e+00   1.9000000e+01   2.0000000e+00   4.0000000e+00   0.0000000e+00   0.0000000e+00
   2.0170000e+03   8.0000000e+00   1.9000000e+01   2.0000000e+00   5.0000000e+00   0.0000000e+00   0.0000000e+00
   2.0170000e+03   8.0000000e+00   1.9000000e+01   2.0000000e+00   6.0000000e+00   0.0000000e+00   0.0000000e+00
   2.0170000e+03   8.0000000e+00   1.9000000e+01   2.0000000e+00   7.0000000e+00   0.0000000e+00   0.0000000e+00
   2.0170000e+03   8.0000000e+00   1.9000000e+01   2.0000000e+00   8.0000000e+00   0.0000000e+00   0.0000000e+00
   2.0170000e+03   8.0000000e+00   1.9000000e+01   2.0000000e+00   9.0000000e+00   0.0000000e+00   0.0000000e+00
   2.0170000e+03   8.0000000e+00   1.9000000e+01   2.0000000e+00   1.0000000e+01   0.0000000e+00   0.0000000e+00
   2.0170000e+03   8.0000000e+00   1.9000000e+01   2.0000000e+00   1.1000000e+01   0.0000000e+00   0.0000000e+00
   2.0170000e+03   8.0000000e+00   1.9000000e+01   2.0000000e+00   1.2000000e+01   0.0000000e+00   0.0000000e+00
   2.0170000e+03   8.0000000e+00   1.9000000e+01   2.0000000e+00   1.3000000e+01   0.0000000e+00   0.0000000e+00
   2.0170000e+03   8.0000000e+00   1.9000000e+01   2.0000000e+00   1.4000000e+01   0.0000000e+00   0.0000000e+00
   2.0170000e+03   8.0000000e+00   1.9000000e+01   2.0000000e+00   1.5000000e+01   0.0000000e+00   0.0000000e+00
   2.0170000e+03   8.0000000e+00   1.9000000e+01   2.0000000e+00   1.6000000e+01   0.0000000e+00   0.0000000e+00
   2.0170000e+03   8.0000000e+00   1.9000000e+01   2.0000000e+00   1.7000000e+01   0.0000000e+00   0.0000000e+00
   2.0170000e+03   8.0000000e+00   1.9000000e+01   2.0000000e+00   1.8000000e+01   0.0000000e+00   0.0000000e+00
   2.0170000e+03   8.0000000e+00   1.9000000e+01   2.0000000e+00   1.9000000e+01   0.0000000e+00   0.0000000e+00
   2.0170000e+03   8.0000000e+00   1.9000000e+01   2.0000000e+00   2.0000000e+01   0.0000000e+00   0.0000000e+00
   2.0170000e+03   8.0000000e+00   1.9000000e+01   2.0000000e+00   2.1000000e+01   0.0000000e+00   0.0000000e+00
   2.0170000e+03   8.0000000e+00   1.9000000e+01   2.0000000e+00   2.2000000e+01   0.0000000e+00   5.7999993e-01
   2.0170000e+03   8.0000000e+00   1.9000000e+01   2.0000000e+00   2.3000000e+01   0.0000000e+00   2.0000003e-02
   2.0170000e+03   8.0000000e+00   1.9000000e+01   2.0000000e+00   2.4000000e+01   0.0000000e+00   0.0000000e+00
   2.0170000e+03   8.0000000e+00   1.9000000e+01   2.0000000e+00   2.5000000e+01   0.0000000e+00   0.0000000e+00
   2.0170000e+03   8.0000000e+00   1.9000000e+01   2.0000000e+00   2.6000000e+01   0.0000000e+00   0.0000000e+00
   2.0170000e+03   8.0000000e+00   1.9000000e+01   2.0000000e+00   2.7000000e+01   0.0000000e+00   0.0000000e+00
   2.0170000e+03   8.0000000e+00   1.9000000e+01   2.0000000e+00   2.8000000e+01   0.0000000e+00   0.0000000e+00
   2.0170000e+03   8.0000000e+00   1.9000000e+01   2.0000000e+00   2.9000000e+01   0.0000000e+00   0.0000000e+00
   2.0170000e+03   8.0000000e+00   1.9000000e+01   2.0000000e+00   3.0000000e+01   0.0000000e+00   0.0000000e+00
   2.0170000e+03   8.0000000e+00   1.9000000e+01   2.0000000e+00   3.1000000e+01   0.0000000e+00   0.0000000e+00
   2.0170000e+03   8.0000000e+00   1.9000000e+01   2.0000000e+00   3.2000000e+01   0.0000000e+00   0.0000000e+00
   2.0170000e+03   8.0000000e+00   1.9000000e+01   2.0000000e+00   3.3000000e+01   0.0000000e+00   0.0000000e+00
   2.0170000e+03   8.0000000e+00   1.9000000e+01   2.0000000e+00   3.4000000e+01   0.0000000e+00   0.0000000e+00
   2.0170000e+03   8.0000000e+00   1.9000000e+01   2.0000000e+00   3.5000000e+01   0.0000000e+00   0.0000000e+00
   2.0170000e+03   8.0000000e+00   1.9000000e+01   2.0000000e+00   3.6000000e+01   0.0000000e+00   0.0000000e+00
   2.0170000e+03   8.0000000e+00   1.9000000e+01   2.0000000e+00   3.7000000e+01   0.0000000e+00   0.0000000e+00
   2.0170000e+03   8.0000000e+00   1.9000000e+01   2.0000000e+00   3.8000000e+01   0.0000000e+00   0.0000000e+00
   2.0170000e+03   8.0000000e+00   1.9000000e+01   2.0000000e+00   3.9000000e+01   0.0000000e+00   0.0000000e+00
   2.0170000e+03   8.0000000e+00   1.9000000e+01   2.0000000e+00   4.0000000e+01   0.0000000e+00   0.0000000e+00
   2.0170000e+03   8.0000000e+00   1.9000000e+01   2.0000000e+00   4.1000000e+01   0.0000000e+00   0.0000000e+00
   2.0170000e+03   8.0000000e+00   1.9000000e+01   2.0000000e+00   4.2000000e+01   0.0000000e+00   0.0000000e+00
   2.0170000e+03   8.0000000e+00   1.9000000e+01   2.0000000e+00   4.3000000e+01   0.0000000e+00   0.0000000e+00
   2.0170000e+03   8.0000000e+00   1.9000000e+01   2.0000000e+00   4.4000000e+01   0.0000000e+00   0.0000000e+00
   2.0170000e+03   8.0000000e+00   1.9000000e+01   2.0000000e+00   4.5000000e+01   0.0000000e+00   0.0000000e+00
   2.0170000e+03   8.0000000e+00   1.9000000e+01   2.0000000e+00   4.6000000e+01   0.0000000e+00   0.0000000e+00
   2.0170000e+03   8.0000000e+00   1.9000000e+01   2.0000000e+00   4.7000000e+01   0.0000000e+00   0.0000000e+00
   2.0170000e+03   8.0000000e+00   1.9000000e+01   2.0000000e+00   4.8000000e+01   0.0000000e+00   0.0000000e+00
   2.0170000e+03   8.0000000e+00   1.9000000e+01   2.0000000e+00   4.9000000e+01   0.0000000e+00   0.0000000e+00
   2.0170000e+03   8.0000000e+00   1.9000000e+01   2.0000000e+00   5.0000000e+01   0.0000000e+00   0.0000000e+00
   2.0170000e+03   8.0000000e+00   1.9000000e+01   2.0000000e+00   5.1000000e+01   0.0000000e+00   0.0000000e+00
   2.0170000e+03   8.0000000e+00   1.9000000e+01   2.0000000e+00   5.2000000e+01   0.0000000e+00   0.0000000e+00
   2.0170000e+03   8.0000000e+00   1.9000000e+01   2.0000000e+00   5.3000000e+01   0.0000000e+00   0.0000000e+00
   2.0170000e+03   8.0000000e+00   1.9000000e+01   2.0000000e+00   5.4000000e+01   0.0000000e+00   0.0000000e+00
   2.0170000e+03   8.0000000e+00   1.9000000e+01   2.0000000e+00   5.5000000e+01   0.0000000e+00   0.0000000e+00
   2.0170000e+03   8.0000000e+00   1.9000000e+01   2.0000000e+00   5.6000000e+01   0.0000000e+00   0.0000000e+00
   2.0170000e+03   8.0000000e+00   1.9000000e+01   2.0000000e+00   5.7000000e+01   0.0000000e+00   0.0000000e+00
   2.0170000e+03   8.0000000e+00   1.9000000e+01   2.0000000e+00   5.8000000e+01   0.0000000e+00   0.0000000e+00
   2.0170000e+03   8.0000000e+00   1.9000000e+01   2.0000000e+00   5.9000000e+01   0.0000000e+00   0.0000000e+00
   2.0170000e+03   8.0000000e+00   1.9000000e+01   3.0000000e+00   0.0000000e+00   0.0000000e+00   0.0000000e+00
   2.0170000e+03   8.0000000e+00   1.9000000e+01   3.0000000e+00   1.0000000e+00   0.0000000e+00   0.0000000e+00
   2.0170000e+03   8.0000000e+00   1.9000000e+01   3.0000000e+00   2.0000000e+00   0.0000000e+00   5.8000000e-01
   2.0170000e+03   8.0000000e+00   1.9000000e+01   3.0000000e+00   3.0000000e+00   0.0000000e+00   2.0000000e-02
   2.0170000e+03   8.0000000e+00   1.9000000e+01   3.0000000e+00   4.0000000e+00   0.0000000e+00   0.0000000e+00
   2.0170000e+03   8.0000000e+00   1.9000000e+01   3.0000000e+00   5.0000000e+00   0.0000000e+00   0.0000000e+00
   2.0170000e+03   8.0000000e+00   1.9000000e+01   3.0000000e+00   6.0000000e+00   0.0000000e+00   0.0000000e+00
   2.0170000e+03   8.0000000e+00   1.9000000e+01   3.0000000e+00   7.0000000e+00   0.0000000e+00   0.0000000e+00
   2.0170000e+03   8.0000000e+00   1.9000000e+01   3.0000000e+00   8.0000000e+00   0.0000000e+00   0.0000000e+00
   2.0170000e+03   8.0000000e+00   1.9000000e+01   3.0000000e+00   9.0000000e+00   0.0000000e+00   0.0000000e+00
   2.0170000e+03   8.0000000e+00   1.9000000e+01   3.0000000e+00   1.0000000e+01   0.0000000e+00   0.0000000e+00
   2.0170000e+03   8.0000000e+00   1.9000000e+01   3.0000000e+00   1.1000000e+01   0.0000000e+00   0.0000000e+00
   2.0170000e+03   8.0000000e+00   1.9000000e+01   3.0000000e+00   1.2000000e+01   0.0000000e+00   0.0000000e+00
   2.0170000e+03   8.0000000e+00   1.9000000e+01   3.0000000e+00   1.3000000e+01   0.0000000e+00   0.0000000e+00
   2.0170000e+03   8.0000000e+00   1.9000000e+01   3.0000000e+00   1.4000000e+01   0.0000000e+00   0.0000000e+00
   2.0170000e+03   8.0000000e+00   1.9000000e+01   3.0000000e+00   1.5000000e+01   0.0000000e+00   0.0000000e+00
   2.0170000e+03   8.0000000e+00   1.9000000e+01   3.0000000e+00   1.6000000e+01   0.0000000e+00   0.0000000e+00
   2.0170000e+03   8.0000000e+00   1.9000000e+01   3.0000000e+00   1.7000000e+01   0.0000000e+00   0.0000000e+00
   2.0170000e+03   8.0000000e+00   1.9000000e+01   3.0000000e+00   1.8000000e+01   0.0000000e+00   0.0000000e+00
   2.0170000e+03   8.0000000e+00   1.9000000e+01   3.0000000e+00   1.9000000e+01   0.0000000e+00   0.0000000e+00
   2.0170000e+03   8.0000000e+00   1.9000000e+01   3.0000000e+00   2.0000000e+01   0.0000000e+00   0.0000000e+00
   2.0170000e+03   8.0000000e+00   1.9000000e+01   3.0000000e+00   2.1000000e+01   0.0000000e+00   0.0000000e+00
   2.0170000e+03   8.0000000e+00   1.9000000e+01   3.0000000e+00   2.2000000e+01   0.0000000e+00   0.0000000e+00
   2.0170000e+03   8.0000000e+00   1.9000000e+01   3.0000000e+00   2.3000000e+01   0.0000000e+00   0.0000000e+00
   2.0170000e+03   8.0000000e+00   1.9000000e+01   3.0000000e+00   2.4000000e+01   0.0000000e+00   0.0000000e+00
   2.0170000e+03   8.0000000e+00   1.9000000e+01   3.0000000e+00   2.5000000e+01   0.0000000e+00   0.0000000e+00
   2.0170000e+03   8.0000000e+00   1.9000000e+01   3.0000000e+00   2.6000000e+01   0.0000000e+00   0.0000000e+00
   2.0170000e+03   8.0000000e+00   1.9000000e+01   3.0000000e+00   2.7000000e+01   0.0000000e+00   0.0000000e+00
   2.0170000e+03   8.0000000e+00   1.9000000e+01   3.0000000e+00   2.8000000e+01   0.0000000e+00   0.0000000e+00
   2.0170000e+03   8.0000000e+00   1.9000000e+01   3.0000000e+00   2.9000000e+01   0.0000000e+00   0.0000000e+00
   2.0170000e+03   8.0000000e+00   1.9000000e+01   3.0000000e+00   3.0000000e+01   0.0000000e+00   0.0000000e+00