   2.0170000e+03   7.0000000e+00   2.4000000e+01   0.0000000e+00   0.0000000e+00   0.0000000e+00  2.05007311936072
   2.0170000e+03   7.0000000e+00   2.4000000e+01   0.0000000e+00   1.0000000e+00   0.0000000e+00  3.03251200444868
   2.0170000e+03   7.0000000e+00   2.4000000e+01   0.0000000e+00   2.0000000e+00   0.0000000e+00  4.00565954724516
   2.0170000e+03   7.0000000e+00   2.4000000e+01   0.0000000e+00   3.0000000e+00   0.0000000e+00  4.76919994523034
   2.0170000e+03   7.0000000e+00   2.4000000e+01   0.0000000e+00   4.0000000e+00   0.0000000e+00  1.61153592130447
   2.0170000e+03   7.0000000e+00   2.4000000e+01   0.0000000e+00   5.0000000e+00   0.0000000e+00  1.77152741816034
   2.0170000e+03   7.0000000e+00   2.4000000e+01   0.0000000e+00   6.0000000e+00   0.0000000e+00  0.424396570796959
   2.0170000e+03   7.0000000e+00   2.4000000e+01   0.0000000e+00   7.0000000e+00   0.0000000e+00  4.81459381120302
   2.0170000e+03   7.0000000e+00   2.4000000e+01   0.0000000e+00   8.0000000e+00   0.0000000e+00  1.33498729267911
   2.0170000e+03   7.0000000e+00   2.4000000e+01   0.0000000e+00   9.0000000e+00   0.0000000e+00  2.22031988906304
   2.0170000e+03   7.0000000e+00   2.4000000e+01   0.0000000e+00   1.0000000e+01   0.0000000e+00  1.86153314065493
   2.0170000e+03   7.0000000e+00   2.4000000e+01   0.0000000e+00   1.1000000e+01   0.0000000e+00  4.10925832269450
   2.0170000e+03   7.0000000e+00   2.4000000e+01   0.0000000e+00   1.2000000e+01   0.0000000e+00  0.334492383652773
   2.0170000e+03   7.0000000e+00   2.4000000e+01   0.0000000e+00   1.3000000e+01   0.0000000e+00  0.374602202145738
   2.0170000e+03   7.0000000e+00   2.4000000e+01   0.0000000e+00   1.4000000e+01   0.0000000e+00  0
   2.0170000e+03   7.0000000e+00   2.4000000e+01   0.0000000e+00   1.5000000e+01   0.0000000e+00  0
   2.0170000e+03   7.0000000e+00   2.4000000e+01   0.0000000e+00   1.6000000e+01   0.0000000e+00  0
   2.0170000e+03   7.0000000e+00   2.4000000e+01   0.0000000e+00   1.7000000e+01   0.0000000e+00  0
   2.0170000e+03   7.0000000e+00   2.4000000e+01   0.0000000e+00   1.8000000e+01   0.0000000e+00  0
   2.0170000e+03   7.0000000e+00   2.4000000e+01   0.0000000e+00   1.9000000e+01   0.0000000e+00  0
   2.0170000e+03   7.0000000e+00   2.4000000e+01   0.0000000e+00   2.0000000e+01   0.0000000e+00  0
   2.0170000e+03   7.0000000e+00   2.4000000e+01   0.0000000e+00   2.1000000e+01   0.0000000e+00  0
   2.0170000e+03   7.0000000e+00   2.4000000e+01   0.0000000e+00   2.2000000e+01   0.0000000e+00  0
   2.0170000e+03   7.0000000e+00   2.4000000e+01   0.0000000e+00   2.3000000e+01   0.0000000e+00  0
   2.0170000e+03   7.0000000e+00   2.4000000e+01   0.0000000e+00   2.4000000e+01   0.0000000e+00  0
   2.0170000e+03   7.0000000e+00   2.4000000e+01   0.0000000e+00   2.5000000e+01   0.0000000e+00  0
   2.0170000e+03   7.0000000e+00   2.4000000e+01   0.0000000e+00   2.6000000e+01   0.0000000e+00  0
   2.0170000e+03   7.0000000e+00   2.4000000e+01   0.0000000e+00   2.7000000e+01   0.0000000e+00  0
   2.0170000e+03   7.0000000e+00   2.4000000e+01   0.0000000e+00   2.8000000e+01   0.0000000e+00  0
   2.0170000e+03   7.0000000e+00   2.4000000e+01   0.0000000e+00   2.9000000e+01   0.0000000e+00  0
   2.0170000e+03   7.0000000e+00   2.4000000e+01   0.0000000e+00   3.0000000e+01   0.0000000e+00  0
   2.0170000e+03   7.0000000e+00   2.4000000e+01   0.0000000e+00   3.1000000e+01   0.0000000e+00  0
   2.0170000e+03   7.0000000e+00   2.4000000e+01   0.0000000e+00   3.2000000e+01   0.0000000e+00  0
   2.0170000e+03   7.0000000e+00   2.4000000e+01   0.0000000e+00   3.3000000e+01   0.0000000e+00  0
   2.0170000e+03   7.0000000e+00   2.4000000e+01   0.0000000e+00   3.4000000e+01   0.0000000e+00  0
   2.0170000e+03   7.0000000e+00   2.4000000e+01   0.0000000e+00   3.5000000e+01   0.0000000e+00  0
   2.0170000e+03   7.0000000e+00   2.4000000e+01   0.0000000e+00   3.6000000e+01   0.0000000e+00  0
   2.0170000e+03   7.0000000e+00   2.4000000e+01   0.0000000e+00   3.7000000e+01   0.0000000e+00  0
   2.0170000e+03   7.0000000e+00   2.4000000e+01   0.0000000e+00   3.8000000e+01   0.0000000e+00  0
   2.0170000e+03   7.0000000e+00   2.4000000e+01   0.0000000e+00   3.9000000e+01   0.0000000e+00  0
   2.0170000e+03   7.0000000e+00   2.4000000e+01   0.0000000e+00   4.0000000e+01   0.0000000e+00  0
   2.0170000e+03   7.0000000e+00   2.4000000e+01   0.0000000e+00   4.1000000e+01   0.0000000e+00  0
   2.0170000e+03   7.0000000e+00   2.4000000e+01   0.0000000e+00   4.2000000e+01   0.0000000e+00  0
   2.0170000e+03   7.0000000e+00   2.4000000e+01   0.0000000e+00   4.3000000e+01   0.0000000e+00  0
   2.0170000e+03   7.0000000e+00   2.4000000e+01   0.0000000e+00   4.4000000e+01   0.0000000e+00  0
   2.0170000e+03   7.0000000e+00   2.4000000e+01   0.0000000e+00   4.5000000e+01   0.0000000e+00  0
   2.0170000e+03   7.0000000e+00   2.4000000e+01   0.0000000e+00   4.6000000e+01   0.0000000e+00  0
   2.0170000e+03   7.0000000e+00   2.4000000e+01   0.0000000e+00   4.7000000e+01   0.0000000e+00  0.124024181397299
   2.0170000e+03   7.0000000e+00   2.4000000e+01   0.0000000e+00   4.8000000e+01   0.0000000e+00  0.894760949530422
   2.0170000e+03   7.0000000e+00   2.4000000e+01   0.0000000e+00   4.9000000e+01   0.0000000e+00  6.65899009246553
   2.0170000e+03   7.0000000e+00   2.4000000e+01   0.0000000e+00   5.0000000e+01   0.0000000e+00  9.02349427514143
   2.0170000e+03   7.0000000e+00   2.4000000e+01   0.0000000e+00   5.1000000e+01   0.0000000e+00  7.69983867937468
   2.0170000e+03   7.0000000e+00   2.4000000e+01   0.0000000e+00   5.2000000e+01   0.0000000e+00  9.21551593680092
   2.0170000e+03   7.0000000e+00   2.4000000e+01   0.0000000e+00   5.3000000e+01   0.0000000e+00  7.35670772985380
   2.0170000e+03   7.0000000e+00   2.4000000e+01   0.0000000e+00   5.4000000e+01   0.0000000e+00  15.1625999584583
   2.0170000e+03   7.0000000e+00   2.4000000e+01   0.0000000e+00   5.5000000e+01   0.0000000e+00  17.9637092322469
   2.0170000e+03   7.0000000e+00   2.4000000e+01   0.0000000e+00   5.6000000e+01   0.0000000e+00  17.9256829123488
   2.0170000e+03   7.0000000e+00   2.4000000e+01   0.0000000e+00   5.7000000e+01   0.0000000e+00  23.2711274170288
   2.0170000e+03   7.0000000e+00   2.4000000e+01   0.0000000e+00   5.8000000e+01   0.0000000e+00  21.8603640785065
   2.0170000e+03   7.0000000e+00   2.4000000e+01   0.0000000e+00   5.9000000e+01   0.0000000e+00  27.5255212850571
   2.0170000e+03   7.0000000e+00   2.4000000e+01   1.0000000e+00   0.0000000e+00   0.0000000e+00  13.7766091673162
   2.0170000e+03   7.0000000e+00   2.4000000e+01   1.0000000e+00   1.0000000e+00   0.0000000e+00  5.07200472343157
   2.0170000e+03   7.0000000e+00   2.4000000e+01   1.0000000e+00   2.0000000e+00   0.0000000e+00  2.03144723042041
   2.0170000e+03   7.0000000e+00   2.4000000e+01   1.0000000e+00   3.0000000e+00   0.0000000e+00  0.502666934509915
   2.0170000e+03   7.0000000e+00   2.4000000e+01   1.0000000e+00   4.0000000e+00   0.0000000e+00  0.118326987372517
   2.0170000e+03   7.0000000e+00   2.4000000e+01   1.0000000e+00   5.0000000e+00   0.0000000e+00  0.267767348773712
   2.0170000e+03   7.0000000e+00   2.4000000e+01   1.0000000e+00   6.0000000e+00   0.0000000e+00  2.61037505380677
   2.0170000e+03   7.0000000e+00   2.4000000e+01   1.0000000e+00   7.0000000e+00   0.0000000e+00  0
   2.0170000e+03   7.0000000e+00   2.4000000e+01   1.0000000e+00   8.0000000e+00   0.0000000e+00  0
   2.0170000e+03   7.0000000e+00   2.4000000e+01   1.0000000e+00   9.0000000e+00   0.0000000e+00  0
   2.0170000e+03   7.0000000e+00   2.4000000e+01   1.0000000e+00   1.0000000e+01   0.0000000e+00  0
   2.0170000e+03   7.0000000e+00   2.4000000e+01   1.0000000e+00   1.1000000e+01   0.0000000e+00  0
   2.0170000e+03   7.0000000e+00   2.4000000e+01   1.0000000e+00   1.2000000e+01   0.0000000e+00  0
   2.0170000e+03   7.0000000e+00   2.4000000e+01   1.0000000e+00   1.3000000e+01   0.0000000e+00  0
   2.0170000e+03   7.0000000e+00   2.4000000e+01   1.0000000e+00   1.4000000e+01   0.0000000e+00  0
   2.0170000e+03   7.0000000e+00   2.4000000e+01   1.0000000e+00   1.5000000e+01   0.0000000e+00  0
   2.0170000e+03   7.0000000e+00   2.4000000e+01   1.0000000e+00   1.6000000e+01   0.0000000e+00  0
   2.0170000e+03   7.0000000e+00   2.4000000e+01   1.0000000e+00   1.7000000e+01   0.0000000e+00  0
   2.0170000e+03   7.0000000e+00   2.4000000e+01   1.0000000e+00   1.8000000e+01   0.0000000e+00  0
   2.0170000e+03   7.0000000e+00   2.4000000e+01   1.0000000e+00   1.9000000e+01   0.0000000e+00  0
   2.0170000e+03   7.0000000e+00   2.4000000e+01   1.0000000e+00   2.0000000e+01   0.0000000e+00  0
   2.0170000e+03   7.0000000e+00   2.4000000e+01   1.0000000e+00   2.1000000e+01   0.0000000e+00  0
   2.0170000e+03   7.0000000e+00   2.4000000e+01   1.0000000e+00   2.2000000e+01   0.0000000e+00  0
   2.0170000e+03   7.0000000e+00   2.4000000e+01   1.0000000e+00   2.3000000e+01   0.0000000e+00  0
   2.0170000e+03   7.0000000e+00   2.4000000e+01   1.0000000e+00   2.4000000e+01   0.0000000e+00  0
   2.0170000e+03   7.0000000e+00   2.4000000e+01   1.0000000e+00   2.5000000e+01   0.0000000e+00  0
   2.0170000e+03   7.0000000e+00   2.4000000e+01   1.0000000e+00   2.6000000e+01   0.0000000e+00  0.825233763530220
   2.0170000e+03   7.0000000e+00   2.4000000e+01   1.0000000e+00   2.7000000e+01   0.0000000e+00  0
   2.0170000e+03   7.0000000e+00   2.4000000e+01   1.0000000e+00   2.8000000e+01   0.0000000e+00  2.32484508407974
   2.0170000e+03   7.0000000e+00   2.4000000e+01   1.0000000e+00   2.9000000e+01   0.0000000e+00  1.99399472536269
   2.0170000e+03   7.0000000e+00   2.4000000e+01   1.0000000e+00   3.0000000e+01   0.0000000e+00  1.05556476707657
   2.0170000e+03   7.0000000e+00   2.4000000e+01   1.0000000e+00   3.1000000e+01   0.0000000e+00  2.64149277610094
   2.0170000e+03   7.0000000e+00   2.4000000e+01   1.0000000e+00   3.2000000e+01   0.0000000e+00  1.14512310705936
   2.0170000e+03   7.0000000e+00   2.4000000e+01   1.0000000e+00   3.3000000e+01   0.0000000e+00  0
   2.0170000e+03   7.0000000e+00   2.4000000e+01   1.0000000e+00   3.4000000e+01   0.0000000e+00  0.213750049551990
   2.0170000e+03   7.0000000e+00   2.4000000e+01   1.0000000e+00   3.5000000e+01   0.0000000e+00  0
   2.0170000e+03   7.0000000e+00   2.4000000e+01   1.0000000e+00   3.6000000e+01   0.0000000e+00  0
   2.0170000e+03   7.0000000e+00   2.4000000e+01   1.0000000e+00   3.7000000e+01   0.0000000e+00  0.0514972445491030
   2.0170000e+03   7.0000000e+00   2.4000000e+01   1.0000000e+00   3.8000000e+01   0.0000000e+00  0.0989152484553700
   2.0170000e+03   7.0000000e+00   2.4000000e+01   1.0000000e+00   3.9000000e+01   0.0000000e+00  2.48001875590327
   2.0170000e+03   7.0000000e+00   2.4000000e+01   1.0000000e+00   4.0000000e+01   0.0000000e+00  0
   2.0170000e+03   7.0000000e+00   2.4000000e+01   1.0000000e+00   4.1000000e+01   0.0000000e+00  0
   2.0170000e+03   7.0000000e+00   2.4000000e+01   1.0000000e+00   4.2000000e+01   0.0000000e+00  0
   2.0170000e+03   7.0000000e+00   2.4000000e+01   1.0000000e+00   4.3000000e+01   0.0000000e+00  0
   2.0170000e+03   7.0000000e+00   2.4000000e+01   1.0000000e+00   4.4000000e+01   0.0000000e+00  0
   2.0170000e+03   7.0000000e+00   2.4000000e+01   1.0000000e+00   4.5000000e+01   0.0000000e+00  0
   2.0170000e+03   7.0000000e+00   2.4000000e+01   1.0000000e+00   4.6000000e+01   0.0000000e+00  0
   2.0170000e+03   7.0000000e+00   2.4000000e+01   1.0000000e+00   4.7000000e+01   0.0000000e+00  0
   2.0170000e+03   7.0000000e+00   2.4000000e+01   1.0000000e+00   4.8000000e+01   0.0000000e+00  0
   2.0170000e+03   7.0000000e+00   2.4000000e+01   1.0000000e+00   4.9000000e+01   0.0000000e+00  0
   2.0170000e+03   7.0000000e+00   2.4000000e+01   1.0000000e+00   5.0000000e+01   0.0000000e+00  0.0249232314790386
   2.0170000e+03   7.0000000e+00   2.4000000e+01   1.0000000e+00   5.1000000e+01   0.0000000e+00  0
   2.0170000e+03   7.0000000e+00   2.4000000e+01   1.0000000e+00   5.2000000e+01   0.0000000e+00  0
   2.0170000e+03   7.0000000e+00   2.4000000e+01   1.0000000e+00   5.3000000e+01   0.0000000e+00  0
   2.0170000e+03   7.0000000e+00   2.4000000e+01   1.0000000e+00   5.4000000e+01   0.0000000e+00  0.397216282282979
   2.0170000e+03   7.0000000e+00   2.4000000e+01   1.0000000e+00   5.5000000e+01   0.0000000e+00  0
   2.0170000e+03   7.0000000e+00   2.4000000e+01   1.0000000e+00   5.6000000e+01   0.0000000e+00  1.08781919303923
   2.0170000e+03   7.0000000e+00   2.4000000e+01   1.0000000e+00   5.7000000e+01   0.0000000e+00  3.78207395169753
   2.0170000e+03   7.0000000e+00   2.4000000e+01   1.0000000e+00   5.8000000e+01   0.0000000e+00  0
   2.0170000e+03   7.0000000e+00   2.4000000e+01   1.0000000e+00   5.9000000e+01   0.0000000e+00  4.92015539139994
   2.0170000e+03   7.0000000e+00   2.4000000e+01   2.0000000e+00   0.0000000e+00   0.0000000e+00  4.96126232040420
   2.0170000e+03   7.0000000e+00   2.4000000e+01   2.0000000e+00   1.0000000e+00   0.0000000e+00  2.26327680064334
   2.0170000e+03   7.0000000e+00   2.4000000e+01   2.0000000e+00   2.0000000e+00   0.0000000e+00  1.31752346653977
   2.0170000e+03   7.0000000e+00   2.4000000e+01   2.0000000e+00   3.0000000e+00   0.0000000e+00  1.15804419965456
   2.0170000e+03   7.0000000e+00   2.4000000e+01   2.0000000e+00   4.0000000e+00   0.0000000e+00  4.03781043300546
   2.0170000e+03   7.0000000e+00   2.4000000e+01   2.0000000e+00   5.0000000e+00   0.0000000e+00  0.761205990542315
   2.0170000e+03   7.0000000e+00   2.4000000e+01   2.0000000e+00   6.0000000e+00   0.0000000e+00  2.02488372829657
   2.0170000e+03   7.0000000e+00   2.4000000e+01   2.0000000e+00   7.0000000e+00   0.0000000e+00  4.13100292250825
   2.0170000e+03   7.0000000e+00   2.4000000e+01   2.0000000e+00   8.0000000e+00   0.0000000e+00  1.98117409287137
   2.0170000e+03   7.0000000e+00   2.4000000e+01   2.0000000e+00   9.0000000e+00   0.0000000e+00  3.65600079129674
   2.0170000e+03   7.0000000e+00   2.4000000e+01   2.0000000e+00   1.0000000e+01   0.0000000e+00  10.3802004852040
   2.0170000e+03   7.0000000e+00   2.4000000e+01   2.0000000e+00   1.1000000e+01   0.0000000e+00  6.01195648286320
   2.0170000e+03   7.0000000e+00   2.4000000e+01   2.0000000e+00   1.2000000e+01   0.0000000e+00  5.42522398762433
   2.0170000e+03   7.0000000e+00   2.4000000e+01   2.0000000e+00   1.3000000e+01   0.0000000e+00  2.36296491803975
   2.0170000e+03   7.0000000e+00   2.4000000e+01   2.0000000e+00   1.4000000e+01   0.0000000e+00  2.82363271553576
   2.0170000e+03   7.0000000e+00   2.4000000e+01   2.0000000e+00   1.5000000e+01   0.0000000e+00  3.56394473009606
   2.0170000e+03   7.0000000e+00   2.4000000e+01   2.0000000e+00   1.6000000e+01   0.0000000e+00  1.03427551447550
   2.0170000e+03   7.0000000e+00   2.4000000e+01   2.0000000e+00   1.7000000e+01   0.0000000e+00  2.22302810549303
   2.0170000e+03   7.0000000e+00   2.4000000e+01   2.0000000e+00   1.8000000e+01   0.0000000e+00  2.69016267732197
   2.0170000e+03   7.0000000e+00   2.4000000e+01   2.0000000e+00   1.9000000e+01   0.0000000e+00  3.61608997578380
   2.0170000e+03   7.0000000e+00   2.4000000e+01   2.0000000e+00   2.0000000e+01   0.0000000e+00  5.26204534443710
   2.0170000e+03   7.0000000e+00   2.4000000e+01   2.0000000e+00   2.1000000e+01   0.0000000e+00  6.88149376782302
   2.0170000e+03   7.0000000e+00   2.4000000e+01   2.0000000e+00   2.2000000e+01   0.0000000e+00  6.84399540079724
   2.0170000e+03   7.0000000e+00   2.4000000e+01   2.0000000e+00   2.3000000e+01   0.0000000e+00  2.67220804387423
   2.0170000e+03   7.0000000e+00   2.4000000e+01   2.0000000e+00   2.4000000e+01   0.0000000e+00  2.43978908154855
   2.0170000e+03   7.0000000e+00   2.4000000e+01   2.0000000e+00   2.5000000e+01   0.0000000e+00  1.11681676407259
   2.0170000e+03   7.0000000e+00   2.4000000e+01   2.0000000e+00   2.6000000e+01   0.0000000e+00  2.28225104083020
   2.0170000e+03   7.0000000e+00   2.4000000e+01   2.0000000e+00   2.7000000e+01   0.0000000e+00  2.38595706455788
   2.0170000e+03   7.0000000e+00   2.4000000e+01   2.0000000e+00   2.8000000e+01   0.0000000e+00  3.77936788003086
   2.0170000e+03   7.0000000e+00   2.4000000e+01   2.0000000e+00   2.9000000e+01   0.0000000e+00  5.29332381383775
   2.0170000e+03   7.0000000e+00   2.4000000e+01   2.0000000e+00   3.0000000e+01   0.0000000e+00  3.60114118774407
   2.0170000e+03   7.0000000e+00   2.4000000e+01   2.0000000e+00   3.1000000e+01   0.0000000e+00  0.872343220690733
   2.0170000e+03   7.0000000e+00   2.4000000e+01   2.0000000e+00   3.2000000e+01   0.0000000e+00  1.20277523166643
   2.0170000e+03   7.0000000e+00   2.4000000e+01   2.0000000e+00   3.3000000e+01   0.0000000e+00  0.246764473783551
   2.0170000e+03   7.0000000e+00   2.4000000e+01   2.0000000e+00   3.4000000e+01   0.0000000e+00  0.261825096027737
   2.0170000e+03   7.0000000e+00   2.4000000e+01   2.0000000e+00   3.5000000e+01   0.0000000e+00  0.348120215370167
   2.0170000e+03   7.0000000e+00   2.4000000e+01   2.0000000e+00   3.6000000e+01   0.0000000e+00  0.605149206015690
   2.0170000e+03   7.0000000e+00   2.4000000e+01   2.0000000e+00   3.7000000e+01   0.0000000e+00  0.417573313857806
   2.0170000e+03   7.0000000e+00   2.4000000e+01   2.0000000e+00   3.8000000e+01   0.0000000e+00  0
   2.0170000e+03   7.0000000e+00   2.4000000e+01   2.0000000e+00   3.9000000e+01   0.0000000e+00  0.622092792243692
   2.0170000e+03   7.0000000e+00   2.4000000e+01   2.0000000e+00   4.0000000e+01   0.0000000e+00  0.361757917366253
   2.0170000e+03   7.0000000e+00   2.4000000e+01   2.0000000e+00   4.1000000e+01   0.0000000e+00  1.64579224121395
   2.0170000e+03   7.0000000e+00   2.4000000e+01   2.0000000e+00   4.2000000e+01   0.0000000e+00  2.07318632424879
   2.0170000e+03   7.0000000e+00   2.4000000e+01   2.0000000e+00   4.3000000e+01   0.0000000e+00  0.819614124981324
   2.0170000e+03   7.0000000e+00   2.4000000e+01   2.0000000e+00   4.4000000e+01   0.0000000e+00  2.14987760017639
   2.0170000e+03   7.0000000e+00   2.4000000e+01   2.0000000e+00   4.5000000e+01   0.0000000e+00  2.02651070217842
   2.0170000e+03   7.0000000e+00   2.4000000e+01   2.0000000e+00   4.6000000e+01   0.0000000e+00  3.23536372031907
   2.0170000e+03   7.0000000e+00   2.4000000e+01   2.0000000e+00   4.7000000e+01   0.0000000e+00  3.12720390213889
   2.0170000e+03   7.0000000e+00   2.4000000e+01   2.0000000e+00   4.8000000e+01   0.0000000e+00  3.10993727762769
   2.0170000e+03   7.0000000e+00   2.4000000e+01   2.0000000e+00   4.9000000e+01   0.0000000e+00  2.02370031071722
   2.0170000e+03   7.0000000e+00   2.4000000e+01   2.0000000e+00   5.0000000e+01   0.0000000e+00  2.13596013423647
   2.0170000e+03   7.0000000e+00   2.4000000e+01   2.0000000e+00   5.1000000e+01   0.0000000e+00  0.341734374359099
   2.0170000e+03   7.0000000e+00   2.4000000e+01   2.0000000e+00   5.2000000e+01   0.0000000e+00  0.450713202585531
   2.0170000e+03   7.0000000e+00   2.4000000e+01   2.0000000e+00   5.3000000e+01   0.0000000e+00  0.180006724867407
   2.0170000e+03   7.0000000e+00   2.4000000e+01   2.0000000e+00   5.4000000e+01   0.0000000e+00  0.0413271206595978
   2.0170000e+03   7.0000000e+00   2.4000000e+01   2.0000000e+00   5.5000000e+01   0.0000000e+00  0
   2.0170000e+03   7.0000000e+00   2.4000000e+01   2.0000000e+00   5.6000000e+01   0.0000000e+00  0
   2.0170000e+03   7.0000000e+00   2.4000000e+01   2.0000000e+00   5.7000000e+01   0.0000000e+00  1.12391405503372
   2.0170000e+03   7.0000000e+00   2.4000000e+01   2.0000000e+00   5.8000000e+01   0.0000000e+00  0.0429178845181462
   2.0170000e+03   7.0000000e+00   2.4000000e+01   2.0000000e+00   5.9000000e+01   0.0000000e+00  0
   2.0170000e+03   7.0000000e+00   2.4000000e+01   3.0000000e+00   0.0000000e+00   0.0000000e+00  0
   2.0170000e+03   7.0000000e+00   2.4000000e+01   3.0000000e+00   1.0000000e+00   0.0000000e+00  0
   2.0170000e+03   7.0000000e+00   2.4000000e+01   3.0000000e+00   2.0000000e+00   0.0000000e+00  0
   2.0170000e+03   7.0000000e+00   2.4000000e+01   3.0000000e+00   3.0000000e+00   0.0000000e+00  0
   2.0170000e+03   7.0000000e+00   2.4000000e+01   3.0000000e+00   4.0000000e+00   0.0000000e+00  0
   2.0170000e+03   7.0000000e+00   2.4000000e+01   3.0000000e+00   5.0000000e+00   0.0000000e+00  0
   2.0170000e+03   7.0000000e+00   2.4000000e+01   3.0000000e+00   6.0000000e+00   0.0000000e+00  0
   2.0170000e+03   7.0000000e+00   2.4000000e+01   3.0000000e+00   7.0000000e+00   0.0000000e+00  0
   2.0170000e+03   7.0000000e+00   2.4000000e+01   3.0000000e+00   8.0000000e+00   0.0000000e+00  0
   2.0170000e+03   7.0000000e+00   2.4000000e+01   3.0000000e+00   9.0000000e+00   0.0000000e+00  0
   2.0170000e+03   7.0000000e+00   2.4000000e+01   3.0000000e+00   1.0000000e+01   0.0000000e+00  0
   2.0170000e+03   7.0000000e+00   2.4000000e+01   3.0000000e+00   1.1000000e+01   0.0000000e+00  0
   2.0170000e+03   7.0000000e+00   2.4000000e+01   3.0000000e+00   1.2000000e+01   0.0000000e+00  0
   2.0170000e+03   7.0000000e+00   2.4000000e+01   3.0000000e+00   1.3000000e+01   0.0000000e+00  0
   2.0170000e+03   7.0000000e+00   2.4000000e+01   3.0000000e+00   1.4000000e+01   0.0000000e+00  0
   2.0170000e+03   7.0000000e+00   2.4000000e+01   3.0000000e+00   1.5000000e+01   0.0000000e+00  0
   2.0170000e+03   7.0000000e+00   2.4000000e+01   3.0000000e+00   1.6000000e+01   0.0000000e+00  0
   2.0170000e+03   7.0000000e+00   2.4000000e+01   3.0000000e+00   1.7000000e+01   0.0000000e+00  0
   2.0170000e+03   7.0000000e+00   2.4000000e+01   3.0000000e+00   1.8000000e+01   0.0000000e+00  0
   2.0170000e+03   7.0000000e+00   2.4000000e+01   3.0000000e+00   1.9000000e+01   0.0000000e+00  0
   2.0170000e+03   7.0000000e+00   2.4000000e+01   3.0000000e+00   2.0000000e+01   0.0000000e+00  0.138635030638226
   2.0170000e+03   7.0000000e+00   2.4000000e+01   3.0000000e+00   2.1000000e+01   0.0000000e+00  0
   2.0170000e+03   7.0000000e+00   2.4000000e+01   3.0000000e+00   2.2000000e+01   0.0000000e+00  0
   2.0170000e+03   7.0000000e+00   2.4000000e+01   3.0000000e+00   2.3000000e+01   0.0000000e+00  0.588263782291259
   2.0170000e+03   7.0000000e+00   2.4000000e+01   3.0000000e+00   2.4000000e+01   0.0000000e+00  0.919626673295714
   2.0170000e+03   7.0000000e+00   2.4000000e+01   3.0000000e+00   2.5000000e+01   0.0000000e+00  4.23224618224420
   2.0170000e+03   7.0000000e+00   2.4000000e+01   3.0000000e+00   2.6000000e+01   0.0000000e+00  4.09769591966626
   2.0170000e+03   7.0000000e+00   2.4000000e+01   3.0000000e+00   2.7000000e+01   0.0000000e+00  1.01902009651759
   2.0170000e+03   7.0000000e+00   2.4000000e+01   3.0000000e+00   2.8000000e+01   0.0000000e+00  2.60028945275587
   2.0170000e+03   7.0000000e+00   2.4000000e+01   3.0000000e+00   2.9000000e+01   0.0000000e+00  4.78858439206596
   2.0170000e+03   7.0000000e+00   2.4000000e+01   3.0000000e+00   3.0000000e+01   0.0000000e+00  4.67388654324654
   2.0170000e+03   7.0000000e+00   2.4000000e+01   3.0000000e+00   3.1000000e+01   0.0000000e+00  2.07888500801924
   2.0170000e+03   7.0000000e+00   2.4000000e+01   3.0000000e+00   3.2000000e+01   0.0000000e+00  4.80643275580988
   2.0170000e+03   7.0000000e+00   2.4000000e+01   3.0000000e+00   3.3000000e+01   0.0000000e+00  0.992552499156901
   2.0170000e+03   7.0000000e+00   2.4000000e+01   3.0000000e+00   3.4000000e+01   0.0000000e+00  3.77233867126364
   2.0170000e+03   7.0000000e+00   2.4000000e+01   3.0000000e+00   3.5000000e+01   0.0000000e+00  3.75289148660077
   2.0170000e+03   7.0000000e+00   2.4000000e+01   3.0000000e+00   3.6000000e+01   0.0000000e+00  0.159734897897590
   2.0170000e+03   7.0000000e+00   2.4000000e+01   3.0000000e+00   3.7000000e+01   0.0000000e+00  2.70917650977244
   2.0170000e+03   7.0000000e+00   2.4000000e+01   3.0000000e+00   3.8000000e+01   0.0000000e+00  0.661673005358387
   2.0170000e+03   7.0000000e+00   2.4000000e+01   3.0000000e+00   3.9000000e+01   0.0000000e+00  2.23030168831061
   2.0170000e+03   7.0000000e+00   2.4000000e+01   3.0000000e+00   4.0000000e+01   0.0000000e+00  4.94018222300513
   2.0170000e+03   7.0000000e+00   2.4000000e+01   3.0000000e+00   4.1000000e+01   0.0000000e+00  6.26646740693571
   2.0170000e+03   7.0000000e+00   2.4000000e+01   3.0000000e+00   4.2000000e+01   0.0000000e+00  2.50102655459469
   2.0170000e+03   7.0000000e+00   2.4000000e+01   3.0000000e+00   4.3000000e+01   0.0000000e+00  2.71184388539348
   2.0170000e+03   7.0000000e+00   2.4000000e+01   3.0000000e+00   4.4000000e+01   0.0000000e+00  2.61657126711828
   2.0170000e+03   7.0000000e+00   2.4000000e+01   3.0000000e+00   4.5000000e+01   0.0000000e+00  1.51836828667928
   2.0170000e+03   7.0000000e+00   2.4000000e+01   3.0000000e+00   4.6000000e+01   0.0000000e+00  2.61892308189092
   2.0170000e+03   7.0000000e+00   2.4000000e+01   3.0000000e+00   4.7000000e+01   0.0000000e+00  0.0600331143418998
   2.0170000e+03   7.0000000e+00   2.4000000e+01   3.0000000e+00   4.8000000e+01   0.0000000e+00  0.188723012834565
   2.0170000e+03   7.0000000e+00   2.4000000e+01   3.0000000e+00   4.9000000e+01   0.0000000e+00  0.495246686559129
   2.0170000e+03   7.0000000e+00   2.4000000e+01   3.0000000e+00   5.0000000e+01   0.0000000e+00  0.0893311527311340
   2.0170000e+03   7.0000000e+00   2.4000000e+01   3.0000000e+00   5.1000000e+01   0.0000000e+00  0.0138976965996195
   2.0170000e+03   7.0000000e+00   2.4000000e+01   3.0000000e+00   5.2000000e+01   0.0000000e+00  0.0595972944110636
   2.0170000e+03   7.0000000e+00   2.4000000e+01   3.0000000e+00   5.3000000e+01   0.0000000e+00  0.278640998326115
   2.0170000e+03   7.0000000e+00   2.4000000e+01   3.0000000e+00   5.4000000e+01   0.0000000e+00  0.000571976254260665
   2.0170000e+03   7.0000000e+00   2.4000000e+01   3.0000000e+00   5.5000000e+01   0.0000000e+00  0.0974337324912696
   2.0170000e+03   7.0000000e+00   2.4000000e+01   3.0000000e+00   5.6000000e+01   0.0000000e+00  0
   2.0170000e+03   7.0000000e+00   2.4000000e+01   3.0000000e+00   5.7000000e+01   0.0000000e+00  0
   2.0170000e+03   7.0000000e+00   2.4000000e+01   3.0000000e+00   5.8000000e+01   0.0000000e+00  0
   2.0170000e+03   7.0000000e+00   2.4000000e+01   3.0000000e+00   5.9000000e+01   0.0000000e+00  0.167306095457752
   2.0170000e+03   7.0000000e+00   2.4000000e+01   4.0000000e+00   0.0000000e+00   0.0000000e+00  0
   2.0170000e+03   7.0000000e+00   2.4000000e+01   4.0000000e+00   1.0000000e+00   0.0000000e+00  0
   2.0170000e+03   7.0000000e+00   2.4000000e+01   4.0000000e+00   2.0000000e+00   0.0000000e+00  0
   2.0170000e+03   7.0000000e+00   2.4000000e+01   4.0000000e+00   3.0000000e+00   0.0000000e+00  0
   2.0170000e+03   7.0000000e+00   2.4000000e+01   4.0000000e+00   4.0000000e+00   0.0000000e+00  0
   2.0170000e+03   7.0000000e+00   2.4000000e+01   4.0000000e+00   5.0000000e+00   0.0000000e+00  0
   2.0170000e+03   7.0000000e+00   2.4000000e+01   4.0000000e+00   6.0000000e+00   0.0000000e+00  0
   2.0170000e+03   7.0000000e+00   2.4000000e+01   4.0000000e+00   7.0000000e+00   0.0000000e+00  0
   2.0170000e+03   7.0000000e+00   2.4000000e+01   4.0000000e+00   8.0000000e+00   0.0000000e+00  0
   2.0170000e+03   7.0000000e+00   2.4000000e+01   4.0000000e+00   9.0000000e+00   0.0000000e+00  0
   2.0170000e+03   7.0000000e+00   2.4000000e+01   4.0000000e+00   1.0000000e+01   0.0000000e+00  0
   2.0170000e+03   7.0000000e+00   2.4000000e+01   4.0000000e+00   1.1000000e+01   0.0000000e+00  0
   2.0170000e+03   7.0000000e+00   2.4000000e+01   4.0000000e+00   1.2000000e+01   0.0000000e+00  0
   2.0170000e+03   7.0000000e+00   2.4000000e+01   4.0000000e+00   1.3000000e+01   0.0000000e+00  0
   2.0170000e+03   7.0000000e+00   2.4000000e+01   4.0000000e+00   1.4000000e+01   0.0000000e+00  0.871865947349548
   2.0170000e+03   7.0000000e+00   2.4000000e+01   4.0000000e+00   1.5000000e+01   0.0000000e+00  1.88570118117798
   2.0170000e+03   7.0000000e+00   2.4000000e+01   4.0000000e+00   1.6000000e+01   0.0000000e+00  0.603461082842028
   2.0170000e+03   7.0000000e+00   2.4000000e+01   4.0000000e+00   1.7000000e+01   0.0000000e+00  0
   2.0170000e+03   7.0000000e+00   2.4000000e+01   4.0000000e+00   1.8000000e+01   0.0000000e+00  1.11663825333132
   2.0170000e+03   7.0000000e+00   2.4000000e+01   4.0000000e+00   1.9000000e+01   0.0000000e+00  4.18928173588477
   2.0170000e+03   7.0000000e+00   2.4000000e+01   4.0000000e+00   2.0000000e+01   0.0000000e+00  4.45329677240669
   2.0170000e+03   7.0000000e+00   2.4000000e+01   4.0000000e+00   2.1000000e+01   0.0000000e+00  8.40612649523859
   2.0170000e+03   7.0000000e+00   2.4000000e+01   4.0000000e+00   2.2000000e+01   0.0000000e+00  6.27130252749247
   2.0170000e+03   7.0000000e+00   2.4000000e+01   4.0000000e+00   2.3000000e+01   0.0000000e+00  6.50395302596317
   2.0170000e+03   7.0000000e+00   2.4000000e+01   4.0000000e+00   2.4000000e+01   0.0000000e+00  5.74393470900933
   2.0170000e+03   7.0000000e+00   2.4000000e+01   4.0000000e+00   2.5000000e+01   0.0000000e+00  7.88184036190218
   2.0170000e+03   7.0000000e+00   2.4000000e+01   4.0000000e+00   2.6000000e+01   0.0000000e+00  4.13686602031652
   2.0170000e+03   7.0000000e+00   2.4000000e+01   4.0000000e+00   2.7000000e+01   0.0000000e+00  7.65226972588905
   2.0170000e+03   7.0000000e+00   2.4000000e+01   4.0000000e+00   2.8000000e+01   0.0000000e+00  5.51914953172895
   2.0170000e+03   7.0000000e+00   2.4000000e+01   4.0000000e+00   2.9000000e+01   0.0000000e+00  2.34763434291380
   2.0170000e+03   7.0000000e+00   2.4000000e+01   4.0000000e+00   3.0000000e+01   0.0000000e+00  5.03342114108292
   2.0170000e+03   7.0000000e+00   2.4000000e+01   4.0000000e+00   3.1000000e+01   0.0000000e+00  0.000697726744869342
   2.0170000e+03   7.0000000e+00   2.4000000e+01   4.0000000e+00   3.2000000e+01   0.0000000e+00  0.159338643177606
   2.0170000e+03   7.0000000e+00   2.4000000e+01   4.0000000e+00   3.3000000e+01   0.0000000e+00  1.15695222088893
   2.0170000e+03   7.0000000e+00   2.4000000e+01   4.0000000e+00   3.4000000e+01   0.0000000e+00  1.00022731735115
   2.0170000e+03   7.0000000e+00   2.4000000e+01   4.0000000e+00   3.5000000e+01   0.0000000e+00  2.56780250684806
   2.0170000e+03   7.0000000e+00   2.4000000e+01   4.0000000e+00   3.6000000e+01   0.0000000e+00  0.820571225404860
   2.0170000e+03   7.0000000e+00   2.4000000e+01   4.0000000e+00   3.7000000e+01   0.0000000e+00  0.775516523339221
   2.0170000e+03   7.0000000e+00   2.4000000e+01   4.0000000e+00   3.8000000e+01   0.0000000e+00  0
   2.0170000e+03   7.0000000e+00   2.4000000e+01   4.0000000e+00   3.9000000e+01   0.0000000e+00  0
   2.0170000e+03   7.0000000e+00   2.4000000e+01   4.0000000e+00   4.0000000e+01   0.0000000e+00  0.0448677996473044
   2.0170000e+03   7.0000000e+00   2.4000000e+01   4.0000000e+00   4.1000000e+01   0.0000000e+00  0
   2.0170000e+03   7.0000000e+00   2.4000000e+01   4.0000000e+00   4.2000000e+01   0.0000000e+00  0
   2.0170000e+03   7.0000000e+00   2.4000000e+01   4.0000000e+00   4.3000000e+01   0.0000000e+00  0
   2.0170000e+03   7.0000000e+00   2.4000000e+01   4.0000000e+00   4.4000000e+01   0.0000000e+00  0.982101600885830
   2.0170000e+03   7.0000000e+00   2.4000000e+01   4.0000000e+00   4.5000000e+01   0.0000000e+00  1.37457593516310
   2.0170000e+03   7.0000000e+00   2.4000000e+01   4.0000000e+00   4.6000000e+01   0.0000000e+00  4.47774442768348
   2.0170000e+03   7.0000000e+00   2.4000000e+01   4.0000000e+00   4.7000000e+01   0.0000000e+00  3.73938577918860
   2.0170000e+03   7.0000000e+00   2.4000000e+01   4.0000000e+00   4.8000000e+01   0.0000000e+00  2.70412991089744
   2.0170000e+03   7.0000000e+00   2.4000000e+01   4.0000000e+00   4.9000000e+01   0.0000000e+00  2.41949950269619
   2.0170000e+03   7.0000000e+00   2.4000000e+01   4.0000000e+00   5.0000000e+01   0.0000000e+00  5.16682262636911
   2.0170000e+03   7.0000000e+00   2.4000000e+01   4.0000000e+00   5.1000000e+01   0.0000000e+00  1.17811869170678
   2.0170000e+03   7.0000000e+00   2.4000000e+01   4.0000000e+00   5.2000000e+01   0.0000000e+00  3.52768267603083
   2.0170000e+03   7.0000000e+00   2.4000000e+01   4.0000000e+00   5.3000000e+01   0.0000000e+00  0.280708004521001
   2.0170000e+03   7.0000000e+00   2.4000000e+01   4.0000000e+00   5.4000000e+01   0.0000000e+00  0.332082353240003
   2.0170000e+03   7.0000000e+00   2.4000000e+01   4.0000000e+00   5.5000000e+01   0.0000000e+00  0.490254689957333
   2.0170000e+03   7.0000000e+00   2.4000000e+01   4.0000000e+00   5.6000000e+01   0.0000000e+00  0.227796399818698
   2.0170000e+03   7.0000000e+00   2.4000000e+01   4.0000000e+00   5.7000000e+01   0.0000000e+00  2.21255922444029
   2.0170000e+03   7.0000000e+00   2.4000000e+01   4.0000000e+00   5.8000000e+01   0.0000000e+00  2.12397898381997
   2.0170000e+03   7.0000000e+00   2.4000000e+01   4.0000000e+00   5.9000000e+01   0.0000000e+00  1.50316355815132
   2.0170000e+03   7.0000000e+00   2.4000000e+01   5.0000000e+00   0.0000000e+00   0.0000000e+00  0.150797854416742
   2.0170000e+03   7.0000000e+00   2.4000000e+01   5.0000000e+00   1.0000000e+00   0.0000000e+00  0.988803633797694
   2.0170000e+03   7.0000000e+00   2.4000000e+01   5.0000000e+00   2.0000000e+00   0.0000000e+00  1.12431604762445
   2.0170000e+03   7.0000000e+00   2.4000000e+01   5.0000000e+00   3.0000000e+00   0.0000000e+00  3.47324642286062
   2.0170000e+03   7.0000000e+00   2.4000000e+01   5.0000000e+00   4.0000000e+00   0.0000000e+00  3.92901942309097
   2.0170000e+03   7.0000000e+00   2.4000000e+01   5.0000000e+00   5.0000000e+00   0.0000000e+00  3.77456188910492
   2.0170000e+03   7.0000000e+00   2.4000000e+01   5.0000000e+00   6.0000000e+00   0.0000000e+00  3.58137289362280
   2.0170000e+03   7.0000000e+00   2.4000000e+01   5.0000000e+00   7.0000000e+00   0.0000000e+00  2.61143507809135
   2.0170000e+03   7.0000000e+00   2.4000000e+01   5.0000000e+00   8.0000000e+00   0.0000000e+00  0.421400046480285
   2.0170000e+03   7.0000000e+00   2.4000000e+01   5.0000000e+00   9.0000000e+00   0.0000000e+00  1.30774395136566
   2.0170000e+03   7.0000000e+00   2.4000000e+01   5.0000000e+00   1.0000000e+01   0.0000000e+00  0.218643237305399
   2.0170000e+03   7.0000000e+00   2.4000000e+01   5.0000000e+00   1.1000000e+01   0.0000000e+00  0.0298514037440179
   2.0170000e+03   7.0000000e+00   2.4000000e+01   5.0000000e+00   1.2000000e+01   0.0000000e+00  0.716479390120661
   2.0170000e+03   7.0000000e+00   2.4000000e+01   5.0000000e+00   1.3000000e+01   0.0000000e+00  0.0995901497222936
   2.0170000e+03   7.0000000e+00   2.4000000e+01   5.0000000e+00   1.4000000e+01   0.0000000e+00  3.53565241802440
   2.0170000e+03   7.0000000e+00   2.4000000e+01   5.0000000e+00   1.5000000e+01   0.0000000e+00  3.94666156326547
   2.0170000e+03   7.0000000e+00   2.4000000e+01   5.0000000e+00   1.6000000e+01   0.0000000e+00  10.0966716062744
   2.0170000e+03   7.0000000e+00   2.4000000e+01   5.0000000e+00   1.7000000e+01   0.0000000e+00  14.3514523720725
   2.0170000e+03   7.0000000e+00   2.4000000e+01   5.0000000e+00   1.8000000e+01   0.0000000e+00  18.8338140547062
   2.0170000e+03   7.0000000e+00   2.4000000e+01   5.0000000e+00   1.9000000e+01   0.0000000e+00  18.4847294889839
   2.0170000e+03   7.0000000e+00   2.4000000e+01   5.0000000e+00   2.0000000e+01   0.0000000e+00  15.9062455618281
   2.0170000e+03   7.0000000e+00   2.4000000e+01   5.0000000e+00   2.1000000e+01   0.0000000e+00  13.9638317785748
   2.0170000e+03   7.0000000e+00   2.4000000e+01   5.0000000e+00   2.2000000e+01   0.0000000e+00  13.9758708095599
   2.0170000e+03   7.0000000e+00   2.4000000e+01   5.0000000e+00   2.3000000e+01   0.0000000e+00  19.4847066475558
   2.0170000e+03   7.0000000e+00   2.4000000e+01   5.0000000e+00   2.4000000e+01   0.0000000e+00  11.8958614623962
   2.0170000e+03   7.0000000e+00   2.4000000e+01   5.0000000e+00   2.5000000e+01   0.0000000e+00  5.67054212546715
   2.0170000e+03   7.0000000e+00   2.4000000e+01   5.0000000e+00   2.6000000e+01   0.0000000e+00  11.8246123870136
   2.0170000e+03   7.0000000e+00   2.4000000e+01   5.0000000e+00   2.7000000e+01   0.0000000e+00  10.6622543602945
   2.0170000e+03   7.0000000e+00   2.4000000e+01   5.0000000e+00   2.8000000e+01   0.0000000e+00  8.60915703356204
   2.0170000e+03   7.0000000e+00   2.4000000e+01   5.0000000e+00   2.9000000e+01   0.0000000e+00  1.23153243778799
   2.0170000e+03   7.0000000e+00   2.4000000e+01   5.0000000e+00   3.0000000e+01   0.0000000e+00  0.0182998665236151
   2.0170000e+03   7.0000000e+00   2.4000000e+01   5.0000000e+00   3.1000000e+01   0.0000000e+00  0
   2.0170000e+03   7.0000000e+00   2.4000000e+01   5.0000000e+00   3.2000000e+01   0.0000000e+00  0
   2.0170000e+03   7.0000000e+00   2.4000000e+01   5.0000000e+00   3.3000000e+01   0.0000000e+00  0
   2.0170000e+03   7.0000000e+00   2.4000000e+01   5.0000000e+00   3.4000000e+01   0.0000000e+00  0
   2.0170000e+03   7.0000000e+00   2.4000000e+01   5.0000000e+00   3.5000000e+01   0.0000000e+00  0
   2.0170000e+03   7.0000000e+00   2.4000000e+01   5.0000000e+00   3.6000000e+01   0.0000000e+00  0
   2.0170000e+03   7.0000000e+00   2.4000000e+01   5.0000000e+00   3.7000000e+01   0.0000000e+00  0
   2.0170000e+03   7.0000000e+00   2.4000000e+01   5.0000000e+00   3.8000000e+01   0.0000000e+00  0
   2.0170000e+03   7.0000000e+00   2.4000000e+01   5.0000000e+00   3.9000000e+01   0.0000000e+00  0
   2.0170000e+03   7.0000000e+00   2.4000000e+01   5.0000000e+00   4.0000000e+01   0.0000000e+00  0
   2.0170000e+03   7.0000000e+00   2.4000000e+01   5.0000000e+00   4.1000000e+01   0.0000000e+00  0
   2.0170000e+03   7.0000000e+00   2.4000000e+01   5.0000000e+00   4.2000000e+01   0.0000000e+00  0.607101773297505
   2.0170000e+03   7.0000000e+00   2.4000000e+01   5.0000000e+00   4.3000000e+01   0.0000000e+00  1.55943492549304
   2.0170000e+03   7.0000000e+00   2.4000000e+01   5.0000000e+00   4.4000000e+01   0.0000000e+00  3.07271309604750
   2.0170000e+03   7.0000000e+00   2.4000000e+01   5.0000000e+00   4.5000000e+01   0.0000000e+00  3.02030400452966
   2.0170000e+03   7.0000000e+00   2.4000000e+01   5.0000000e+00   4.6000000e+01   0.0000000e+00  1.89727537550112
   2.0170000e+03   7.0000000e+00   2.4000000e+01   5.0000000e+00   4.7000000e+01   0.0000000e+00  2.12373242890566
   2.0170000e+03   7.0000000e+00   2.4000000e+01   5.0000000e+00   4.8000000e+01   0.0000000e+00  4.96018323958611
   2.0170000e+03   7.0000000e+00   2.4000000e+01   5.0000000e+00   4.9000000e+01   0.0000000e+00  3.00995517590920
   2.0170000e+03   7.0000000e+00   2.4000000e+01   5.0000000e+00   5.0000000e+01   0.0000000e+00  6.75865708249369
   2.0170000e+03   7.0000000e+00   2.4000000e+01   5.0000000e+00   5.1000000e+01   0.0000000e+00  3.81647780118803
   2.0170000e+03   7.0000000e+00   2.4000000e+01   5.0000000e+00   5.2000000e+01   0.0000000e+00  3.22790599266598
   2.0170000e+03   7.0000000e+00   2.4000000e+01   5.0000000e+00   5.3000000e+01   0.0000000e+00  0.584219958129704
   2.0170000e+03   7.0000000e+00   2.4000000e+01   5.0000000e+00   5.4000000e+01   0.0000000e+00  0.0331175403451104
   2.0170000e+03   7.0000000e+00   2.4000000e+01   5.0000000e+00   5.5000000e+01   0.0000000e+00  0
   2.0170000e+03   7.0000000e+00   2.4000000e+01   5.0000000e+00   5.6000000e+01   0.0000000e+00  0
   2.0170000e+03   7.0000000e+00   2.4000000e+01   5.0000000e+00   5.7000000e+01   0.0000000e+00  0
   2.0170000e+03   7.0000000e+00   2.4000000e+01   5.0000000e+00   5.8000000e+01   0.0000000e+00  0.0286490816705079
   2.0170000e+03   7.0000000e+00   2.4000000e+01   5.0000000e+00   5.9000000e+01   0.0000000e+00  1.50357819257455
   2.0170000e+03   7.0000000e+00   2.4000000e+01   6.0000000e+00   0.0000000e+00   0.0000000e+00  0.00121239832779819
   2.0170000e+03   7.0000000e+00   2.4000000e+01   6.0000000e+00   1.0000000e+00   0.0000000e+00  0.143311325992719
   2.0170000e+03   7.0000000e+00   2.4000000e+01   6.0000000e+00   2.0000000e+00   0.0000000e+00  0
   2.0170000e+03   7.0000000e+00   2.4000000e+01   6.0000000e+00   3.0000000e+00   0.0000000e+00  0
   2.0170000e+03   7.0000000e+00   2.4000000e+01   6.0000000e+00   4.0000000e+00   0.0000000e+00  0
   2.0170000e+03   7.0000000e+00   2.4000000e+01   6.0000000e+00   5.0000000e+00   0.0000000e+00  0
   2.0170000e+03   7.0000000e+00   2.4000000e+01   6.0000000e+00   6.0000000e+00   0.0000000e+00  0.0889903169174410
   2.0170000e+03   7.0000000e+00   2.4000000e+01   6.0000000e+00   7.0000000e+00   0.0000000e+00  0.0641122037714694
   2.0170000e+03   7.0000000e+00   2.4000000e+01   6.0000000e+00   8.0000000e+00   0.0000000e+00  0.159161088790933
   2.0170000e+03   7.0000000e+00   2.4000000e+01   6.0000000e+00   9.0000000e+00   0.0000000e+00  0.0426297552574168
   2.0170000e+03   7.0000000e+00   2.4000000e+01   6.0000000e+00   1.0000000e+01   0.0000000e+00  0
   2.0170000e+03   7.0000000e+00   2.4000000e+01   6.0000000e+00   1.1000000e+01   0.0000000e+00  1.53778609881545
   2.0170000e+03   7.0000000e+00   2.4000000e+01   6.0000000e+00   1.2000000e+01   0.0000000e+00  4.08356777452227
   2.0170000e+03   7.0000000e+00   2.4000000e+01   6.0000000e+00   1.3000000e+01   0.0000000e+00  0.896108769956934
   2.0170000e+03   7.0000000e+00   2.4000000e+01   6.0000000e+00   1.4000000e+01   0.0000000e+00  0.246464890374595
   2.0170000e+03   7.0000000e+00   2.4000000e+01   6.0000000e+00   1.5000000e+01   0.0000000e+00  4.07481120910184
   2.0170000e+03   7.0000000e+00   2.4000000e+01   6.0000000e+00   1.6000000e+01   0.0000000e+00  0.664412816739020
   2.0170000e+03   7.0000000e+00   2.4000000e+01   6.0000000e+00   1.7000000e+01   0.0000000e+00  1.70457029378531
   2.0170000e+03   7.0000000e+00   2.4000000e+01   6.0000000e+00   1.8000000e+01   0.0000000e+00  1.20318200796073
   2.0170000e+03   7.0000000e+00   2.4000000e+01   6.0000000e+00   1.9000000e+01   0.0000000e+00  1.25267648164606
   2.0170000e+03   7.0000000e+00   2.4000000e+01   6.0000000e+00   2.0000000e+01   0.0000000e+00  1.91139248965774
   2.0170000e+03   7.0000000e+00   2.4000000e+01   6.0000000e+00   2.1000000e+01   0.0000000e+00  2.35115021074511
   2.0170000e+03   7.0000000e+00   2.4000000e+01   6.0000000e+00   2.2000000e+01   0.0000000e+00  1.81178487453573
   2.0170000e+03   7.0000000e+00   2.4000000e+01   6.0000000e+00   2.3000000e+01   0.0000000e+00  8.66574029108198
   2.0170000e+03   7.0000000e+00   2.4000000e+01   6.0000000e+00   2.4000000e+01   0.0000000e+00  11.2978705095091
   2.0170000e+03   7.0000000e+00   2.4000000e+01   6.0000000e+00   2.5000000e+01   0.0000000e+00  8.40396020742958
   2.0170000e+03   7.0000000e+00   2.4000000e+01   6.0000000e+00   2.6000000e+01   0.0000000e+00  9.03614155754804
   2.0170000e+03   7.0000000e+00   2.4000000e+01   6.0000000e+00   2.7000000e+01   0.0000000e+00  8.23510694559092
   2.0170000e+03   7.0000000e+00   2.4000000e+01   6.0000000e+00   2.8000000e+01   0.0000000e+00  11.7290430209340
   2.0170000e+03   7.0000000e+00   2.4000000e+01   6.0000000e+00   2.9000000e+01   0.0000000e+00  5.01597969844427
   2.0170000e+03   7.0000000e+00   2.4000000e+01   6.0000000e+00   3.0000000e+01   0.0000000e+00  4.10869608703679
   2.0170000e+03   7.0000000e+00   2.4000000e+01   6.0000000e+00   3.1000000e+01   0.0000000e+00  4.67771010825165
   2.0170000e+03   7.0000000e+00   2.4000000e+01   6.0000000e+00   3.2000000e+01   0.0000000e+00  7.64288011325337
   2.0170000e+03   7.0000000e+00   2.4000000e+01   6.0000000e+00   3.3000000e+01   0.0000000e+00  3.02101128480620
   2.0170000e+03   7.0000000e+00   2.4000000e+01   6.0000000e+00   3.4000000e+01   0.0000000e+00  3.48578650127969
   2.0170000e+03   7.0000000e+00   2.4000000e+01   6.0000000e+00   3.5000000e+01   0.0000000e+00  6.75792610228194
   2.0170000e+03   7.0000000e+00   2.4000000e+01   6.0000000e+00   3.6000000e+01   0.0000000e+00  6.63889299890238
   2.0170000e+03   7.0000000e+00   2.4000000e+01   6.0000000e+00   3.7000000e+01   0.0000000e+00  6.19286901627929
   2.0170000e+03   7.0000000e+00   2.4000000e+01   6.0000000e+00   3.8000000e+01   0.0000000e+00  2.22776302267828
   2.0170000e+03   7.0000000e+00   2.4000000e+01   6.0000000e+00   3.9000000e+01   0.0000000e+00  2.20593685587405