   2.0170000e+03   8.0000000e+00   1.8000000e+01   1.5000000e+01   3.0000000e+01   0.0000000e+00   0.0000000e+00
   2.0170000e+03   8.0000000e+00   1.8000000e+01   1.5000000e+01   3.1000000e+01   0.0000000e+00   0.0000000e+00
   2.0170000e+03   8.0000000e+00   1.8000000e+01   1.5000000e+01   3.2000000e+01   0.0000000e+00   0.0000000e+00
   2.0170000e+03   8.0000000e+00   1.8000000e+01   1.5000000e+01   3.3000000e+01   0.0000000e+00   0.0000000e+00
   2.0170000e+03   8.0000000e+00   1.8000000e+01   1.5000000e+01   3.4000000e+01   0.0000000e+00   0.0000000e+00
   2.0170000e+03   8.0000000e+00   1.8000000e+01   1.5000000e+01   3.5000000e+01   0.0000000e+00   0.0000000e+00
   2.0170000e+03   8.0000000e+00   1.8000000e+01   1.5000000e+01   3.6000000e+01   0.0000000e+00   0.0000000e+00
   2.0170000e+03   8.0000000e+00   1.8000000e+01   1.5000000e+01   3.7000000e+01   0.0000000e+00   0.0000000e+00
   2.0170000e+03   8.0000000e+00   1.8000000e+01   1.5000000e+01   3.8000000e+01   0.0000000e+00   0.0000000e+00
   2.0170000e+03   8.0000000e+00   1.8000000e+01   1.5000000e+01   3.9000000e+01   0.0000000e+00   0.0000000e+00
   2.0170000e+03   8.0000000e+00   1.8000000e+01   1.5000000e+01   4.0000000e+01   0.0000000e+00   0.0000000e+00
   2.0170000e+03   8.0000000e+00   1.8000000e+01   1.5000000e+01   4.1000000e+01   0.0000000e+00   0.0000000e+00
   2.0170000e+03   8.0000000e+00   1.8000000e+01   1.5000000e+01   4.2000000e+01   0.0000000e+00   0.0000000e+00
   2.0170000e+03   8.0000000e+00   1.8000000e+01   1.5000000e+01   4.3000000e+01   0.0000000e+00   0.0000000e+00
   2.0170000e+03   8.0000000e+00   1.8000000e+01   1.5000000e+01   4.4000000e+01   0.0000000e+00   0.0000000e+00
   2.0170000e+03   8.0000000e+00   1.8000000e+01   1.5000000e+01   4.5000000e+01   0.0000000e+00   0.0000000e+00
   2.0170000e+03   8.0000000e+00   1.8000000e+01   1.5000000e+01   4.6000000e+01   0.0000000e+00   0.0000000e+00
   2.0170000e+03   8.0000000e+00   1.8000000e+01   1.5000000e+01   4.7000000e+01   0.0000000e+00   0.0000000e+00
   2.0170000e+03   8.0000000e+00   1.8000000e+01   1.5000000e+01   4.8000000e+01   0.0000000e+00   0.0000000e+00
   2.0170000e+03   8.0000000e+00   1.8000000e+01   1.5000000e+01   4.9000000e+01   0.0000000e+00   0.0000000e+00
   2.0170000e+03   8.0000000e+00   1.8000000e+01   1.5000000e+01   5.0000000e+01   0.0000000e+00   0.0000000e+00
   2.0170000e+03   8.0000000e+00   1.8000000e+01   1.5000000e+01   5.1000000e+01   0.0000000e+00   0.0000000e+00
   2.0170000e+03   8.0000000e+00   1.8000000e+01   1.5000000e+01   5.2000000e+01   0.0000000e+00   0.0000000e+00
   2.0170000e+03   8.0000000e+00   1.8000000e+01   1.5000000e+01   5.3000000e+01   0.0000000e+00   0.0000000e+00
   2.0170000e+03   8.0000000e+00   1.8000000e+01   1.5000000e+01   5.4000000e+01   0.0000000e+00   0.0000000e+00
   2.0170000e+03   8.0000000e+00   1.8000000e+01   1.5000000e+01   5.5000000e+01   0.0000000e+00   0.0000000e+00
   2.0170000e+03   8.0000000e+00   1.8000000e+01   1.5000000e+01   5.6000000e+01   0.0000000e+00   0.0000000e+00
   2.0170000e+03   8.0000000e+00   1.8000000e+01   1.5000000e+01   5.7000000e+01   0.0000000e+00   0.0000000e+00
   2.0170000e+03   8.0000000e+00   1.8000000e+01   1.5000000e+01   5.8000000e+01   0.0000000e+00   0.0000000e+00
   2.0170000e+03   8.0000000e+00   1.8000000e+01   1.5000000e+01   5.9000000e+01   0.0000000e+00   0.0000000e+00
   2.0170000e+03   8.0000000e+00   1.8000000e+01   1.6000000e+01   0.0000000e+00   0.0000000e+00   0.0000000e+00
   2.0170000e+03   8.0000000e+00   1.8000000e+01   1.6000000e+01   1.0000000e+00   0.0000000e+00   0.0000000e+00
   2.0170000e+03   8.0000000e+00   1.8000000e+01   1.6000000e+01   2.0000000e+00   0.0000000e+00   0.0000000e+00
   2.0170000e+03   8.0000000e+00   1.8000000e+01   1.6000000e+01   3.0000000e+00   0.0000000e+00   0.0000000e+00
   2.0170000e+03   8.0000000e+00   1.8000000e+01   1.6000000e+01   4.0000000e+00   0.0000000e+00   0.0000000e+00
   2.0170000e+03   8.0000000e+00   1.8000000e+01   1.6000000e+01   5.0000000e+00   0.0000000e+00   0.0000000e+00
   2.0170000e+03   8.0000000e+00   1.8000000e+01   1.6000000e+01   6.0000000e+00   0.0000000e+00   0.0000000e+00
   2.0170000e+03   8.0000000e+00   1.8000000e+01   1.6000000e+01   7.0000000e+00   0.0000000e+00   0.0000000e+00
   2.0170000e+03   8.0000000e+00   1.8000000e+01   1.6000000e+01   8.0000000e+00   0.0000000e+00   0.0000000e+00
   2.0170000e+03   8.0000000e+00   1.8000000e+01   1.6000000e+01   9.0000000e+00   0.0000000e+00   0.0000000e+00
   2.0170000e+03   8.0000000e+00   1.8000000e+01   1.6000000e+01   1.0000000e+01   0.0000000e+00   0.0000000e+00
   2.0170000e+03   8.0000000e+00   1.8000000e+01   1.6000000e+01   1.1000000e+01   0.0000000e+00   0.0000000e+00
   2.0170000e+03   8.0000000e+00   1.8000000e+01   1.6000000e+01   1.2000000e+01   0.0000000e+00   0.0000000e+00
   2.0170000e+03   8.0000000e+00   1.8000000e+01   1.6000000e+01   1.3000000e+01   0.0000000e+00   1.4100000e+00
   2.0170000e+03   8.0000000e+00   1.8000000e+01   1.6000000e+01   1.4000000e+01   0.0000000e+00   6.5000000e+00
   2.0170000e+03   8.0000000e+00   1.8000000e+01   1.6000000e+01   1.5000000e+01   0.0000000e+00   8.7400000e+00
   2.0170000e+03   8.0000000e+00   1.8000000e+01   1.6000000e+01   1.6000000e+01   0.0000000e+00   9.0000000e+00
   2.0170000e+03   8.0000000e+00   1.8000000e+01   1.6000000e+01   1.7000000e+01   0.0000000e+00   1.1820000e+01
   2.0170000e+03   8.0000000e+00   1.8000000e+01   1.6000000e+01   1.8000000e+01   0.0000000e+00   2.0590000e+01
   2.0170000e+03   8.0000000e+00   1.8000000e+01   1.6000000e+01   1.9000000e+01   0.0000000e+00   1.8570000e+01
   2.0170000e+03   8.0000000e+00   1.8000000e+01   1.6000000e+01   2.0000000e+01   0.0000000e+00   1.7870000e+01
   2.0170000e+03   8.0000000e+00   1.8000000e+01   1.6000000e+01   2.1000000e+01   0.0000000e+00   1.4710000e+01
   2.0170000e+03   8.0000000e+00   1.8000000e+01   1.6000000e+01   2.2000000e+01   0.0000000e+00   2.2260000e+01
   2.0170000e+03   8.0000000e+00   1.8000000e+01   1.6000000e+01   2.3000000e+01   0.0000000e+00   2.7420000e+01
   2.0170000e+03   8.0000000e+00   1.8000000e+01   1.6000000e+01   2.4000000e+01   0.0000000e+00   4.1360000e+01
   2.0170000e+03   8.0000000e+00   1.8000000e+01   1.6000000e+01   2.5000000e+01   0.0000000e+00   7.2730000e+01
   2.0170000e+03   8.0000000e+00   1.8000000e+01   1.6000000e+01   2.6000000e+01   0.0000000e+00   7.4290001e+01
   2.0170000e+03   8.0000000e+00   1.8000000e+01   1.6000000e+01   2.7000000e+01   0.0000000e+00   5.8970000e+01
   2.0170000e+03   8.0000000e+00   1.8000000e+01   1.6000000e+01   2.8000000e+01   0.0000000e+00   5.1910000e+01
   2.0170000e+03   8.0000000e+00   1.8000000e+01   1.6000000e+01   2.9000000e+01   0.0000000e+00   3.9250000e+01
   2.0170000e+03   8.0000000e+00   1.8000000e+01   1.6000000e+01   3.0000000e+01   0.0000000e+00   1.5790000e+01
   2.0170000e+03   8.0000000e+00   1.8000000e+01   1.6000000e+01   3.1000000e+01   0.0000000e+00   5.9700000e+00
   2.0170000e+03   8.0000000e+00   1.8000000e+01   1.6000000e+01   3.2000000e+01   0.0000000e+00   4.3300000e+00
   2.0170000e+03   8.0000000e+00   1.8000000e+01   1.6000000e+01   3.3000000e+01   0.0000000e+00   5.6100000e+00
   2.0170000e+03   8.0000000e+00   1.8000000e+01   1.6000000e+01   3.4000000e+01   0.0000000e+00   4.1199998e+00
   2.0170000e+03   8.0000000e+00   1.8000000e+01   1.6000000e+01   3.5000000e+01   0.0000000e+00   3.1300000e+00
   2.0170000e+03   8.0000000e+00   1.8000000e+01   1.6000000e+01   3.6000000e+01   0.0000000e+00   2.5300000e+00
   2.0170000e+03   8.0000000e+00   1.8000000e+01   1.6000000e+01   3.7000000e+01   0.0000000e+00   2.4000000e+00
   2.0170000e+03   8.0000000e+00   1.8000000e+01   1.6000000e+01   3.8000000e+01   0.0000000e+00   2.4000000e+00
   2.0170000e+03   8.0000000e+00   1.8000000e+01   1.6000000e+01   3.9000000e+01   0.0000000e+00   2.8700000e+00
   2.0170000e+03   8.0000000e+00   1.8000000e+01   1.6000000e+01   4.0000000e+01   0.0000000e+00   2.5300001e+00
   2.0170000e+03   8.0000000e+00   1.8000000e+01   1.6000000e+01   4.1000000e+01   0.0000000e+00   2.4000000e+00
   2.0170000e+03   8.0000000e+00   1.8000000e+01   1.6000000e+01   4.2000000e+01   0.0000000e+00   2.4000000e+00
   2.0170000e+03   8.0000000e+00   1.8000000e+01   1.6000000e+01   4.3000000e+01   0.0000000e+00   1.9300000e+00
   2.0170000e+03   8.0000000e+00   1.8000000e+01   1.6000000e+01   4.4000000e+01   0.0000000e+00   2.2700000e+00
   2.0170000e+03   8.0000000e+00   1.8000000e+01   1.6000000e+01   4.5000000e+01   0.0000000e+00   3.3400000e+00
   2.0170000e+03   8.0000000e+00   1.8000000e+01   1.6000000e+01   4.6000000e+01   0.0000000e+00   3.6000000e+00
   2.0170000e+03   8.0000000e+00   1.8000000e+01   1.6000000e+01   4.7000000e+01   0.0000000e+00   4.0700000e+00
   2.0170000e+03   8.0000000e+00   1.8000000e+01   1.6000000e+01   4.8000000e+01   0.0000000e+00   4.6700001e+00
   2.0170000e+03   8.0000000e+00   1.8000000e+01   1.6000000e+01   4.9000000e+01   0.0000000e+00   4.8000000e+00
   2.0170000e+03   8.0000000e+00   1.8000000e+01   1.6000000e+01   5.0000000e+01   0.0000000e+00   5.2700000e+00
   2.0170000e+03   8.0000000e+00   1.8000000e+01   1.6000000e+01   5.1000000e+01   0.0000000e+00   4.9299999e+00
   2.0170000e+03   8.0000000e+00   1.8000000e+01   1.6000000e+01   5.2000000e+01   0.0000000e+00   4.8000000e+00
   2.0170000e+03   8.0000000e+00   1.8000000e+01   1.6000000e+01   5.3000000e+01   0.0000000e+00   4.3300000e+00
   2.0170000e+03   8.0000000e+00   1.8000000e+01   1.6000000e+01   5.4000000e+01   0.0000000e+00   3.2600001e+00
   2.0170000e+03   8.0000000e+00   1.8000000e+01   1.6000000e+01   5.5000000e+01   0.0000000e+00   3.0000000e+00
   2.0170000e+03   8.0000000e+00   1.8000000e+01   1.6000000e+01   5.6000000e+01   0.0000000e+00   4.4100000e+00
   2.0170000e+03   8.0000000e+00   1.8000000e+01   1.6000000e+01   5.7000000e+01   0.0000000e+00   6.2099998e+00
   2.0170000e+03   8.0000000e+00   1.8000000e+01   1.6000000e+01   5.8000000e+01   0.0000000e+00   6.6000000e+00
   2.0170000e+03   8.0000000e+00   1.8000000e+01   1.6000000e+01   5.9000000e+01   0.0000000e+00   5.1900000e+00
   2.0170000e+03   8.0000000e+00   1.8000000e+01   1.7000000e+01   0.0000000e+00   0.0000000e+00   5.7400000e+00
   2.0170000e+03   8.0000000e+00   1.8000000e+01   1.7000000e+01   1.0000000e+00   0.0000000e+00   6.9400000e+00
   2.0170000e+03   8.0000000e+00   1.8000000e+01   1.7000000e+01   2.0000000e+00   0.0000000e+00   9.0800002e+00
   2.0170000e+03   8.0000000e+00   1.8000000e+01   1.7000000e+01   3.0000000e+00   0.0000000e+00   8.1900000e+00
   2.0170000e+03   8.0000000e+00   1.8000000e+01   1.7000000e+01   4.0000000e+00   0.0000000e+00   5.9200000e+00
   2.0170000e+03   8.0000000e+00   1.8000000e+01   1.7000000e+01   5.0000000e+00   0.0000000e+00   4.4599999e+00
   2.0170000e+03   8.0000000e+00   1.8000000e+01   1.7000000e+01   6.0000000e+00   0.0000000e+00   4.6700000e+00
   2.0170000e+03   8.0000000e+00   1.8000000e+01   1.7000000e+01   7.0000000e+00   0.0000000e+00   4.8000000e+00
   2.0170000e+03   8.0000000e+00   1.8000000e+01   1.7000000e+01   8.0000000e+00   0.0000000e+00   3.8600001e+00
   2.0170000e+03   8.0000000e+00   1.8000000e+01   1.7000000e+01   9.0000000e+00   0.0000000e+00   3.6000000e+00
   2.0170000e+03   8.0000000e+00   1.8000000e+01   1.7000000e+01   1.0000000e+01   0.0000000e+00   3.1300000e+00
   2.0170000e+03   8.0000000e+00   1.8000000e+01   1.7000000e+01   1.1000000e+01   0.0000000e+00   2.0600001e+00
   2.0170000e+03   8.0000000e+00   1.8000000e+01   1.7000000e+01   1.2000000e+01   0.0000000e+00   8.6000003e-01
   2.0170000e+03   8.0000000e+00   1.8000000e+01   1.7000000e+01   1.3000000e+01   0.0000000e+00   6.0000000e-01
   2.0170000e+03   8.0000000e+00   1.8000000e+01   1.7000000e+01   1.4000000e+01   0.0000000e+00   1.3000000e-01
   2.0170000e+03   8.0000000e+00   1.8000000e+01   1.7000000e+01   1.5000000e+01   0.0000000e+00   4.7000000e-01
   2.0170000e+03   8.0000000e+00   1.8000000e+01   1.7000000e+01   1.6000000e+01   0.0000000e+00   1.3000000e-01
   2.0170000e+03   8.0000000e+00   1.8000000e+01   1.7000000e+01   1.7000000e+01   0.0000000e+00   0.0000000e+00
   2.0170000e+03   8.0000000e+00   1.8000000e+01   1.7000000e+01   1.8000000e+01   0.0000000e+00   0.0000000e+00
   2.0170000e+03   8.0000000e+00   1.8000000e+01   1.7000000e+01   1.9000000e+01   0.0000000e+00   0.0000000e+00
   2.0170000e+03   8.0000000e+00   1.8000000e+01   1.7000000e+01   2.0000000e+01   0.0000000e+00   0.0000000e+00
   2.0170000e+03   8.0000000e+00   1.8000000e+01   1.7000000e+01   2.1000000e+01   0.0000000e+00   4.7000000e-01
   2.0170000e+03   8.0000000e+00   1.8000000e+01   1.7000000e+01   2.2000000e+01   0.0000000e+00   1.3000006e-01
   2.0170000e+03   8.0000000e+00   1.8000000e+01   1.7000000e+01   2.3000000e+01   0.0000000e+00   0.0000000e+00
   2.0170000e+03   8.0000000e+00   1.8000000e+01   1.7000000e+01   2.4000000e+01   0.0000000e+00   0.0000000e+00
   2.0170000e+03   8.0000000e+00   1.8000000e+01   1.7000000e+01   2.5000000e+01   0.0000000e+00   0.0000000e+00
   2.0170000e+03   8.0000000e+00   1.8000000e+01   1.7000000e+01   2.6000000e+01   0.0000000e+00   0.0000000e+00
   2.0170000e+03   8.0000000e+00   1.8000000e+01   1.7000000e+01   2.7000000e+01   0.0000000e+00   0.0000000e+00
   2.0170000e+03   8.0000000e+00   1.8000000e+01   1.7000000e+01   2.8000000e+01   0.0000000e+00   0.0000000e+00
   2.0170000e+03   8.0000000e+00   1.8000000e+01   1.7000000e+01   2.9000000e+01   0.0000000e+00   4.7000000e-01
   2.0170000e+03   8.0000000e+00   1.8000000e+01   1.7000000e+01   3.0000000e+01   0.0000000e+00   1.3000000e-01
   2.0170000e+03   8.0000000e+00   1.8000000e+01   1.7000000e+01   3.1000000e+01   0.0000000e+00   0.0000000e+00
   2.0170000e+03   8.0000000e+00   1.8000000e+01   1.7000000e+01   3.2000000e+01   0.0000000e+00   0.0000000e+00
   2.0170000e+03   8.0000000e+00   1.8000000e+01   1.7000000e+01   3.3000000e+01   0.0000000e+00   0.0000000e+00
   2.0170000e+03   8.0000000e+00   1.8000000e+01   1.7000000e+01   3.4000000e+01   0.0000000e+00   0.0000000e+00
   2.0170000e+03   8.0000000e+00   1.8000000e+01   1.7000000e+01   3.5000000e+01   0.0000000e+00   0.0000000e+00
   2.0170000e+03   8.0000000e+00   1.8000000e+01   1.7000000e+01   3.6000000e+01   0.0000000e+00   0.0000000e+00
   2.0170000e+03   8.0000000e+00   1.8000000e+01   1.7000000e+01   3.7000000e+01   0.0000000e+00   0.0000000e+00
   2.0170000e+03   8.0000000e+00   1.8000000e+01   1.7000000e+01   3.8000000e+01   0.0000000e+00   4.7000000e-01
   2.0170000e+03   8.0000000e+00   1.8000000e+01   1.7000000e+01   3.9000000e+01   0.0000000e+00   1.3000006e-01
   2.0170000e+03   8.0000000e+00   1.8000000e+01   1.7000000e+01   4.0000000e+01   0.0000000e+00   0.0000000e+00
   2.0170000e+03   8.0000000e+00   1.8000000e+01   1.7000000e+01   4.1000000e+01   0.0000000e+00   0.0000000e+00
   2.0170000e+03   8.0000000e+00   1.8000000e+01   1.7000000e+01   4.2000000e+01   0.0000000e+00   4.6999994e-01
   2.0170000e+03   8.0000000e+00   1.8000000e+01   1.7000000e+01   4.3000000e+01   0.0000000e+00   6.0000000e-01
   2.0170000e+03   8.0000000e+00   1.8000000e+01   1.7000000e+01   4.4000000e+01   0.0000000e+00   1.0700000e+00
   2.0170000e+03   8.0000000e+00   1.8000000e+01   1.7000000e+01   4.5000000e+01   0.0000000e+00   1.6700000e+00
   2.0170000e+03   8.0000000e+00   1.8000000e+01   1.7000000e+01   4.6000000e+01   0.0000000e+00   3.6800000e+00
   2.0170000e+03   8.0000000e+00   1.8000000e+01   1.7000000e+01   4.7000000e+01   0.0000000e+00   2.7899998e+00
   2.0170000e+03   8.0000000e+00   1.8000000e+01   1.7000000e+01   4.8000000e+01   0.0000000e+00   1.4600000e+00
   2.0170000e+03   8.0000000e+00   1.8000000e+01   1.7000000e+01   4.9000000e+01   0.0000000e+00   7.3000000e-01
   2.0170000e+03   8.0000000e+00   1.8000000e+01   1.7000000e+01   5.0000000e+01   0.0000000e+00   7.1800008e+00
   2.0170000e+03   8.0000000e+00   1.8000000e+01   1.7000000e+01   5.1000000e+01   0.0000000e+00   5.7099999e+00
   2.0170000e+03   8.0000000e+00   1.8000000e+01   1.7000000e+01   5.2000000e+01   0.0000000e+00   2.9200000e+00
   2.0170000e+03   8.0000000e+00   1.8000000e+01   1.7000000e+01   5.3000000e+01   0.0000000e+00   5.2000024e-01
   2.0170000e+03   8.0000000e+00   1.8000000e+01   1.7000000e+01   5.4000000e+01   0.0000000e+00   4.6999998e-01
   2.0170000e+03   8.0000000e+00   1.8000000e+01   1.7000000e+01   5.5000000e+01   0.0000000e+00   6.0000000e-01
   2.0170000e+03   8.0000000e+00   1.8000000e+01   1.7000000e+01   5.6000000e+01   0.0000000e+00   1.3000006e-01
   2.0170000e+03   8.0000000e+00   1.8000000e+01   1.7000000e+01   5.7000000e+01   0.0000000e+00   0.0000000e+00
   2.0170000e+03   8.0000000e+00   1.8000000e+01   1.7000000e+01   5.8000000e+01   0.0000000e+00   4.7000000e-01
   2.0170000e+03   8.0000000e+00   1.8000000e+01   1.7000000e+01   5.9000000e+01   0.0000000e+00   1.3000000e-01
   2.0170000e+03   8.0000000e+00   1.8000000e+01   1.8000000e+01   0.0000000e+00   0.0000000e+00   0.0000000e+00
   2.0170000e+03   8.0000000e+00   1.8000000e+01   1.8000000e+01   1.0000000e+00   0.0000000e+00   0.0000000e+00
   2.0170000e+03   8.0000000e+00   1.8000000e+01   1.8000000e+01   2.0000000e+00   0.0000000e+00   4.7000000e-01
   2.0170000e+03   8.0000000e+00   1.8000000e+01   1.8000000e+01   3.0000000e+00   0.0000000e+00   1.3000000e-01
   2.0170000e+03   8.0000000e+00   1.8000000e+01   1.8000000e+01   4.0000000e+00   0.0000000e+00   0.0000000e+00
   2.0170000e+03   8.0000000e+00   1.8000000e+01   1.8000000e+01   5.0000000e+00   0.0000000e+00   0.0000000e+00
   2.0170000e+03   8.0000000e+00   1.8000000e+01   1.8000000e+01   6.0000000e+00   0.0000000e+00   0.0000000e+00
   2.0170000e+03   8.0000000e+00   1.8000000e+01   1.8000000e+01   7.0000000e+00   0.0000000e+00   0.0000000e+00
   2.0170000e+03   8.0000000e+00   1.8000000e+01   1.8000000e+01   8.0000000e+00   0.0000000e+00   0.0000000e+00
   2.0170000e+03   8.0000000e+00   1.8000000e+01   1.8000000e+01   9.0000000e+00   0.0000000e+00   4.7000000e-01
   2.0170000e+03   8.0000000e+00   1.8000000e+01   1.8000000e+01   1.0000000e+01   0.0000000e+00   1.3000006e-01
   2.0170000e+03   8.0000000e+00   1.8000000e+01   1.8000000e+01   1.1000000e+01   0.0000000e+00   0.0000000e+00
   2.0170000e+03   8.0000000e+00   1.8000000e+01   1.8000000e+01   1.2000000e+01   0.0000000e+00   0.0000000e+00
   2.0170000e+03   8.0000000e+00   1.8000000e+01   1.8000000e+01   1.3000000e+01   0.0000000e+00   0.0000000e+00
   2.0170000e+03   8.0000000e+00   1.8000000e+01   1.8000000e+01   1.4000000e+01   0.0000000e+00   0.0000000e+00
   2.0170000e+03   8.0000000e+00   1.8000000e+01   1.8000000e+01   1.5000000e+01   0.0000000e+00   0.0000000e+00
   2.0170000e+03   8.0000000e+00   1.8000000e+01   1.8000000e+01   1.6000000e+01   0.0000000e+00   0.0000000e+00
   2.0170000e+03   8.0000000e+00   1.8000000e+01   1.8000000e+01   1.7000000e+01   0.0000000e+00   0.0000000e+00
   2.0170000e+03   8.0000000e+00   1.8000000e+01   1.8000000e+01   1.8000000e+01   0.0000000e+00   4.7000006e-01
   2.0170000e+03   8.0000000e+00   1.8000000e+01   1.8000000e+01   1.9000000e+01   0.0000000e+00   1.2999998e-01
   2.0170000e+03   8.0000000e+00   1.8000000e+01   1.8000000e+01   2.0000000e+01   0.0000000e+00   0.0000000e+00
   2.0170000e+03   8.0000000e+00   1.8000000e+01   1.8000000e+01   2.1000000e+01   0.0000000e+00   0.0000000e+00
   2.0170000e+03   8.0000000e+00   1.8000000e+01   1.8000000e+01   2.2000000e+01   0.0000000e+00   0.0000000e+00
   2.0170000e+03   8.0000000e+00   1.8000000e+01   1.8000000e+01   2.3000000e+01   0.0000000e+00   0.0000000e+00
   2.0170000e+03   8.0000000e+00   1.8000000e+01   1.8000000e+01   2.4000000e+01   0.0000000e+00   0.0000000e+00
   2.0170000e+03   8.0000000e+00   1.8000000e+01   1.8000000e+01   2.5000000e+01   0.0000000e+00   0.0000000e+00
   2.0170000e+03   8.0000000e+00   1.8000000e+01   1.8000000e+01   2.6000000e+01   0.0000000e+00   0.0000000e+00
   2.0170000e+03   8.0000000e+00   1.8000000e+01   1.8000000e+01   2.7000000e+01   0.0000000e+00   0.0000000e+00
   2.0170000e+03   8.0000000e+00   1.8000000e+01   1.8000000e+01   2.8000000e+01   0.0000000e+00   0.0000000e+00
   2.0170000e+03   8.0000000e+00   1.8000000e+01   1.8000000e+01   2.9000000e+01   0.0000000e+00   0.0000000e+00
   2.0170000e+03   8.0000000e+00   1.8000000e+01   1.8000000e+01   3.0000000e+01   0.0000000e+00   4.7000000e-01
   2.0170000e+03   8.0000000e+00   1.8000000e+01   1.8000000e+01   3.1000000e+01   0.0000000e+00   1.3000000e-01
   2.0170000e+03   8.0000000e+00   1.8000000e+01   1.8000000e+01   3.2000000e+01   0.0000000e+00   0.0000000e+00
   2.0170000e+03   8.0000000e+00   1.8000000e+01   1.8000000e+01   3.3000000e+01   0.0000000e+00   0.0000000e+00
   2.0170000e+03   8.0000000e+00   1.8000000e+01   1.8000000e+01   3.4000000e+01   0.0000000e+00   0.0000000e+00
   2.0170000e+03   8.0000000e+00   1.8000000e+01   1.8000000e+01   3.5000000e+01   0.0000000e+00   0.0000000e+00
   2.0170000e+03   8.0000000e+00   1.8000000e+01   1.8000000e+01   3.6000000e+01   0.0000000e+00   0.0000000e+00
   2.0170000e+03   8.0000000e+00   1.8000000e+01   1.8000000e+01   3.7000000e+01   0.0000000e+00   0.0000000e+00
   2.0170000e+03   8.0000000e+00   1.8000000e+01   1.8000000e+01   3.8000000e+01   0.0000000e+00   0.0000000e+00
   2.0170000e+03   8.0000000e+00   1.8000000e+01   1.8000000e+01   3.9000000e+01   0.0000000e+00   0.0000000e+00
   2.0170000e+03   8.0000000e+00   1.8000000e+01   1.8000000e+01   4.0000000e+01   0.0000000e+00   0.0000000e+00
   2.0170000e+03   8.0000000e+00   1.8000000e+01   1.8000000e+01   4.1000000e+01   0.0000000e+00   0.0000000e+00
   2.0170000e+03   8.0000000e+00   1.8000000e+01   1.8000000e+01   4.2000000e+01   0.0000000e+00   0.0000000e+00
   2.0170000e+03   8.0000000e+00   1.8000000e+01   1.8000000e+01   4.3000000e+01   0.0000000e+00   4.7000000e-01
   2.0170000e+03   8.0000000e+00   1.8000000e+01   1.8000000e+01   4.4000000e+01   0.0000000e+00   1.3000000e-01
   2.0170000e+03   8.0000000e+00   1.8000000e+01   1.8000000e+01   4.5000000e+01   0.0000000e+00   0.0000000e+00
   2.0170000e+03   8.0000000e+00   1.8000000e+01   1.8000000e+01   4.6000000e+01   0.0000000e+00   0.0000000e+00
   2.0170000e+03   8.0000000e+00   1.8000000e+01   1.8000000e+01   4.7000000e+01   0.0000000e+00   0.0000000e+00
   2.0170000e+03   8.0000000e+00   1.8000000e+01   1.8000000e+01   4.8000000e+01   0.0000000e+00   0.0000000e+00
   2.0170000e+03   8.0000000e+00   1.8000000e+01   1.8000000e+01   4.9000000e+01   0.0000000e+00   0.0000000e+00
   2.0170000e+03   8.0000000e+00   1.8000000e+01   1.8000000e+01   5.0000000e+01   0.0000000e+00   0.0000000e+00
   2.0170000e+03   8.0000000e+00   1.8000000e+01   1.8000000e+01   5.1000000e+01   0.0000000e+00   0.0000000e+00
   2.0170000e+03   8.0000000e+00   1.8000000e+01   1.8000000e+01   5.2000000e+01   0.0000000e+00   0.0000000e+00
   2.0170000e+03   8.0000000e+00   1.8000000e+01   1.8000000e+01   5.3000000e+01   0.0000000e+00   0.0000000e+00
   2.0170000e+03   8.0000000e+00   1.8000000e+01   1.8000000e+01   5.4000000e+01   0.0000000e+00   0.0000000e+00
   2.0170000e+03   8.0000000e+00   1.8000000e+01   1.8000000e+01   5.5000000e+01   0.0000000e+00   0.0000000e+00
   2.0170000e+03   8.0000000e+00   1.8000000e+01   1.8000000e+01   5.6000000e+01   0.0000000e+00   0.0000000e+00
   2.0170000e+03   8.0000000e+00   1.8000000e+01   1.8000000e+01   5.7000000e+01   0.0000000e+00   0.0000000e+00
   2.0170000e+03   8.0000000e+00   1.8000000e+01   1.8000000e+01   5.8000000e+01   0.0000000e+00   4.7000000e-01
   2.0170000e+03   8.0000000e+00   1.8000000e+01   1.8000000e+01   5.9000000e+01   0.0000000e+00   1.3000000e-01
   2.0170000e+03   8.0000000e+00   1.8000000e+01   1.9000000e+01   0.0000000e+00   0.0000000e+00   0.0000000e+00
   2.0170000e+03   8.0000000e+00   1.8000000e+01   1.9000000e+01   1.0000000e+00   0.0000000e+00   0.0000000e+00
   2.0170000e+03   8.0000000e+00   1.8000000e+01   1.9000000e+01   2.0000000e+00   0.0000000e+00   0.0000000e+00
   2.0170000e+03   8.0000000e+00   1.8000000e+01   1.9000000e+01   3.0000000e+00   0.0000000e+00   0.0000000e+00
   2.0170000e+03   8.0000000e+00   1.8000000e+01   1.9000000e+01   4.0000000e+00   0.0000000e+00   0.0000000e+00
   2.0170000e+03   8.0000000e+00   1.8000000e+01   1.9000000e+01   5.0000000e+00   0.0000000e+00   0.0000000e+00
   2.0170000e+03   8.0000000e+00   1.8000000e+01   1.9000000e+01   6.0000000e+00   0.0000000e+00   0.0000000e+00
   2.0170000e+03   8.0000000e+00   1.8000000e+01   1.9000000e+01   7.0000000e+00   0.0000000e+00   0.0000000e+00
   2.0170000e+03   8.0000000e+00   1.8000000e+01   1.9000000e+01   8.0000000e+00   0.0000000e+00   0.0000000e+00
   2.0170000e+03   8.0000000e+00   1.8000000e+01   1.9000000e+01   9.0000000e+00   0.0000000e+00   0.0000000e+00
   2.0170000e+03   8.0000000e+00   1.8000000e+01   1.9000000e+01   1.0000000e+01   0.0000000e+00   0.0000000e+00
   2.0170000e+03   8.0000000e+00   1.8000000e+01   1.9000000e+01   1.1000000e+01   0.0000000e+00   0.0000000e+00
   2.0170000e+03   8.0000000e+00   1.8000000e+01   1.9000000e+01   1.2000000e+01   0.0000000e+00   0.0000000e+00
   2.0170000e+03   8.0000000e+00   1.8000000e+01   1.9000000e+01   1.3000000e+01   0.0000000e+00   4.6999998e-01
   2.0170000e+03   8.0000000e+00   1.8000000e+01   1.9000000e+01   1.4000000e+01   0.0000000e+00   1.3000000e-01
   2.0170000e+03   8.0000000e+00   1.8000000e+01   1.9000000e+01   1.5000000e+01   0.0000000e+00   0.0000000e+00
   2.0170000e+03   8.0000000e+00   1.8000000e+01   1.9000000e+01   1.6000000e+01   0.0000000e+00   0.0000000e+00
   2.0170000e+03   8.0000000e+00   1.8000000e+01   1.9000000e+01   1.7000000e+01   0.0000000e+00   0.0000000e+00
   2.0170000e+03   8.0000000e+00   1.8000000e+01   1.9000000e+01   1.8000000e+01   0.0000000e+00   0.0000000e+00
   2.0170000e+03   8.0000000e+00   1.8000000e+01   1.9000000e+01   1.9000000e+01   0.0000000e+00   0.0000000e+00
   2.0170000e+03   8.0000000e+00   1.8000000e+01   1.9000000e+01   2.0000000e+01   0.0000000e+00   0.0000000e+00
   2.0170000e+03   8.0000000e+00   1.8000000e+01   1.9000000e+01   2.1000000e+01   0.0000000e+00   0.0000000e+00
   2.0170000e+03   8.0000000e+00   1.8000000e+01   1.9000000e+01   2.2000000e+01   0.0000000e+00   0.0000000e+00
   2.0170000e+03   8.0000000e+00   1.8000000e+01   1.9000000e+01   2.3000000e+01   0.0000000e+00   0.0000000e+00
   2.0170000e+03   8.0000000e+00   1.8000000e+01   1.9000000e+01   2.4000000e+01   0.0000000e+00   0.0000000e+00
   2.0170000e+03   8.0000000e+00   1.8000000e+01   1.9000000e+01   2.5000000e+01   0.0000000e+00   0.0000000e+00
   2.0170000e+03   8.0000000e+00   1.8000000e+01   1.9000000e+01   2.6000000e+01   0.0000000e+00   0.0000000e+00
   2.0170000e+03   8.0000000e+00   1.8000000e+01   1.9000000e+01   2.7000000e+01   0.0000000e+00   0.0000000e+00
   2.0170000e+03   8.0000000e+00   1.8000000e+01   1.9000000e+01   2.8000000e+01   0.0000000e+00   0.0000000e+00
   2.0170000e+03   8.0000000e+00   1.8000000e+01   1.9000000e+01   2.9000000e+01   0.0000000e+00   0.0000000e+00
   2.0170000e+03   8.0000000e+00   1.8000000e+01   1.9000000e+01   3.0000000e+01   0.0000000e+00   0.0000000e+00
   2.0170000e+03   8.0000000e+00   1.8000000e+01   1.9000000e+01   3.1000000e+01   0.0000000e+00   4.7000000e-01
   2.0170000e+03   8.0000000e+00   1.8000000e+01   1.9000000e+01   3.2000000e+01   0.0000000e+00   1.3000000e-01
   2.0170000e+03   8.0000000e+00   1.8000000e+01   1.9000000e+01   3.3000000e+01   0.0000000e+00   0.0000000e+00
   2.0170000e+03   8.0000000e+00   1.8000000e+01   1.9000000e+01   3.4000000e+01   0.0000000e+00   0.0000000e+00
   2.0170000e+03   8.0000000e+00   1.8000000e+01   1.9000000e+01   3.5000000e+01   0.0000000e+00   0.0000000e+00
   2.0170000e+03   8.0000000e+00   1.8000000e+01   1.9000000e+01   3.6000000e+01   0.0000000e+00   0.0000000e+00
   2.0170000e+03   8.0000000e+00   1.8000000e+01   1.9000000e+01   3.7000000e+01   0.0000000e+00   0.0000000e+00
   2.0170000e+03   8.0000000e+00   1.8000000e+01   1.9000000e+01   3.8000000e+01   0.0000000e+00   0.0000000e+00
   2.0170000e+03   8.0000000e+00   1.8000000e+01   1.9000000e+01   3.9000000e+01   0.0000000e+00   0.0000000e+00
   2.0170000e+03   8.0000000e+00   1.8000000e+01   1.9000000e+01   4.0000000e+01   0.0000000e+00   0.0000000e+00
   2.0170000e+03   8.0000000e+00   1.8000000e+01   1.9000000e+01   4.1000000e+01   0.0000000e+00   0.0000000e+00
   2.0170000e+03   8.0000000e+00   1.8000000e+01   1.9000000e+01   4.2000000e+01   0.0000000e+00   0.0000000e+00
   2.0170000e+03   8.0000000e+00   1.8000000e+01   1.9000000e+01   4.3000000e+01   0.0000000e+00   0.0000000e+00
   2.0170000e+03   8.0000000e+00   1.8000000e+01   1.9000000e+01   4.4000000e+01   0.0000000e+00   0.0000000e+00
   2.0170000e+03   8.0000000e+00   1.8000000e+01   1.9000000e+01   4.5000000e+01   0.0000000e+00   0.0000000e+00
   2.0170000e+03   8.0000000e+00   1.8000000e+01   1.9000000e+01   4.6000000e+01   0.0000000e+00   0.0000000e+00
   2.0170000e+03   8.0000000e+00   1.8000000e+01   1.9000000e+01   4.7000000e+01   0.0000000e+00   0.0000000e+00
   2.0170000e+03   8.0000000e+00   1.8000000e+01   1.9000000e+01   4.8000000e+01   0.0000000e+00   0.0000000e+00
   2.0170000e+03   8.0000000e+00   1.8000000e+01   1.9000000e+01   4.9000000e+01   0.0000000e+00   0.0000000e+00
   2.0170000e+03   8.0000000e+00   1.8000000e+01   1.9000000e+01   5.0000000e+01   0.0000000e+00   0.0000000e+00
   2.0170000e+03   8.0000000e+00   1.8000000e+01   1.9000000e+01   5.1000000e+01   0.0000000e+00   3.2900004e+00
   2.0170000e+03   8.0000000e+00   1.8000000e+01   1.9000000e+01   5.2000000e+01   0.0000000e+00   7.4900001e+00
   2.0170000e+03   8.0000000e+00   1.8000000e+01   1.9000000e+01   5.3000000e+01   0.0000000e+00   5.5800000e+00
   2.0170000e+03   8.0000000e+00   1.8000000e+01   1.9000000e+01   5.4000000e+01   0.0000000e+00   4.8000000e+00
   2.0170000e+03   8.0000000e+00   1.8000000e+01   1.9000000e+01   5.5000000e+01   0.0000000e+00   3.3900000e+00
   2.0170000e+03   8.0000000e+00   1.8000000e+01   1.9000000e+01   5.6000000e+01   0.0000000e+00   3.4700000e+00
   2.0170000e+03   8.0000000e+00   1.8000000e+01   1.9000000e+01   5.7000000e+01   0.0000000e+00   4.5399999e+00
   2.0170000e+03   8.0000000e+00   1.8000000e+01   1.9000000e+01   5.8000000e+01   0.0000000e+00   7.1499999e+00
   2.0170000e+03   8.0000000e+00   1.8000000e+01   1.9000000e+01   5.9000000e+01   0.0000000e+00   9.2100000e+00
   2.0170000e+03   8.0000000e+00   1.8000000e+01   2.0000000e+01   0.0000000e+00   0.0000000e+00   1.5710000e+01
   2.0170000e+03   8.0000000e+00   1.8000000e+01   2.0000000e+01   1.0000000e+00   0.0000000e+00   2.2100000e+01
   2.0170000e+03   8.0000000e+00   1.8000000e+01   2.0000000e+01   2.0000000e+00   0.0000000e+00   2.2930000e+01
   2.0170000e+03   8.0000000e+00   1.8000000e+01   2.0000000e+01   3.0000000e+00   0.0000000e+00   1.7630000e+01
   2.0170000e+03   8.0000000e+00   1.8000000e+01   2.0000000e+01   4.0000000e+00   0.0000000e+00   1.4790000e+01
   2.0170000e+03   8.0000000e+00   1.8000000e+01   2.0000000e+01   5.0000000e+00   0.0000000e+00   1.6750000e+01
   2.0170000e+03   8.0000000e+00   1.8000000e+01   2.0000000e+01   6.0000000e+00   0.0000000e+00   1.8810000e+01
   2.0170000e+03   8.0000000e+00   1.8000000e+01   2.0000000e+01   7.0000000e+00   0.0000000e+00   2.6720000e+01
   2.0170000e+03   8.0000000e+00   1.8000000e+01   2.0000000e+01   8.0000000e+00   0.0000000e+00   2.9270000e+01
   2.0170000e+03   8.0000000e+00   1.8000000e+01   2.0000000e+01   9.0000000e+00   0.0000000e+00   2.9400000e+01
   2.0170000e+03   8.0000000e+00   1.8000000e+01   2.0000000e+01   1.0000000e+01   0.0000000e+00   2.8460000e+01
   2.0170000e+03   8.0000000e+00   1.8000000e+01   2.0000000e+01   1.1000000e+01   0.0000000e+00   1.9740001e+01
   2.0170000e+03   8.0000000e+00   1.8000000e+01   2.0000000e+01   1.2000000e+01   0.0000000e+00   9.8800003e+00
   2.0170000e+03   8.0000000e+00   1.8000000e+01   2.0000000e+01   1.3000000e+01   0.0000000e+00   5.9200000e+00
   2.0170000e+03   8.0000000e+00   1.8000000e+01   2.0000000e+01   1.4000000e+01   0.0000000e+00   6.8100000e+00
   2.0170000e+03   8.0000000e+00   1.8000000e+01   2.0000000e+01   1.5000000e+01   0.0000000e+00   5.3200000e+00
   2.0170000e+03   8.0000000e+00   1.8000000e+01   2.0000000e+01   1.6000000e+01   0.0000000e+00   4.8000000e+00
   2.0170000e+03   8.0000000e+00   1.8000000e+01   2.0000000e+01   1.7000000e+01   0.0000000e+00   4.3300000e+00
   2.0170000e+03   8.0000000e+00   1.8000000e+01   2.0000000e+01   1.8000000e+01   0.0000000e+00   4.6700000e+00
   2.0170000e+03   8.0000000e+00   1.8000000e+01   2.0000000e+01   1.9000000e+01   0.0000000e+00   4.8000000e+00
   2.0170000e+03   8.0000000e+00   1.8000000e+01   2.0000000e+01   2.0000000e+01   0.0000000e+00   5.7400000e+00
   2.0170000e+03   8.0000000e+00   1.8000000e+01   2.0000000e+01   2.1000000e+01   0.0000000e+00   4.5900000e+00
   2.0170000e+03   8.0000000e+00   1.8000000e+01   2.0000000e+01   2.2000000e+01   0.0000000e+00   2.7900002e+00
   2.0170000e+03   8.0000000e+00   1.8000000e+01   2.0000000e+01   2.3000000e+01   0.0000000e+00   2.8700000e+00
   2.0170000e+03   8.0000000e+00   1.8000000e+01   2.0000000e+01   2.4000000e+01   0.0000000e+00   2.0600000e+00
   2.0170000e+03   8.0000000e+00   1.8000000e+01   2.0000000e+01   2.5000000e+01   0.0000000e+00   1.8000000e+00
   2.0170000e+03   8.0000000e+00   1.8000000e+01   2.0000000e+01   2.6000000e+01   0.0000000e+00   1.3300000e+00
   2.0170000e+03   8.0000000e+00   1.8000000e+01   2.0000000e+01   2.7000000e+01   0.0000000e+00   7.3000000e-01
   2.0170000e+03   8.0000000e+00   1.8000000e+01   2.0000000e+01   2.8000000e+01   0.0000000e+00   6.0000000e-01
   2.0170000e+03   8.0000000e+00   1.8000000e+01   2.0000000e+01   2.9000000e+01   0.0000000e+00   1.3000000e-01
   2.0170000e+03   8.0000000e+00   1.8000000e+01   2.0000000e+01   3.0000000e+01   0.0000000e+00   4.7000000e-01
   2.0170000e+03   8.0000000e+00   1.8000000e+01   2.0000000e+01   3.1000000e+01   0.0000000e+00   6.0000000e-01
   2.0170000e+03   8.0000000e+00   1.8000000e+01   2.0000000e+01   3.2000000e+01   0.0000000e+00   1.3000000e-01
   2.0170000e+03   8.0000000e+00   1.8000000e+01   2.0000000e+01   3.3000000e+01   0.0000000e+00   4.7000006e-01
   2.0170000e+03   8.0000000e+00   1.8000000e+01   2.0000000e+01   3.4000000e+01   0.0000000e+00   1.2999998e-01
   2.0170000e+03   8.0000000e+00   1.8000000e+01   2.0000000e+01   3.5000000e+01   0.0000000e+00   4.7000000e-01
   2.0170000e+03   8.0000000e+00   1.8000000e+01   2.0000000e+01   3.6000000e+01   0.0000000e+00   6.0000000e-01
   2.0170000e+03   8.0000000e+00   1.8000000e+01   2.0000000e+01   3.7000000e+01   0.0000000e+00   6.0000000e-01
   2.0170000e+03   8.0000000e+00   1.8000000e+01   2.0000000e+01   3.8000000e+01   0.0000000e+00   6.0000000e-01
   2.0170000e+03   8.0000000e+00   1.8000000e+01   2.0000000e+01   3.9000000e+01   0.0000000e+00   6.0000000e-01
   2.0170000e+03   8.0000000e+00   1.8000000e+01   2.0000000e+01   4.0000000e+01   0.0000000e+00   1.3000002e-01
   2.0170000e+03   8.0000000e+00   1.8000000e+01   2.0000000e+01   4.1000000e+01   0.0000000e+00   4.7000000e-01
   2.0170000e+03   8.0000000e+00   1.8000000e+01   2.0000000e+01   4.2000000e+01   0.0000000e+00   1.3000006e-01
   2.0170000e+03   8.0000000e+00   1.8000000e+01   2.0000000e+01   4.3000000e+01   0.0000000e+00   0.0000000e+00
   2.0170000e+03   8.0000000e+00   1.8000000e+01   2.0000000e+01   4.4000000e+01   0.0000000e+00   0.0000000e+00
   2.0170000e+03   8.0000000e+00   1.8000000e+01   2.0000000e+01   4.5000000e+01   0.0000000e+00   0.0000000e+00
   2.0170000e+03   8.0000000e+00   1.8000000e+01   2.0000000e+01   4.6000000e+01   0.0000000e+00   4.7000000e-01
   2.0170000e+03   8.0000000e+00   1.8000000e+01   2.0000000e+01   4.7000000e+01   0.0000000e+00   1.2999994e-01
   2.0170000e+03   8.0000000e+00   1.8000000e+01   2.0000000e+01   4.8000000e+01   0.0000000e+00   0.0000000e+00
   2.0170000e+03   8.0000000e+00   1.8000000e+01   2.0000000e+01   4.9000000e+01   0.0000000e+00   0.0000000e+00
   2.0170000e+03   8.0000000e+00   1.8000000e+01   2.0000000e+01   5.0000000e+01   0.0000000e+00   0.0000000e+00
   2.0170000e+03   8.0000000e+00   1.8000000e+01   2.0000000e+01   5.1000000e+01   0.0000000e+00   0.0000000e+00
   2.0170000e+03   8.0000000e+00   1.8000000e+01   2.0000000e+01   5.2000000e+01   0.0000000e+00   0.0000000e+00
   2.0170000e+03   8.0000000e+00   1.8000000e+01   2.0000000e+01   5.3000000e+01   0.0000000e+00   0.0000000e+00
   2.0170000e+03   8.0000000e+00   1.8000000e+01   2.0000000e+01   5.4000000e+01   0.0000000e+00   0.0000000e+00
   2.0170000e+03   8.0000000e+00   1.8000000e+01   2.0000000e+01   5.5000000e+01   0.0000000e+00   4.7000000e-01
   2.0170000e+03   8.0000000e+00   1.8000000e+01   2.0000000e+01   5.6000000e+01   0.0000000e+00   1.3000006e-01
   2.0170000e+03   8.0000000e+00   1.8000000e+01   2.0000000e+01   5.7000000e+01   0.0000000e+00   0.0000000e+00
   2.0170000e+03   8.0000000e+00   1.8000000e+01   2.0000000e+01   5.8000000e+01   0.0000000e+00   0.0000000e+00
   2.0170000e+03   8.0000000e+00   1.8000000e+01   2.0000000e+01   5.9000000e+01   0.0000000e+00   0.0000000e+00
   2.0170000e+03   8.0000000e+00   1.8000000e+01   2.1000000e+01   0.0000000e+00   0.0000000e+00   0.0000000e+00
   2.0170000e+03   8.0000000e+00   1.8000000e+01   2.1000000e+01   1.0000000e+00   0.0000000e+00   0.0000000e+00
   2.0170000e+03   8.0000000e+00   1.8000000e+01   2.1000000e+01   2.0000000e+00   0.0000000e+00   0.0000000e+00
   2.0170000e+03   8.0000000e+00   1.8000000e+01   2.1000000e+01   3.0000000e+00   0.0000000e+00   0.0000000e+00
   2.0170000e+03   8.0000000e+00   1.8000000e+01   2.1000000e+01   4.0000000e+00   0.0000000e+00   0.0000000e+00
   2.0170000e+03   8.0000000e+00   1.8000000e+01   2.1000000e+01   5.0000000e+00   0.0000000e+00   0.0000000e+00
   2.0170000e+03   8.0000000e+00   1.8000000e+01   2.1000000e+01   6.0000000e+00   0.0000000e+00   4.7000000e-01
   2.0170000e+03   8.0000000e+00   1.8000000e+01   2.1000000e+01   7.0000000e+00   0.0000000e+00   1.3000006e-01
   2.0170000e+03   8.0000000e+00   1.8000000e+01   2.1000000e+01   8.0000000e+00   0.0000000e+00   4.6999998e-01
   2.0170000e+03   8.0000000e+00   1.8000000e+01   2.1000000e+01   9.0000000e+00   0.0000000e+00   1.3000000e-01
   2.0170000e+03   8.0000000e+00   1.8000000e+01   2.1000000e+01   1.0000000e+01   0.0000000e+00   9.3999988e-01
   2.0170000e+03   8.0000000e+00   1.8000000e+01   2.1000000e+01   1.1000000e+01   0.0000000e+00   1.6700000e+00
   2.0170000e+03   8.0000000e+00   1.8000000e+01   2.1000000e+01   1.2000000e+01   0.0000000e+00   2.2700000e+00
   2.0170000e+03   8.0000000e+00   1.8000000e+01   2.1000000e+01   1.3000000e+01   0.0000000e+00   1.9300000e+00
   2.0170000e+03   8.0000000e+00   1.8000000e+01   2.1000000e+01   1.4000000e+01   0.0000000e+00   1.3300000e+00
   2.0170000e+03   8.0000000e+00   1.8000000e+01   2.1000000e+01   1.5000000e+01   0.0000000e+00   7.3000000e-01
   2.0170000e+03   8.0000000e+00   1.8000000e+01   2.1000000e+01   1.6000000e+01   0.0000000e+00   6.0000000e-01
   2.0170000e+03   8.0000000e+00   1.8000000e+01   2.1000000e+01   1.7000000e+01   0.0000000e+00   6.0000000e-01
   2.0170000e+03   8.0000000e+00   1.8000000e+01   2.1000000e+01   1.8000000e+01   0.0000000e+00   1.0700001e+00
   2.0170000e+03   8.0000000e+00   1.8000000e+01   2.1000000e+01   1.9000000e+01   0.0000000e+00   7.2999998e-01
   2.0170000e+03   8.0000000e+00   1.8000000e+01   2.1000000e+01   2.0000000e+01   0.0000000e+00   6.0000000e-01
   2.0170000e+03   8.0000000e+00   1.8000000e+01   2.1000000e+01   2.1000000e+01   0.0000000e+00   6.0000000e-01
   2.0170000e+03   8.0000000e+00   1.8000000e+01   2.1000000e+01   2.2000000e+01   0.0000000e+00   1.2999998e-01
   2.0170000e+03   8.0000000e+00   1.8000000e+01   2.1000000e+01   2.3000000e+01   0.0000000e+00   4.7000000e-01
   2.0170000e+03   8.0000000e+00   1.8000000e+01   2.1000000e+01   2.4000000e+01   0.0000000e+00   1.3000006e-01
   2.0170000e+03   8.0000000e+00   1.8000000e+01   2.1000000e+01   2.5000000e+01   0.0000000e+00   4.6999998e-01
   2.0170000e+03   8.0000000e+00   1.8000000e+01   2.1000000e+01   2.6000000e+01   0.0000000e+00   1.3000000e-01
   2.0170000e+03   8.0000000e+00   1.8000000e+01   2.1000000e+01   2.7000000e+01   0.0000000e+00   4.6999994e-01
   2.0170000e+03   8.0000000e+00   1.8000000e+01   2.1000000e+01   2.8000000e+01   0.0000000e+00   1.3000002e-01
   2.0170000e+03   8.0000000e+00   1.8000000e+01   2.1000000e+01   2.9000000e+01   0.0000000e+00   0.0000000e+00
   2.0170000e+03   8.0000000e+00   1.8000000e+01   2.1000000e+01   3.0000000e+01   0.0000000e+00   4.7000000e-01
   2.0170000e+03   8.0000000e+00   1.8000000e+01   2.1000000e+01   3.1000000e+01   0.0000000e+00   1.3000000e-01
   2.0170000e+03   8.0000000e+00   1.8000000e+01   2.1000000e+01   3.2000000e+01   0.0000000e+00   0.0000000e+00
   2.0170000e+03   8.0000000e+00   1.8000000e+01   2.1000000e+01   3.3000000e+01   0.0000000e+00   9.4000003e-01
   2.0170000e+03   8.0000000e+00   1.8000000e+01   2.1000000e+01   3.4000000e+01   0.0000000e+00   1.6700000e+00
   2.0170000e+03   8.0000000e+00   1.8000000e+01   2.1000000e+01   3.5000000e+01   0.0000000e+00   2.2700001e+00
   2.0170000e+03   8.0000000e+00   1.8000000e+01   2.1000000e+01   3.6000000e+01   0.0000000e+00   2.4000000e+00
   2.0170000e+03   8.0000000e+00   1.8000000e+01   2.1000000e+01   3.7000000e+01   0.0000000e+00   3.3400000e+00
   2.0170000e+03   8.0000000e+00   1.8000000e+01   2.1000000e+01   3.8000000e+01   0.0000000e+00   4.0699999e+00
   2.0170000e+03   8.0000000e+00   1.8000000e+01   2.1000000e+01   3.9000000e+01   0.0000000e+00   2.7900000e+00
   2.0170000e+03   8.0000000e+00   1.8000000e+01   2.1000000e+01   4.0000000e+01   0.0000000e+00   2.8700000e+00
   2.0170000e+03   8.0000000e+00   1.8000000e+01   2.1000000e+01   4.1000000e+01   0.0000000e+00   2.5300001e+00
   2.0170000e+03   8.0000000e+00   1.8000000e+01   2.1000000e+01   4.2000000e+01   0.0000000e+00   1.4600000e+00
   2.0170000e+03   8.0000000e+00   1.8000000e+01   2.1000000e+01   4.3000000e+01   0.0000000e+00   1.2000000e+00
   2.0170000e+03   8.0000000e+00   1.8000000e+01   2.1000000e+01   4.4000000e+01   0.0000000e+00   1.2000000e+00
   2.0170000e+03   8.0000000e+00   1.8000000e+01   2.1000000e+01   4.5000000e+01   0.0000000e+00   2.6000000e-01
   2.0170000e+03   8.0000000e+00   1.8000000e+01   2.1000000e+01   4.6000000e+01   0.0000000e+00   0.0000000e+00
   2.0170000e+03   8.0000000e+00   1.8000000e+01   2.1000000e+01   4.7000000e+01   0.0000000e+00   4.7000000e-01
   2.0170000e+03   8.0000000e+00   1.8000000e+01   2.1000000e+01   4.8000000e+01   0.0000000e+00   1.3000000e-01
   2.0170000e+03   8.0000000e+00   1.8000000e+01   2.1000000e+01   4.9000000e+01   0.0000000e+00   0.0000000e+00
   2.0170000e+03   8.0000000e+00   1.8000000e+01   2.1000000e+01   5.0000000e+01   0.0000000e+00   4.7000002e-01
   2.0170000e+03   8.0000000e+00   1.8000000e+01   2.1000000e+01   5.1000000e+01   0.0000000e+00   1.3000000e-01
   2.0170000e+03   8.0000000e+00   1.8000000e+01   2.1000000e+01   5.2000000e+01   0.0000000e+00   0.0000000e+00
   2.0170000e+03   8.0000000e+00   1.8000000e+01   2.1000000e+01   5.3000000e+01   0.0000000e+00   0.0000000e+00
   2.0170000e+03   8.0000000e+00   1.8000000e+01   2.1000000e+01   5.4000000e+01   0.0000000e+00   0.0000000e+00
   2.0170000e+03   8.0000000e+00   1.8000000e+01   2.1000000e+01   5.5000000e+01   0.0000000e+00   0.0000000e+00
   2.0170000e+03   8.0000000e+00   1.8000000e+01   2.1000000e+01   5.6000000e+01   0.0000000e+00   0.0000000e+00
   2.0170000e+03   8.0000000e+00   1.8000000e+01   2.1000000e+01   5.7000000e+01   0.0000000e+00   4.7000000e-01
   2.0170000e+03   8.0000000e+00   1.8000000e+01   2.1000000e+01   5.8000000e+01   0.0000000e+00   1.3000000e-01
   2.0170000e+03   8.0000000e+00   1.8000000e+01   2.1000000e+01   5.9000000e+01   0.0000000e+00   0.0000000e+00
   2.0170000e+03   8.0000000e+00   1.8000000e+01   2.2000000e+01   0.0000000e+00   0.0000000e+00   0.0000000e+00
   2.0170000e+03   8.0000000e+00   1.8000000e+01   2.2000000e+01   1.0000000e+00   0.0000000e+00   4.7000000e-01
   2.0170000e+03   8.0000000e+00   1.8000000e+01   2.2000000e+01   2.0000000e+00   0.0000000e+00   1.3000000e-01
   2.0170000e+03   8.0000000e+00   1.8000000e+01   2.2000000e+01   3.0000000e+00   0.0000000e+00   0.0000000e+00
   2.0170000e+03   8.0000000e+00   1.8000000e+01   2.2000000e+01   4.0000000e+00   0.0000000e+00   0.0000000e+00
   2.0170000e+03   8.0000000e+00   1.8000000e+01   2.2000000e+01   5.0000000e+00   0.0000000e+00   4.7000000e-01
   2.0170000e+03   8.0000000e+00   1.8000000e+01   2.2000000e+01   6.0000000e+00   0.0000000e+00   6.0000000e-01
   2.0170000e+03   8.0000000e+00   1.8000000e+01   2.2000000e+01   7.0000000e+00   0.0000000e+00   1.0700000e+00
   2.0170000e+03   8.0000000e+00   1.8000000e+01   2.2000000e+01   8.0000000e+00   0.0000000e+00   7.3000000e-01
   2.0170000e+03   8.0000000e+00   1.8000000e+01   2.2000000e+01   9.0000000e+00   0.0000000e+00   6.0000000e-01
   2.0170000e+03   8.0000000e+00   1.8000000e+01   2.2000000e+01   1.0000000e+01   0.0000000e+00   1.3000002e-01
   2.0170000e+03   8.0000000e+00   1.8000000e+01   2.2000000e+01   1.1000000e+01   0.0000000e+00   4.7000000e-01
   2.0170000e+03   8.0000000e+00   1.8000000e+01   2.2000000e+01   1.2000000e+01   0.0000000e+00   1.3000006e-01
   2.0170000e+03   8.0000000e+00   1.8000000e+01   2.2000000e+01   1.3000000e+01   0.0000000e+00   4.6999998e-01
   2.0170000e+03   8.0000000e+00   1.8000000e+01   2.2000000e+01   1.4000000e+01   0.0000000e+00   6.0000000e-01
   2.0170000e+03   8.0000000e+00   1.8000000e+01   2.2000000e+01   1.5000000e+01   0.0000000e+00   1.3000000e-01
   2.0170000e+03   8.0000000e+00   1.8000000e+01   2.2000000e+01   1.6000000e+01   0.0000000e+00   4.7000000e-01
   2.0170000e+03   8.0000000e+00   1.8000000e+01   2.2000000e+01   1.7000000e+01   0.0000000e+00   6.0000000e-01
   2.0170000e+03   8.0000000e+00   1.8000000e+01   2.2000000e+01   1.8000000e+01   0.0000000e+00   6.0000000e-01
   2.0170000e+03   8.0000000e+00   1.8000000e+01   2.2000000e+01   1.9000000e+01   0.0000000e+00   1.3000000e-01
   2.0170000e+03   8.0000000e+00   1.8000000e+01   2.2000000e+01   2.0000000e+01   0.0000000e+00   4.7000006e-01
   2.0170000e+03   8.0000000e+00   1.8000000e+01   2.2000000e+01   2.1000000e+01   0.0000000e+00   1.2999998e-01
   2.0170000e+03   8.0000000e+00   1.8000000e+01   2.2000000e+01   2.2000000e+01   0.0000000e+00   0.0000000e+00
   2.0170000e+03   8.0000000e+00   1.8000000e+01   2.2000000e+01   2.3000000e+01   0.0000000e+00   0.0000000e+00
   2.0170000e+03   8.0000000e+00   1.8000000e+01   2.2000000e+01   2.4000000e+01   0.0000000e+00   0.0000000e+00
   2.0170000e+03   8.0000000e+00   1.8000000e+01   2.2000000e+01   2.5000000e+01   0.0000000e+00   0.0000000e+00
   2.0170000e+03   8.0000000e+00   1.8000000e+01   2.2000000e+01   2.6000000e+01   0.0000000e+00   4.6999994e-01
   2.0170000e+03   8.0000000e+00   1.8000000e+01   2.2000000e+01   2.7000000e+01   0.0000000e+00   6.0000000e-01
   2.0170000e+03   8.0000000e+00   1.8000000e+01   2.2000000e+01   2.8000000e+01   0.0000000e+00   1.3000000e-01
   2.0170000e+03   8.0000000e+00   1.8000000e+01   2.2000000e+01   2.9000000e+01   0.0000000e+00   4.7000000e-01
   2.0170000e+03   8.0000000e+00   1.8000000e+01   2.2000000e+01   3.0000000e+01   0.0000000e+00   1.0700000e+00
   2.0170000e+03   8.0000000e+00   1.8000000e+01   2.2000000e+01   3.1000000e+01   0.0000000e+00   7.3000000e-01
   2.0170000e+03   8.0000000e+00   1.8000000e+01   2.2000000e+01   3.2000000e+01   0.0000000e+00   6.0000000e-01
   2.0170000e+03   8.0000000e+00   1.8000000e+01   2.2000000e+01   3.3000000e+01   0.0000000e+00   6.0000000e-01
   2.0170000e+03   8.0000000e+00   1.8000000e+01   2.2000000e+01   3.4000000e+01   0.0000000e+00   6.0000000e-01
   2.0170000e+03   8.0000000e+00   1.8000000e+01   2.2000000e+01   3.5000000e+01   0.0000000e+00   1.2999998e-01
   2.0170000e+03   8.0000000e+00   1.8000000e+01   2.2000000e+01   3.6000000e+01   0.0000000e+00   4.7000000e-01
   2.0170000e+03   8.0000000e+00   1.8000000e+01   2.2000000e+01   3.7000000e+01   0.0000000e+00   6.0000000e-01
   2.0170000e+03   8.0000000e+00   1.8000000e+01   2.2000000e+01   3.8000000e+01   0.0000000e+00   1.3000002e-01
   2.0170000e+03   8.0000000e+00   1.8000000e+01   2.2000000e+01   3.9000000e+01   0.0000000e+00   4.7000000e-01
   2.0170000e+03   8.0000000e+00   1.8000000e+01   2.2000000e+01   4.0000000e+01   0.0000000e+00   1.3000006e-01
   2.0170000e+03   8.0000000e+00   1.8000000e+01   2.2000000e+01   4.1000000e+01   0.0000000e+00   4.6999998e-01
   2.0170000e+03   8.0000000e+00   1.8000000e+01   2.2000000e+01   4.2000000e+01   0.0000000e+00   6.0000000e-01
   2.0170000e+03   8.0000000e+00   1.8000000e+01   2.2000000e+01   4.3000000e+01   0.0000000e+00   6.0000000e-01
   2.0170000e+03   8.0000000e+00   1.8000000e+01   2.2000000e+01   4.4000000e+01   0.0000000e+00   1.3000000e-01
   2.0170000e+03   8.0000000e+00   1.8000000e+01   2.2000000e+01   4.5000000e+01   0.0000000e+00   4.7000000e-01
   2.0170000e+03   8.0000000e+00   1.8000000e+01   2.2000000e+01   4.6000000e+01   0.0000000e+00   1.3000000e-01
   2.0170000e+03   8.0000000e+00   1.8000000e+01   2.2000000e+01   4.7000000e+01   0.0000000e+00   4.7000000e-01
   2.0170000e+03   8.0000000e+00   1.8000000e+01   2.2000000e+01   4.8000000e+01   0.0000000e+00   1.2999994e-01
   2.0170000e+03   8.0000000e+00   1.8000000e+01   2.2000000e+01   4.9000000e+01   0.0000000e+00   4.7000002e-01
   2.0170000e+03   8.0000000e+00   1.8000000e+01   2.2000000e+01   5.0000000e+01   0.0000000e+00   1.3000000e-01
   2.0170000e+03   8.0000000e+00   1.8000000e+01   2.2000000e+01   5.1000000e+01   0.0000000e+00   4.7000006e-01
   2.0170000e+03   8.0000000e+00   1.8000000e+01   2.2000000e+01   5.2000000e+01   0.0000000e+00   6.0000000e-01
   2.0170000e+03   8.0000000e+00   1.8000000e+01   2.2000000e+01   5.3000000e+01   0.0000000e+00   6.0000000e-01
   2.0170000e+03   8.0000000e+00   1.8000000e+01   2.2000000e+01   5.4000000e+01   0.0000000e+00   6.0000000e-01
   2.0170000e+03   8.0000000e+00   1.8000000e+01   2.2000000e+01   5.5000000e+01   0.0000000e+00   1.0700000e+00
   2.0170000e+03   8.0000000e+00   1.8000000e+01   2.2000000e+01   5.6000000e+01   0.0000000e+00   1.2000000e+00
   2.0170000e+03   8.0000000e+00   1.8000000e+01   2.2000000e+01   5.7000000e+01   0.0000000e+00   7.3000006e-01
   2.0170000e+03   8.0000000e+00   1.8000000e+01   2.2000000e+01   5.8000000e+01   0.0000000e+00   6.0000000e-01
   2.0170000e+03   8.0000000e+00   1.8000000e+01   2.2000000e+01   5.9000000e+01   0.0000000e+00   6.0000000e-01
   2.0170000e+03   8.0000000e+00   1.8000000e+01   2.3000000e+01   0.0000000e+00   0.0000000e+00   6.0000000e-01
   2.0170000e+03   8.0000000e+00   1.8000000e+01   2.3000000e+01   1.0000000e+00   0.0000000e+00   1.0700000e+00
   2.0170000e+03   8.0000000e+00   1.8000000e+01   2.3000000e+01   2.0000000e+00   0.0000000e+00   1.6700001e+00
   2.0170000e+03   8.0000000e+00   1.8000000e+01   2.3000000e+01   3.0000000e+00   0.0000000e+00   2.2700000e+00
   2.0170000e+03   8.0000000e+00   1.8000000e+01   2.3000000e+01   4.0000000e+00   0.0000000e+00   1.4600000e+00
   2.0170000e+03   8.0000000e+00   1.8000000e+01   2.3000000e+01   5.0000000e+00   0.0000000e+00   1.2000000e+00
   2.0170000e+03   8.0000000e+00   1.8000000e+01   2.3000000e+01   6.0000000e+00   0.0000000e+00   7.2999998e-01
   2.0170000e+03   8.0000000e+00   1.8000000e+01   2.3000000e+01   7.0000000e+00   0.0000000e+00   1.0700000e+00
   2.0170000e+03   8.0000000e+00   1.8000000e+01   2.3000000e+01   8.0000000e+00   0.0000000e+00   1.2000000e+00
   2.0170000e+03   8.0000000e+00   1.8000000e+01   2.3000000e+01   9.0000000e+00   0.0000000e+00   7.3000002e-01
   2.0170000e+03   8.0000000e+00   1.8000000e+01   2.3000000e+01   1.0000000e+01   0.0000000e+00   1.0700000e+00
   2.0170000e+03   8.0000000e+00   1.8000000e+01   2.3000000e+01   1.1000000e+01   0.0000000e+00   1.6699999e+00
   2.0170000e+03   8.0000000e+00   1.8000000e+01   2.3000000e+01   1.2000000e+01   0.0000000e+00   1.3300000e+00
   2.0170000e+03   8.0000000e+00   1.8000000e+01   2.3000000e+01   1.3000000e+01   0.0000000e+00   7.3000000e-01
   2.0170000e+03   8.0000000e+00   1.8000000e+01   2.3000000e+01   1.4000000e+01   0.0000000e+00   6.0000000e-01
   2.0170000e+03   8.0000000e+00   1.8000000e+01   2.3000000e+01   1.5000000e+01   0.0000000e+00   6.0000000e-01
   2.0170000e+03   8.0000000e+00   1.8000000e+01   2.3000000e+01   1.6000000e+01   0.0000000e+00   1.5400000e+00
   2.0170000e+03   8.0000000e+00   1.8000000e+01   2.3000000e+01   1.7000000e+01   0.0000000e+00   3.2100000e+00
   2.0170000e+03   8.0000000e+00   1.8000000e+01   2.3000000e+01   1.8000000e+01   0.0000000e+00   3.6000000e+00
   2.0170000e+03   8.0000000e+00   1.8000000e+01   2.3000000e+01   1.9000000e+01   0.0000000e+00   4.0700001e+00
   2.0170000e+03   8.0000000e+00   1.8000000e+01   2.3000000e+01   2.0000000e+01   0.0000000e+00   4.2000000e+00
   2.0170000e+03   8.0000000e+00   1.8000000e+01   2.3000000e+01   2.1000000e+01   0.0000000e+00   3.7300000e+00
   2.0170000e+03   8.0000000e+00   1.8000000e+01   2.3000000e+01   2.2000000e+01   0.0000000e+00   1.7200002e+00
   2.0170000e+03   8.0000000e+00   1.8000000e+01   2.3000000e+01   2.3000000e+01   0.0000000e+00   7.3000002e-01
   2.0170000e+03   8.0000000e+00   1.8000000e+01   2.3000000e+01   2.4000000e+01   0.0000000e+00   6.0000000e-01
   2.0170000e+03   8.0000000e+00   1.8000000e+01   2.3000000e+01   2.5000000e+01   0.0000000e+00   6.0000000e-01
   2.0170000e+03   8.0000000e+00   1.8000000e+01   2.3000000e+01   2.6000000e+01   0.0000000e+00   6.0000000e-01
   2.0170000e+03   8.0000000e+00   1.8000000e+01   2.3000000e+01   2.7000000e+01   0.0000000e+00   6.0000000e-01
   2.0170000e+03   8.0000000e+00   1.8000000e+01   2.3000000e+01   2.8000000e+01   0.0000000e+00   6.0000000e-01
   2.0170000e+03   8.0000000e+00   1.8000000e+01   2.3000000e+01   2.9000000e+01   0.0000000e+00   1.3000000e-01
   2.0170000e+03   8.0000000e+00   1.8000000e+01   2.3000000e+01   3.0000000e+01   0.0000000e+00   4.7000000e-01
   2.0170000e+03   8.0000000e+00   1.8000000e+01   2.3000000e+01   3.1000000e+01   0.0000000e+00   1.3000000e-01
   2.0170000e+03   8.0000000e+00   1.8000000e+01   2.3000000e+01   3.2000000e+01   0.0000000e+00   4.7000000e-01
   2.0170000e+03   8.0000000e+00   1.8000000e+01   2.3000000e+01   3.3000000e+01   0.0000000e+00   1.2999994e-01
   2.0170000e+03   8.0000000e+00   1.8000000e+01   2.3000000e+01   3.4000000e+01   0.0000000e+00   0.0000000e+00
   2.0170000e+03   8.0000000e+00   1.8000000e+01   2.3000000e+01   3.5000000e+01   0.0000000e+00   4.7000000e-01
   2.0170000e+03   8.0000000e+00   1.8000000e+01   2.3000000e+01   3.6000000e+01   0.0000000e+00   1.2999994e-01
   2.0170000e+03   8.0000000e+00   1.8000000e+01   2.3000000e+01   3.7000000e+01   0.0000000e+00   0.0000000e+00
   2.0170000e+03   8.0000000e+00   1.8000000e+01   2.3000000e+01   3.8000000e+01   0.0000000e+00   4.7000000e-01
   2.0170000e+03   8.0000000e+00   1.8000000e+01   2.3000000e+01   3.9000000e+01   0.0000000e+00   1.3000006e-01
   2.0170000e+03   8.0000000e+00   1.8000000e+01   2.3000000e+01   4.0000000e+01   0.0000000e+00   0.0000000e+00
   2.0170000e+03   8.0000000e+00   1.8000000e+01   2.3000000e+01   4.1000000e+01   0.0000000e+00   0.0000000e+00
   2.0170000e+03   8.0000000e+00   1.8000000e+01   2.3000000e+01   4.2000000e+01   0.0000000e+00   0.0000000e+00
   2.0170000e+03   8.0000000e+00   1.8000000e+01   2.3000000e+01   4.3000000e+01   0.0000000e+00   0.0000000e+00
   2.0170000e+03   8.0000000e+00   1.8000000e+01   2.3000000e+01   4.4000000e+01   0.0000000e+00   4.7000000e-01
   2.0170000e+03   8.0000000e+00   1.8000000e+01   2.3000000e+01   4.5000000e+01   0.0000000e+00   6.0000000e-01
   2.0170000e+03   8.0000000e+00   1.8000000e+01   2.3000000e+01   4.6000000e+01   0.0000000e+00   1.3000000e-01
   2.0170000e+03   8.0000000e+00   1.8000000e+01   2.3000000e+01   4.7000000e+01   0.0000000e+00   4.7000006e-01
   2.0170000e+03   8.0000000e+00   1.8000000e+01   2.3000000e+01   4.8000000e+01   0.0000000e+00   1.2999998e-01
   2.0170000e+03   8.0000000e+00   1.8000000e+01   2.3000000e+01   4.9000000e+01   0.0000000e+00   4.7000000e-01
   2.0170000e+03   8.0000000e+00   1.8000000e+01   2.3000000e+01   5.0000000e+01   0.0000000e+00   1.0700001e+00
   2.0170000e+03   8.0000000e+00   1.8000000e+01   2.3000000e+01   5.1000000e+01   0.0000000e+00   7.2999998e-01
   2.0170000e+03   8.0000000e+00   1.8000000e+01   2.3000000e+01   5.2000000e+01   0.0000000e+00   1.0700000e+00
   2.0170000e+03   8.0000000e+00   1.8000000e+01   2.3000000e+01   5.3000000e+01   0.0000000e+00   7.3000006e-01
   2.0170000e+03   8.0000000e+00   1.8000000e+01   2.3000000e+01   5.4000000e+01   0.0000000e+00   6.0000000e-01
   2.0170000e+03   8.0000000e+00   1.8000000e+01   2.3000000e+01   5.5000000e+01   0.0000000e+00   6.0000000e-01
   2.0170000e+03   8.0000000e+00   1.8000000e+01   2.3000000e+01   5.6000000e+01   0.0000000e+00   6.0000000e-01
   2.0170000e+03   8.0000000e+00   1.8000000e+01   2.3000000e+01   5.7000000e+01   0.0000000e+00   1.3000002e-01
   2.0170000e+03   8.0000000e+00   1.8000000e+01   2.3000000e+01   5.8000000e+01   0.0000000e+00   4.7000000e-01
   2.0170000e+03   8.0000000e+00   1.8000000e+01   2.3000000e+01   5.9000000e+01   0.0000000e+00   6.0000000e-01
   2.0170000e+03   8.0000000e+00   1.9000000e+01   0.0000000e+00   0.0000000e+00   0.0000000e+00   1.3000000e-01
   2.0170000e+03   8.0000000e+00   1.9000000e+01   0.0000000e+00   1.0000000e+00   0.0000000e+00   4.7000000e-01
   2.0170000e+03   8.0000000e+00   1.9000000e+01   0.0000000e+00   2.0000000e+00   0.0000000e+00   6.0000000e-01
   2.0170000e+03   8.0000000e+00   1.9000000e+01   0.0000000e+00   3.0000000e+00   0.0000000e+00   1.3000000e-01
   2.0170000e+03   8.0000000e+00   1.9000000e+01   0.0000000e+00   4.0000000e+00   0.0000000e+00   4.7000006e-01
   2.0170000e+03   8.0000000e+00   1.9000000e+01   0.0000000e+00   5.0000000e+00   0.0000000e+00   6.0000000e-01
   2.0170000e+03   8.0000000e+00   1.9000000e+01   0.0000000e+00   6.0000000e+00   0.0000000e+00   6.0000000e-01
   2.0170000e+03   8.0000000e+00   1.9000000e+01   0.0000000e+00   7.0000000e+00   0.0000000e+00   1.3000006e-01
   2.0170000e+03   8.0000000e+00   1.9000000e+01   0.0000000e+00   8.0000000e+00   0.0000000e+00   4.6999998e-01
   2.0170000e+03   8.0000000e+00   1.9000000e+01   0.0000000e+00   9.0000000e+00   0.0000000e+00   6.0000000e-01
   2.0170000e+03   8.0000000e+00   1.9000000e+01   0.0000000e+00   1.0000000e+01   0.0000000e+00   6.0000000e-01
   2.0170000e+03   8.0000000e+00   1.9000000e+01   0.0000000e+00   1.1000000e+01   0.0000000e+00   6.0000000e-01
   2.0170000e+03   8.0000000e+00   1.9000000e+01   0.0000000e+00   1.2000000e+01   0.0000000e+00   6.0000000e-01
   2.0170000e+03   8.0000000e+00   1.9000000e+01   0.0000000e+00   1.3000000e+01   0.0000000e+00   6.0000000e-01
   2.0170000e+03   8.0000000e+00   1.9000000e+01   0.0000000e+00   1.4000000e+01   0.0000000e+00   1.0700000e+00
   2.0170000e+03   8.0000000e+00   1.9000000e+01   0.0000000e+00   1.5000000e+01   0.0000000e+00   1.2000000e+00
   2.0170000e+03   8.0000000e+00   1.9000000e+01   0.0000000e+00   1.6000000e+01   0.0000000e+00   7.3000000e-01
   2.0170000e+03   8.0000000e+00   1.9000000e+01   0.0000000e+00   1.7000000e+01   0.0000000e+00   1.0700000e+00
   2.0170000e+03   8.0000000e+00   1.9000000e+01   0.0000000e+00   1.8000000e+01   0.0000000e+00   7.2999994e-01
   2.0170000e+03   8.0000000e+00   1.9000000e+01   0.0000000e+00   1.9000000e+01   0.0000000e+00   1.0700000e+00
   2.0170000e+03   8.0000000e+00   1.9000000e+01   0.0000000e+00   2.0000000e+01   0.0000000e+00   7.3000000e-01
   2.0170000e+03   8.0000000e+00   1.9000000e+01   0.0000000e+00   2.1000000e+01   0.0000000e+00   6.0000000e-01
   2.0170000e+03   8.0000000e+00   1.9000000e+01   0.0000000e+00   2.2000000e+01   0.0000000e+00   1.0700000e+00
   2.0170000e+03   8.0000000e+00   1.9000000e+01   0.0000000e+00   2.3000000e+01   0.0000000e+00   1.2000000e+00
   2.0170000e+03   8.0000000e+00   1.9000000e+01   0.0000000e+00   2.4000000e+01   0.0000000e+00   7.3000006e-01
   2.0170000e+03   8.0000000e+00   1.9000000e+01   0.0000000e+00   2.5000000e+01   0.0000000e+00   6.0000000e-01
   2.0170000e+03   8.0000000e+00   1.9000000e+01   0.0000000e+00   2.6000000e+01   0.0000000e+00   6.0000000e-01
   2.0170000e+03   8.0000000e+00   1.9000000e+01   0.0000000e+00   2.7000000e+01   0.0000000e+00   1.0699999e+00
   2.0170000e+03   8.0000000e+00   1.9000000e+01   0.0000000e+00   2.8000000e+01   0.0000000e+00   7.3000002e-01
   2.0170000e+03   8.0000000e+00   1.9000000e+01   0.0000000e+00   2.9000000e+01   0.0000000e+00   1.0700000e+00
   2.0170000e+03   8.0000000e+00   1.9000000e+01   0.0000000e+00   3.0000000e+01   0.0000000e+00   7.3000000e-01
   2.0170000e+03   8.0000000e+00   1.9000000e+01   0.0000000e+00   3.1000000e+01   0.0000000e+00   1.0700000e+00
   2.0170000e+03   8.0000000e+00   1.9000000e+01   0.0000000e+00   3.2000000e+01   0.0000000e+00   7.2999994e-01
   2.0170000e+03   8.0000000e+00   1.9000000e+01   0.0000000e+00   3.3000000e+01   0.0000000e+00   1.0700000e+00
   2.0170000e+03   8.0000000e+00   1.9000000e+01   0.0000000e+00   3.4000000e+01   0.0000000e+00   7.3000000e-01
   2.0170000e+03   8.0000000e+00   1.9000000e+01   0.0000000e+00   3.5000000e+01   0.0000000e+00   1.5400001e+00
   2.0170000e+03   8.0000000e+00   1.9000000e+01   0.0000000e+00   3.6000000e+01   0.0000000e+00   1.3300000e+00
   2.0170000e+03   8.0000000e+00   1.9000000e+01   0.0000000e+00   3.7000000e+01   0.0000000e+00   1.6700000e+00
   2.0170000e+03   8.0000000e+00   1.9000000e+01   0.0000000e+00   3.8000000e+01   0.0000000e+00   2.2699999e+00
   2.0170000e+03   8.0000000e+00   1.9000000e+01   0.0000000e+00   3.9000000e+01   0.0000000e+00   2.4000000e+00
   2.0170000e+03   8.0000000e+00   1.9000000e+01   0.0000000e+00   4.0000000e+01   0.0000000e+00   2.4000000e+00
   2.0170000e+03   8.0000000e+00   1.9000000e+01   0.0000000e+00   4.1000000e+01   0.0000000e+00   1.4600001e+00
   2.0170000e+03   8.0000000e+00   1.9000000e+01   0.0000000e+00   4.2000000e+01   0.0000000e+00   1.6700000e+00
   2.0170000e+03   8.0000000e+00   1.9000000e+01   0.0000000e+00   4.3000000e+01   0.0000000e+00   8.6000000e-01
   2.0170000e+03   8.0000000e+00   1.9000000e+01   0.0000000e+00   4.4000000e+01   0.0000000e+00   1.3000000e-01
   2.0170000e+03   8.0000000e+00   1.9000000e+01   0.0000000e+00   4.5000000e+01   0.0000000e+00   4.7000000e-01
   2.0170000e+03   8.0000000e+00   1.9000000e+01   0.0000000e+00   4.6000000e+01   0.0000000e+00   1.3000000e-01
   2.0170000e+03   8.0000000e+00   1.9000000e+01   0.0000000e+00   4.7000000e+01   0.0000000e+00   0.0000000e+00
   2.0170000e+03   8.0000000e+00   1.9000000e+01   0.0000000e+00   4.8000000e+01   0.0000000e+00   4.7000000e-01
   2.0170000e+03   8.0000000e+00   1.9000000e+01   0.0000000e+00   4.9000000e+01   0.0000000e+00   1.2999994e-01
   2.0170000e+03   8.0000000e+00   1.9000000e+01   0.0000000e+00   5.0000000e+01   0.0000000e+00   0.0000000e+00
   2.0170000e+03   8.0000000e+00   1.9000000e+01   0.0000000e+00   5.1000000e+01   0.0000000e+00   0.0000000e+00
   2.0170000e+03   8.0000000e+00   1.9000000e+01   0.0000000e+00   5.2000000e+01   0.0000000e+00   0.0000000e+00
   2.0170000e+03   8.0000000e+00   1.9000000e+01   0.0000000e+00   5.3000000e+01   0.0000000e+00   0.0000000e+00
   2.0170000e+03   8.0000000e+00   1.9000000e+01   0.0000000e+00   5.4000000e+01   0.0000000e+00   0.0000000e+00
   2.0170000e+03   8.0000000e+00   1.9000000e+01   0.0000000e+00   5.5000000e+01   0.0000000e+00   0.0000000e+00
   2.0170000e+03   8.0000000e+00   1.9000000e+01   0.0000000e+00   5.6000000e+01   0.0000000e+00   4.6999998e-01
   2.0170000e+03   8.0000000e+00   1.9000000e+01   0.0000000e+00   5.7000000e+01   0.0000000e+00   1.3000000e-01
   2.0170000e+03   8.0000000e+00   1.9000000e+01   0.0000000e+00   5.8000000e+01   0.0000000e+00   0.0000000e+00
   2.0170000e+03   8.0000000e+00   1.9000000e+01   0.0000000e+00   5.9000000e+01   0.0000000e+00   0.0000000e+00
   2.0170000e+03   8.0000000e+00   1.9000000e+01   1.0000000e+00   0.0000000e+00   0.0000000e+00   0.0000000e+00
   2.0170000e+03   8.0000000e+00   1.9000000e+01   1.0000000e+00   1.0000000e+00   0.0000000e+00   0.0000000e+00
   2.0170000e+03   8.0000000e+00   1.9000000e+01   1.0000000e+00   2.0000000e+00   0.0000000e+00   0.0000000e+00
   2.0170000e+03   8.0000000e+00   1.9000000e+01   1.0000000e+00   3.0000000e+00   0.0000000e+00   0.0000000e+00
   2.0170000e+03   8.0000000e+00   1.9000000e+01   1.0000000e+00   4.0000000e+00   0.0000000e+00   0.0000000e+00
   2.0170000e+03   8.0000000e+00   1.9000000e+01   1.0000000e+00   5.0000000e+00   0.0000000e+00   4.7000000e-01
   2.0170000e+03   8.0000000e+00   1.9000000e+01   1.0000000e+00   6.0000000e+00   0.0000000e+00   1.2999994e-01
   2.0170000e+03   8.0000000e+00   1.9000000e+01   1.0000000e+00   7.0000000e+00   0.0000000e+00   0.0000000e+00
   2.0170000e+03   8.0000000e+00   1.9000000e+01   1.0000000e+00   8.0000000e+00   0.0000000e+00   0.0000000e+00
   2.0170000e+03   8.0000000e+00   1.9000000e+01   1.0000000e+00   9.0000000e+00   0.0000000e+00   0.0000000e+00
   2.0170000e+03   8.0000000e+00   1.9000000e+01   1.0000000e+00   1.0000000e+01   0.0000000e+00   0.0000000e+00
   2.0170000e+03   8.0000000e+00   1.9000000e+01   1.0000000e+00   1.1000000e+01   0.0000000e+00   0.0000000e+00
   2.0170000e+03   8.0000000e+00   1.9000000e+01   1.0000000e+00   1.2000000e+01   0.0000000e+00   0.0000000e+00
   2.0170000e+03   8.0000000e+00   1.9000000e+01   1.0000000e+00   1.3000000e+01   0.0000000e+00   4.6999998e-01
   2.0170000e+03   8.0000000e+00   1.9000000e+01   1.0000000e+00   1.4000000e+01   0.0000000e+00   1.3000000e-01
   2.0170000e+03   8.0000000e+00   1.9000000e+01   1.0000000e+00   1.5000000e+01   0.0000000e+00   0.0000000e+00
   2.0170000e+03   8.0000000e+00   1.9000000e+01   1.0000000e+00   1.6000000e+01   0.0000000e+00   0.0000000e+00
   2.0170000e+03   8.0000000e+00   1.9000000e+01   1.0000000e+00   1.7000000e+01   0.0000000e+00   0.0000000e+00
   2.0170000e+03   8.0000000e+00   1.9000000e+01   1.0000000e+00   1.8000000e+01   0.0000000e+00   0.0000000e+00
   2.0170000e+03   8.0000000e+00   1.9000000e+01   1.0000000e+00   1.9000000e+01   0.0000000e+00   0.0000000e+00
   2.0170000e+03   8.0000000e+00   1.9000000e+01   1.0000000e+00   2.0000000e+01   0.0000000e+00   0.0000000e+00
   2.0170000e+03   8.0000000e+00   1.9000000e+01   1.0000000e+00   2.1000000e+01   0.0000000e+00   0.0000000e+00
   2.0170000e+03   8.0000000e+00   1.9000000e+01   1.0000000e+00   2.2000000e+01   0.0000000e+00   0.0000000e+00
   2.0170000e+03   8.0000000e+00   1.9000000e+01   1.0000000e+00   2.3000000e+01   0.0000000e+00   4.6999994e-01
   2.0170000e+03   8.0000000e+00   1.9000000e+01   1.0000000e+00   2.4000000e+01   0.0000000e+00   1.3000002e-01
   2.0170000e+03   8.0000000e+00   1.9000000e+01   1.0000000e+00   2.5000000e+01   0.0000000e+00   0.0000000e+00
   2.0170000e+03   8.0000000e+00   1.9000000e+01   1.0000000e+00   2.6000000e+01   0.0000000e+00   0.0000000e+00
   2.0170000e+03   8.0000000e+00   1.9000000e+01   1.0000000e+00   2.7000000e+01   0.0000000e+00   0.0000000e+00
   2.0170000e+03   8.0000000e+00   1.9000000e+01   1.0000000e+00   2.8000000e+01   0.0000000e+00   0.0000000e+00
   2.0170000e+03   8.0000000e+00   1.9000000e+01   1.0000000e+00   2.9000000e+01   0.0000000e+00   0.0000000e+00
   2.0170000e+03   8.0000000e+00   1.9000000e+01   1.0000000e+00   3.0000000e+01   0.0000000e+00   0.0000000e+00
   2.0170000e+03   8.0000000e+00   1.9000000e+01   1.0000000e+00   3.1000000e+01   0.0000000e+00   0.0000000e+00
   2.0170000e+03   8.0000000e+00   1.9000000e+01   1.0000000e+00   3.2000000e+01   0.0000000e+00   0.0000000e+00
   2.0170000e+03   8.0000000e+00   1.9000000e+01   1.0000000e+00   3.3000000e+01   0.0000000e+00   0.0000000e+00
   2.0170000e+03   8.0000000e+00   1.9000000e+01   1.0000000e+00   3.4000000e+01   0.0000000e+00   0.0000000e+00
   2.0170000e+03   8.0000000e+00   1.9000000e+01   1.0000000e+00   3.5000000e+01   0.0000000e+00   4.7000002e-01
   2.0170000e+03   8.0000000e+00   1.9000000e+01   1.0000000e+00   3.6000000e+01   0.0000000e+00   1.3000000e-01
   2.0170000e+03   8.0000000e+00   1.9000000e+01   1.0000000e+00   3.7000000e+01   0.0000000e+00   0.0000000e+00
   2.0170000e+03   8.0000000e+00   1.9000000e+01   1.0000000e+00   3.8000000e+01   0.0000000e+00   0.0000000e+00
   2.0170000e+03   8.0000000e+00   1.9000000e+01   1.0000000e+00   3.9000000e+01   0.0000000e+00   0.0000000e+00
   2.0170000e+03   8.0000000e+00   1.9000000e+01   1.0000000e+00   4.0000000e+01   0.0000000e+00   0.0000000e+00
   2.0170000e+03   8.0000000e+00   1.9000000e+01   1.0000000e+00   4.1000000e+01   0.0000000e+00   0.0000000e+00
   2.0170000e+03   8.0000000e+00   1.9000000e+01   1.0000000e+00   4.2000000e+01   0.0000000e+00   0.0000000e+00
   2.0170000e+03   8.0000000e+00   1.9000000e+01   1.0000000e+00   4.3000000e+01   0.0000000e+00   0.0000000e+00
   2.0170000e+03   8.0000000e+00   1.9000000e+01   1.0000000e+00   4.4000000e+01   0.0000000e+00   0.0000000e+00
   2.0170000e+03   8.0000000e+00   1.9000000e+01   1.0000000e+00   4.5000000e+01   0.0000000e+00   0.0000000e+00
   2.0170000e+03   8.0000000e+00   1.9000000e+01   1.0000000e+00   4.6000000e+01   0.0000000e+00   0.0000000e+00
   2.0170000e+03   8.0000000e+00   1.9000000e+01   1.0000000e+00   4.7000000e+01   0.0000000e+00   0.0000000e+00
   2.0170000e+03   8.0000000e+00   1.9000000e+01   1.0000000e+00   4.8000000e+01   0.0000000e+00   4.7000006e-01
   2.0170000e+03   8.0000000e+00   1.9000000e+01   1.0000000e+00   4.9000000e+01   0.0000000e+00   1.2999998e-01
   2.0170000e+03   8.0000000e+00   1.9000000e+01   1.0000000e+00   5.0000000e+01   0.0000000e+00   0.0000000e+00
   2.0170000e+03   8.0000000e+00   1.9000000e+01   1.0000000e+00   5.1000000e+01   0.0000000e+00   0.0000000e+00
   2.0170000e+03   8.0000000e+00   1.9000000e+01   1.0000000e+00   5.2000000e+01   0.0000000e+00   0.0000000e+00
   2.0170000e+03   8.0000000e+00   1.9000000e+01   1.0000000e+00   5.3000000e+01   0.0000000e+00   0.0000000e+00
   2.0170000e+03   8.0000000e+00   1.9000000e+01   1.0000000e+00   5.4000000e+01   0.0000000e+00   0.0000000e+00
   2.0170000e+03   8.0000000e+00   1.9000000e+01   1.0000000e+00   5.5000000e+01   0.0000000e+00   0.0000000e+00
   2.0170000e+03   8.0000000e+00   1.9000000e+01   1.0000000e+00   5.6000000e+01   0.0000000e+00   0.0000000e+00
   2.0170000e+03   8.0000000e+00   1.9000000e+01   1.0000000e+00   5.7000000e+01   0.0000000e+00   0.0000000e+00
   2.0170000e+03   8.0000000e+00   1.9000000e+01   1.0000000e+00   5.8000000e+01   0.0000000e+00   0.0000000e+00
   2.0170000e+03   8.0000000e+00   1.9000000e+01   1.0000000e+00   5.9000000e+01   0.0000000e+00   0.0000000e+00
   2.0170000e+03   8.0000000e+00   1.9000000e+01   2.0000000e+00   0.0000000e+00   0.0000000e+00   0.0000000e+00
   2.0170000e+03   8.0000000e+00   1.9000000e+01   2.0000000e+00   1.0000000e+00   0.0000000e+00   0.0000000e+00
   2.0170000e+03   8.0000000e+00   1.9000000e+01   2.0000000e+00   2.0000000e+00   0.0000000e+00   0.0000000e+00
   2.0170000e+03   8.0000000e+00   1.9000000e+01   2.0000000e+00   3.0000000e+00   0.0000000e+00   0.0000000e+00
   2.0170000e+03   8.0000000e+00   1.9000000e+01   2.0000000e+00   4.0000000e+00   0.0000000e+00   4.7000000e-01
   2.0170000e+03   8.0000000e+00   1.9000000e+01   2.0000000e+00   5.0000000e+00   0.0000000e+00   1.2999994e-01
   2.0170000e+03   8.0000000e+00   1.9000000e+01   2.0000000e+00   6.0000000e+00   0.0000000e+00   0.0000000e+00
   2.0170000e+03   8.0000000e+00   1.9000000e+01   2.0000000e+00   7.0000000e+00   0.0000000e+00   0.0000000e+00
   2.0170000e+03   8.0000000e+00   1.9000000e+01   2.0000000e+00   8.0000000e+00   0.0000000e+00   0.0000000e+00
   2.0170000e+03   8.0000000e+00   1.9000000e+01   2.0000000e+00   9.0000000e+00   0.0000000e+00   0.0000000e+00
   2.0170000e+03   8.0000000e+00   1.9000000e+01   2.0000000e+00   1.0000000e+01   0.0000000e+00   0.0000000e+00
   2.0170000e+03   8.0000000e+00   1.9000000e+01   2.0000000e+00   1.1000000e+01   0.0000000e+00   0.0000000e+00
   2.0170000e+03   8.0000000e+00   1.9000000e+01   2.0000000e+00   1.2000000e+01   0.0000000e+00   0.0000000e+00
   2.0170000e+03   8.0000000e+00   1.9000000e+01   2.0000000e+00   1.3000000e+01   0.0000000e+00   0.0000000e+00
   2.0170000e+03   8.0000000e+00   1.9000000e+01   2.0000000e+00   1.4000000e+01   0.0000000e+00   0.0000000e+00
   2.0170000e+03   8.0000000e+00   1.9000000e+01   2.0000000e+00   1.5000000e+01   0.0000000e+00   0.0000000e+00
   2.0170000e+03   8.0000000e+00   1.9000000e+01   2.0000000e+00   1.6000000e+01   0.0000000e+00   0.0000000e+00
   2.0170000e+03   8.0000000e+00   1.9000000e+01   2.0000000e+00   1.7000000e+01   0.0000000e+00   0.0000000e+00
   2.0170000e+03   8.0000000e+00   1.9000000e+01   2.0000000e+00   1.8000000e+01   0.0000000e+00   0.0000000e+00
   2.0170000e+03   8.0000000e+00   1.9000000e+01   2.0000000e+00   1.9000000e+01   0.0000000e+00   0.0000000e+00
   2.0170000e+03   8.0000000e+00   1.9000000e+01   2.0000000e+00   2.0000000e+01   0.0000000e+00   0.0000000e+00
   2.0170000e+03   8.0000000e+00   1.9000000e+01   2.0000000e+00   2.1000000e+01   0.0000000e+00   0.0000000e+00
   2.0170000e+03   8.0000000e+00   1.9000000e+01   2.0000000e+00   2.2000000e+01   0.0000000e+00   0.0000000e+00
   2.0170000e+03   8.0000000e+00   1.9000000e+01   2.0000000e+00   2.3000000e+01   0.0000000e+00   4.6999998e-01
   2.0170000e+03   8.0000000e+00   1.9000000e+01   2.0000000e+00   2.4000000e+01   0.0000000e+00   1.3000000e-01
   2.0170000e+03   8.0000000e+00   1.9000000e+01   2.0000000e+00   2.5000000e+01   0.0000000e+00   0.0000000e+00
   2.0170000e+03   8.0000000e+00   1.9000000e+01   2.0000000e+00   2.6000000e+01   0.0000000e+00   0.0000000e+00
   2.0170000e+03   8.0000000e+00   1.9000000e+01   2.0000000e+00   2.7000000e+01   0.0000000e+00   0.0000000e+00
   2.0170000e+03   8.0000000e+00   1.9000000e+01   2.0000000e+00   2.8000000e+01   0.0000000e+00   0.0000000e+00
   2.0170000e+03   8.0000000e+00   1.9000000e+01   2.0000000e+00   2.9000000e+01   0.0000000e+00   0.0000000e+00
   2.0170000e+03   8.0000000e+00   1.9000000e+01   2.0000000e+00   3.0000000e+01   0.0000000e+00   0.0000000e+00
   2.0170000e+03   8.0000000e+00   1.9000000e+01   2.0000000e+00   3.1000000e+01   0.0000000e+00   0.0000000e+00
   2.0170000e+03   8.0000000e+00   1.9000000e+01   2.0000000e+00   3.2000000e+01   0.0000000e+00   0.0000000e+00
   2.0170000e+03   8.0000000e+00   1.9000000e+01   2.0000000e+00   3.3000000e+01   0.0000000e+00   0.0000000e+00
   2.0170000e+03   8.0000000e+00   1.9000000e+01   2.0000000e+00   3.4000000e+01   0.0000000e+00   0.0000000e+00
   2.0170000e+03   8.0000000e+00   1.9000000e+01   2.0000000e+00   3.5000000e+01   0.0000000e+00   0.0000000e+00
   2.0170000e+03   8.0000000e+00   1.9000000e+01   2.0000000e+00   3.6000000e+01   0.0000000e+00   0.0000000e+00
   2.0170000e+03   8.0000000e+00   1.9000000e+01   2.0000000e+00   3.7000000e+01   0.0000000e+00   0.0000000e+00
   2.0170000e+03   8.0000000e+00   1.9000000e+01   2.0000000e+00   3.8000000e+01   0.0000000e+00   0.0000000e+00
   2.0170000e+03   8.0000000e+00   1.9000000e+01   2.0000000e+00   3.9000000e+01   0.0000000e+00   0.0000000e+00
   2.0170000e+03   8.0000000e+00   1.9000000e+01   2.0000000e+00   4.0000000e+01   0.0000000e+00   4.6999998e-01
   2.0170000e+03   8.0000000e+00   1.9000000e+01   2.0000000e+00   4.1000000e+01   0.0000000e+00   1.5400000e+00
   2.0170000e+03   8.0000000e+00   1.9000000e+01   2.0000000e+00   4.2000000e+01   0.0000000e+00   3.6799998e+00
   2.0170000e+03   8.0000000e+00   1.9000000e+01   2.0000000e+00   4.3000000e+01   0.0000000e+00   4.6700000e+00
   2.0170000e+03   8.0000000e+00   1.9000000e+01   2.0000000e+00   4.4000000e+01   0.0000000e+00   4.8000000e+00
   2.0170000e+03   8.0000000e+00   1.9000000e+01   2.0000000e+00   4.5000000e+01   0.0000000e+00   2.4500000e+00
   2.0170000e+03   8.0000000e+00   1.9000000e+01   2.0000000e+00   4.6000000e+01   0.0000000e+00   1.3300000e+00
   2.0170000e+03   8.0000000e+00   1.9000000e+01   2.0000000e+00   4.7000000e+01   0.0000000e+00   1.2000000e+00
   2.0170000e+03   8.0000000e+00   1.9000000e+01   2.0000000e+00   4.8000000e+01   0.0000000e+00   1.2000000e+00
   2.0170000e+03   8.0000000e+00   1.9000000e+01   2.0000000e+00   4.9000000e+01   0.0000000e+00   7.3000000e-01
   2.0170000e+03   8.0000000e+00   1.9000000e+01   2.0000000e+00   5.0000000e+01   0.0000000e+00   1.5400001e+00
   2.0170000e+03   8.0000000e+00   1.9000000e+01   2.0000000e+00   5.1000000e+01   0.0000000e+00   1.8000000e+00
   2.0170000e+03   8.0000000e+00   1.9000000e+01   2.0000000e+00   5.2000000e+01   0.0000000e+00   1.8000000e+00
   2.0170000e+03   8.0000000e+00   1.9000000e+01   2.0000000e+00   5.3000000e+01   0.0000000e+00   1.8000000e+00
   2.0170000e+03   8.0000000e+00   1.9000000e+01   2.0000000e+00   5.4000000e+01   0.0000000e+00   8.6000003e-01
   2.0170000e+03   8.0000000e+00   1.9000000e+01   2.0000000e+00   5.5000000e+01   0.0000000e+00   1.3000000e-01
   2.0170000e+03   8.0000000e+00   1.9000000e+01   2.0000000e+00   5.6000000e+01   0.0000000e+00   9.3999988e-01
   2.0170000e+03   8.0000000e+00   1.9000000e+01   2.0000000e+00   5.7000000e+01   0.0000000e+00   7.3000002e-01
   2.0170000e+03   8.0000000e+00   1.9000000e+01   2.0000000e+00   5.8000000e+01   0.0000000e+00   6.0000000e-01
   2.0170000e+03   8.0000000e+00   1.9000000e+01   2.0000000e+00   5.9000000e+01   0.0000000e+00   1.0700000e+00
   2.0170000e+03   8.0000000e+00   1.9000000e+01   3.0000000e+00   0.0000000e+00   0.0000000e+00   1.6700000e+00
   2.0170000e+03   8.0000000e+00   1.9000000e+01   3.0000000e+00   1.0000000e+00   0.0000000e+00   1.3300000e+00
   2.0170000e+03   8.0000000e+00   1.9000000e+01   3.0000000e+00   2.0000000e+00   0.0000000e+00   1.2000000e+00
   2.0170000e+03   8.0000000e+00   1.9000000e+01   3.0000000e+00   3.0000000e+00   0.0000000e+00   1.2000000e+00
   2.0170000e+03   8.0000000e+00   1.9000000e+01   3.0000000e+00   4.0000000e+00   0.0000000e+00   7.2999994e-01
   2.0170000e+03   8.0000000e+00   1.9000000e+01   3.0000000e+00   5.0000000e+00   0.0000000e+00   6.0000000e-01
   2.0170000e+03   8.0000000e+00   1.9000000e+01   3.0000000e+00   6.0000000e+00   0.0000000e+00   6.0000000e-01
   2.0170000e+03   8.0000000e+00   1.9000000e+01   3.0000000e+00   7.0000000e+00   0.0000000e+00   1.3000006e-01
   2.0170000e+03   8.0000000e+00   1.9000000e+01   3.0000000e+00   8.0000000e+00   0.0000000e+00   4.6999998e-01
   2.0170000e+03   8.0000000e+00   1.9000000e+01   3.0000000e+00   9.0000000e+00   0.0000000e+00   1.3000000e-01
   2.0170000e+03   8.0000000e+00   1.9000000e+01   3.0000000e+00   1.0000000e+01   0.0000000e+00   0.0000000e+00
   2.0170000e+03   8.0000000e+00   1.9000000e+01   3.0000000e+00   1.1000000e+01   0.0000000e+00   0.0000000e+00
   2.0170000e+03   8.0000000e+00   1.9000000e+01   3.0000000e+00   1.2000000e+01   0.0000000e+00   4.7000000e-01
   2.0170000e+03   8.0000000e+00   1.9000000e+01   3.0000000e+00   1.3000000e+01   0.0000000e+00   1.3000000e-01
   2.0170000e+03   8.0000000e+00   1.9000000e+01   3.0000000e+00   1.4000000e+01   0.0000000e+00   0.0000000e+00
   2.0170000e+03   8.0000000e+00   1.9000000e+01   3.0000000e+00   1.5000000e+01   0.0000000e+00   0.0000000e+00
   2.0170000e+03   8.0000000e+00   1.9000000e+01   3.0000000e+00   1.6000000e+01   0.0000000e+00   0.0000000e+00
   2.0170000e+03   8.0000000e+00   1.9000000e+01   3.0000000e+00   1.7000000e+01   0.0000000e+00   4.7000000e-01
   2.0170000e+03   8.0000000e+00   1.9000000e+01   3.0000000e+00   1.8000000e+01   0.0000000e+00   1.2999994e-01
   2.0170000e+03   8.0000000e+00   1.9000000e+01   3.0000000e+00   1.9000000e+01   0.0000000e+00   0.0000000e+00
   2.0170000e+03   8.0000000e+00   1.9000000e+01   3.0000000e+00   2.0000000e+01   0.0000000e+00   0.0000000e+00
   2.0170000e+03   8.0000000e+00   1.9000000e+01   3.0000000e+00   2.1000000e+01   0.0000000e+00   4.7000006e-01
   2.0170000e+03   8.0000000e+00   1.9000000e+01   3.0000000e+00   2.2000000e+01   0.0000000e+00   1.2999998e-01
   2.0170000e+03   8.0000000e+00   1.9000000e+01   3.0000000e+00   2.3000000e+01   0.0000000e+00   0.0000000e+00
   2.0170000e+03   8.0000000e+00   1.9000000e+01   3.0000000e+00   2.4000000e+01   0.0000000e+00   0.0000000e+00
   2.0170000e+03   8.0000000e+00   1.9000000e+01   3.0000000e+00   2.5000000e+01   0.0000000e+00   0.0000000e+00
   2.0170000e+03   8.0000000e+00   1.9000000e+01   3.0000000e+00   2.6000000e+01   0.0000000e+00   4.7000000e-01
   2.0170000e+03   8.0000000e+00   1.9000000e+01   3.0000000e+00   2.7000000e+01   0.0000000e+00   1.3000006e-01
   2.0170000e+03   8.0000000e+00   1.9000000e+01   3.0000000e+00   2.8000000e+01   0.0000000e+00   0.0000000e+00
   2.0170000e+03   8.0000000e+00   1.9000000e+01   3.0000000e+00   2.9000000e+01   0.0000000e+00   0.0000000e+00
   2.0170000e+03   8.0000000e+00   1.9000000e+01   3.0000000e+00   3.0000000e+01   0.0000000e+00   0.0000000e+00