   2.0170000e+03   8.0000000e+00   8.0000000e+00   4.0000000e+00   0.0000000e+00   0.0000000e+00   0.0000000e+00
   2.0170000e+03   8.0000000e+00   8.0000000e+00   4.0000000e+00   1.0000000e+00   0.0000000e+00   0.0000000e+00
   2.0170000e+03   8.0000000e+00   8.0000000e+00   4.0000000e+00   2.0000000e+00   0.0000000e+00   0.0000000e+00
   2.0170000e+03   8.0000000e+00   8.0000000e+00   4.0000000e+00   3.0000000e+00   0.0000000e+00   0.0000000e+00
   2.0170000e+03   8.0000000e+00   8.0000000e+00   4.0000000e+00   4.0000000e+00   0.0000000e+00   0.0000000e+00
   2.0170000e+03   8.0000000e+00   8.0000000e+00   4.0000000e+00   5.0000000e+00   0.0000000e+00   0.0000000e+00
   2.0170000e+03   8.0000000e+00   8.0000000e+00   4.0000000e+00   6.0000000e+00   0.0000000e+00   0.0000000e+00
   2.0170000e+03   8.0000000e+00   8.0000000e+00   4.0000000e+00   7.0000000e+00   0.0000000e+00   0.0000000e+00
   2.0170000e+03   8.0000000e+00   8.0000000e+00   4.0000000e+00   8.0000000e+00   0.0000000e+00   0.0000000e+00
   2.0170000e+03   8.0000000e+00   8.0000000e+00   4.0000000e+00   9.0000000e+00   0.0000000e+00   0.0000000e+00
   2.0170000e+03   8.0000000e+00   8.0000000e+00   4.0000000e+00   1.0000000e+01   0.0000000e+00   0.0000000e+00
   2.0170000e+03   8.0000000e+00   8.0000000e+00   4.0000000e+00   1.1000000e+01   0.0000000e+00   0.0000000e+00
   2.0170000e+03   8.0000000e+00   8.0000000e+00   4.0000000e+00   1.2000000e+01   0.0000000e+00   0.0000000e+00
   2.0170000e+03   8.0000000e+00   8.0000000e+00   4.0000000e+00   1.3000000e+01   0.0000000e+00   0.0000000e+00
   2.0170000e+03   8.0000000e+00   8.0000000e+00   4.0000000e+00   1.4000000e+01   0.0000000e+00   0.0000000e+00
   2.0170000e+03   8.0000000e+00   8.0000000e+00   4.0000000e+00   1.5000000e+01   0.0000000e+00   0.0000000e+00
   2.0170000e+03   8.0000000e+00   8.0000000e+00   4.0000000e+00   1.6000000e+01   0.0000000e+00   0.0000000e+00
   2.0170000e+03   8.0000000e+00   8.0000000e+00   4.0000000e+00   1.7000000e+01   0.0000000e+00   0.0000000e+00
   2.0170000e+03   8.0000000e+00   8.0000000e+00   4.0000000e+00   1.8000000e+01   0.0000000e+00   0.0000000e+00
   2.0170000e+03   8.0000000e+00   8.0000000e+00   4.0000000e+00   1.9000000e+01   0.0000000e+00   0.0000000e+00
   2.0170000e+03   8.0000000e+00   8.0000000e+00   4.0000000e+00   2.0000000e+01   0.0000000e+00   0.0000000e+00
   2.0170000e+03   8.0000000e+00   8.0000000e+00   4.0000000e+00   2.1000000e+01   0.0000000e+00   0.0000000e+00
   2.0170000e+03   8.0000000e+00   8.0000000e+00   4.0000000e+00   2.2000000e+01   0.0000000e+00   0.0000000e+00
   2.0170000e+03   8.0000000e+00   8.0000000e+00   4.0000000e+00   2.3000000e+01   0.0000000e+00   0.0000000e+00
   2.0170000e+03   8.0000000e+00   8.0000000e+00   4.0000000e+00   2.4000000e+01   0.0000000e+00   0.0000000e+00
   2.0170000e+03   8.0000000e+00   8.0000000e+00   4.0000000e+00   2.5000000e+01   0.0000000e+00   0.0000000e+00
   2.0170000e+03   8.0000000e+00   8.0000000e+00   4.0000000e+00   2.6000000e+01   0.0000000e+00   0.0000000e+00
   2.0170000e+03   8.0000000e+00   8.0000000e+00   4.0000000e+00   2.7000000e+01   0.0000000e+00   0.0000000e+00
   2.0170000e+03   8.0000000e+00   8.0000000e+00   4.0000000e+00   2.8000000e+01   0.0000000e+00   0.0000000e+00
   2.0170000e+03   8.0000000e+00   8.0000000e+00   4.0000000e+00   2.9000000e+01   0.0000000e+00   0.0000000e+00
   2.0170000e+03   8.0000000e+00   8.0000000e+00   4.0000000e+00   3.0000000e+01   0.0000000e+00   0.0000000e+00
   2.0170000e+03   8.0000000e+00   8.0000000e+00   4.0000000e+00   3.1000000e+01   0.0000000e+00   0.0000000e+00
   2.0170000e+03   8.0000000e+00   8.0000000e+00   4.0000000e+00   3.2000000e+01   0.0000000e+00   0.0000000e+00
   2.0170000e+03   8.0000000e+00   8.0000000e+00   4.0000000e+00   3.3000000e+01   0.0000000e+00   0.0000000e+00
   2.0170000e+03   8.0000000e+00   8.0000000e+00   4.0000000e+00   3.4000000e+01   0.0000000e+00   0.0000000e+00
   2.0170000e+03   8.0000000e+00   8.0000000e+00   4.0000000e+00   3.5000000e+01   0.0000000e+00   0.0000000e+00
   2.0170000e+03   8.0000000e+00   8.0000000e+00   4.0000000e+00   3.6000000e+01   0.0000000e+00   0.0000000e+00
   2.0170000e+03   8.0000000e+00   8.0000000e+00   4.0000000e+00   3.7000000e+01   0.0000000e+00   0.0000000e+00
   2.0170000e+03   8.0000000e+00   8.0000000e+00   4.0000000e+00   3.8000000e+01   0.0000000e+00   0.0000000e+00
   2.0170000e+03   8.0000000e+00   8.0000000e+00   4.0000000e+00   3.9000000e+01   0.0000000e+00   0.0000000e+00
   2.0170000e+03   8.0000000e+00   8.0000000e+00   4.0000000e+00   4.0000000e+01   0.0000000e+00   0.0000000e+00
   2.0170000e+03   8.0000000e+00   8.0000000e+00   4.0000000e+00   4.1000000e+01   0.0000000e+00   0.0000000e+00
   2.0170000e+03   8.0000000e+00   8.0000000e+00   4.0000000e+00   4.2000000e+01   0.0000000e+00   0.0000000e+00
   2.0170000e+03   8.0000000e+00   8.0000000e+00   4.0000000e+00   4.3000000e+01   0.0000000e+00   0.0000000e+00
   2.0170000e+03   8.0000000e+00   8.0000000e+00   4.0000000e+00   4.4000000e+01   0.0000000e+00   0.0000000e+00
   2.0170000e+03   8.0000000e+00   8.0000000e+00   4.0000000e+00   4.5000000e+01   0.0000000e+00   0.0000000e+00
   2.0170000e+03   8.0000000e+00   8.0000000e+00   4.0000000e+00   4.6000000e+01   0.0000000e+00   4.2000005e-01
   2.0170000e+03   8.0000000e+00   8.0000000e+00   4.0000000e+00   4.7000000e+01   0.0000000e+00   1.3799998e+00
   2.0170000e+03   8.0000000e+00   8.0000000e+00   4.0000000e+00   4.8000000e+01   0.0000000e+00   2.8000000e-01
   2.0170000e+03   8.0000000e+00   8.0000000e+00   4.0000000e+00   4.9000000e+01   0.0000000e+00   1.2000000e+00
   2.0170000e+03   8.0000000e+00   8.0000000e+00   4.0000000e+00   5.0000000e+01   0.0000000e+00   1.0600001e+00
   2.0170000e+03   8.0000000e+00   8.0000000e+00   4.0000000e+00   5.1000000e+01   0.0000000e+00   8.8000000e-01
   2.0170000e+03   8.0000000e+00   8.0000000e+00   4.0000000e+00   5.2000000e+01   0.0000000e+00   1.9400000e+00
   2.0170000e+03   8.0000000e+00   8.0000000e+00   4.0000000e+00   5.3000000e+01   0.0000000e+00   2.5400000e+00
   2.0170000e+03   8.0000000e+00   8.0000000e+00   4.0000000e+00   5.4000000e+01   0.0000000e+00   2.8600000e+00
   2.0170000e+03   8.0000000e+00   8.0000000e+00   4.0000000e+00   5.5000000e+01   0.0000000e+00   2.8200000e+00
   2.0170000e+03   8.0000000e+00   8.0000000e+00   4.0000000e+00   5.6000000e+01   0.0000000e+00   4.4800000e+00
   2.0170000e+03   8.0000000e+00   8.0000000e+00   4.0000000e+00   5.7000000e+01   0.0000000e+00   5.5400000e+00
   2.0170000e+03   8.0000000e+00   8.0000000e+00   4.0000000e+00   5.8000000e+01   0.0000000e+00   6.5600002e+00
   2.0170000e+03   8.0000000e+00   8.0000000e+00   4.0000000e+00   5.9000000e+01   0.0000000e+00   7.9800000e+00
   2.0170000e+03   8.0000000e+00   8.0000000e+00   5.0000000e+00   0.0000000e+00   0.0000000e+00   7.3000001e+00
   2.0170000e+03   8.0000000e+00   8.0000000e+00   5.0000000e+00   1.0000000e+00   0.0000000e+00   9.1799998e+00
   2.0170000e+03   8.0000000e+00   8.0000000e+00   5.0000000e+00   2.0000000e+00   0.0000000e+00   7.6600000e+00
   2.0170000e+03   8.0000000e+00   8.0000000e+00   5.0000000e+00   3.0000000e+00   0.0000000e+00   6.5000001e+00
   2.0170000e+03   8.0000000e+00   8.0000000e+00   5.0000000e+00   4.0000000e+00   0.0000000e+00   4.4799999e+00
   2.0170000e+03   8.0000000e+00   8.0000000e+00   5.0000000e+00   5.0000000e+00   0.0000000e+00   5.6800000e+00
   2.0170000e+03   8.0000000e+00   8.0000000e+00   5.0000000e+00   6.0000000e+00   0.0000000e+00   6.4600000e+00
   2.0170000e+03   8.0000000e+00   8.0000000e+00   5.0000000e+00   7.0000000e+00   0.0000000e+00   5.8600001e+00
   2.0170000e+03   8.0000000e+00   8.0000000e+00   5.0000000e+00   8.0000000e+00   0.0000000e+00   5.5400000e+00
   2.0170000e+03   8.0000000e+00   8.0000000e+00   5.0000000e+00   9.0000000e+00   0.0000000e+00   6.0000000e+00
   2.0170000e+03   8.0000000e+00   8.0000000e+00   5.0000000e+00   1.0000000e+01   0.0000000e+00   6.5600000e+00
   2.0170000e+03   8.0000000e+00   8.0000000e+00   5.0000000e+00   1.1000000e+01   0.0000000e+00   8.2600000e+00
   2.0170000e+03   8.0000000e+00   8.0000000e+00   5.0000000e+00   1.2000000e+01   0.0000000e+00   9.9000009e+00
   2.0170000e+03   8.0000000e+00   8.0000000e+00   5.0000000e+00   1.3000000e+01   0.0000000e+00   1.7360000e+01
   2.0170000e+03   8.0000000e+00   8.0000000e+00   5.0000000e+00   1.4000000e+01   0.0000000e+00   1.9340000e+01
   2.0170000e+03   8.0000000e+00   8.0000000e+00   5.0000000e+00   1.5000000e+01   0.0000000e+00   1.9800000e+01
   2.0170000e+03   8.0000000e+00   8.0000000e+00   5.0000000e+00   1.6000000e+01   0.0000000e+00   1.9100000e+01
   2.0170000e+03   8.0000000e+00   8.0000000e+00   5.0000000e+00   1.7000000e+01   0.0000000e+00   1.5680000e+01
   2.0170000e+03   8.0000000e+00   8.0000000e+00   5.0000000e+00   1.8000000e+01   0.0000000e+00   1.2420000e+01
   2.0170000e+03   8.0000000e+00   8.0000000e+00   5.0000000e+00   1.9000000e+01   0.0000000e+00   1.4080000e+01
   2.0170000e+03   8.0000000e+00   8.0000000e+00   5.0000000e+00   2.0000000e+01   0.0000000e+00   1.4020000e+01
   2.0170000e+03   8.0000000e+00   8.0000000e+00   5.0000000e+00   2.1000000e+01   0.0000000e+00   1.0100000e+01
   2.0170000e+03   8.0000000e+00   8.0000000e+00   5.0000000e+00   2.2000000e+01   0.0000000e+00   8.0800000e+00
   2.0170000e+03   8.0000000e+00   8.0000000e+00   5.0000000e+00   2.3000000e+01   0.0000000e+00   9.7000000e+00
   2.0170000e+03   8.0000000e+00   8.0000000e+00   5.0000000e+00   2.4000000e+01   0.0000000e+00   1.2700000e+01
   2.0170000e+03   8.0000000e+00   8.0000000e+00   5.0000000e+00   2.5000000e+01   0.0000000e+00   1.4440000e+01
   2.0170000e+03   8.0000000e+00   8.0000000e+00   5.0000000e+00   2.6000000e+01   0.0000000e+00   1.2600000e+01
   2.0170000e+03   8.0000000e+00   8.0000000e+00   5.0000000e+00   2.7000000e+01   0.0000000e+00   1.3720000e+01
   2.0170000e+03   8.0000000e+00   8.0000000e+00   5.0000000e+00   2.8000000e+01   0.0000000e+00   1.6560000e+01
   2.0170000e+03   8.0000000e+00   8.0000000e+00   5.0000000e+00   2.9000000e+01   0.0000000e+00   1.3660000e+01
   2.0170000e+03   8.0000000e+00   8.0000000e+00   5.0000000e+00   3.0000000e+01   0.0000000e+00   1.1520000e+01
   2.0170000e+03   8.0000000e+00   8.0000000e+00   5.0000000e+00   3.1000000e+01   0.0000000e+00   5.4399999e+00
   2.0170000e+03   8.0000000e+00   8.0000000e+00   5.0000000e+00   3.2000000e+01   0.0000000e+00   3.7400001e+00
   2.0170000e+03   8.0000000e+00   8.0000000e+00   5.0000000e+00   3.3000000e+01   0.0000000e+00   3.7800000e+00
   2.0170000e+03   8.0000000e+00   8.0000000e+00   5.0000000e+00   3.4000000e+01   0.0000000e+00   2.5400000e+00
   2.0170000e+03   8.0000000e+00   8.0000000e+00   5.0000000e+00   3.5000000e+01   0.0000000e+00   3.0000000e+00
   2.0170000e+03   8.0000000e+00   8.0000000e+00   5.0000000e+00   3.6000000e+01   0.0000000e+00   3.1400000e+00
   2.0170000e+03   8.0000000e+00   8.0000000e+00   5.0000000e+00   3.7000000e+01   0.0000000e+00   3.3200000e+00
   2.0170000e+03   8.0000000e+00   8.0000000e+00   5.0000000e+00   3.8000000e+01   0.0000000e+00   2.5400000e+00
   2.0170000e+03   8.0000000e+00   8.0000000e+00   5.0000000e+00   3.9000000e+01   0.0000000e+00   2.7200000e+00
   2.0170000e+03   8.0000000e+00   8.0000000e+00   5.0000000e+00   4.0000000e+01   0.0000000e+00   1.6600000e+00
   2.0170000e+03   8.0000000e+00   8.0000000e+00   5.0000000e+00   4.1000000e+01   0.0000000e+00   1.2000000e+00
   2.0170000e+03   8.0000000e+00   8.0000000e+00   5.0000000e+00   4.2000000e+01   0.0000000e+00   1.2000000e+00
   2.0170000e+03   8.0000000e+00   8.0000000e+00   5.0000000e+00   4.3000000e+01   0.0000000e+00   1.2000000e+00
   2.0170000e+03   8.0000000e+00   8.0000000e+00   5.0000000e+00   4.4000000e+01   0.0000000e+00   1.0600000e+00
   2.0170000e+03   8.0000000e+00   8.0000000e+00   5.0000000e+00   4.5000000e+01   0.0000000e+00   4.5999998e-01
   2.0170000e+03   8.0000000e+00   8.0000000e+00   5.0000000e+00   4.6000000e+01   0.0000000e+00   1.4000006e-01
   2.0170000e+03   8.0000000e+00   8.0000000e+00   5.0000000e+00   4.7000000e+01   0.0000000e+00   4.6000000e-01
   2.0170000e+03   8.0000000e+00   8.0000000e+00   5.0000000e+00   4.8000000e+01   0.0000000e+00   2.7999996e-01
   2.0170000e+03   8.0000000e+00   8.0000000e+00   5.0000000e+00   4.9000000e+01   0.0000000e+00   9.2000012e-01
   2.0170000e+03   8.0000000e+00   8.0000000e+00   5.0000000e+00   5.0000000e+01   0.0000000e+00   1.4000000e-01
   2.0170000e+03   8.0000000e+00   8.0000000e+00   5.0000000e+00   5.1000000e+01   0.0000000e+00   4.6000002e-01
   2.0170000e+03   8.0000000e+00   8.0000000e+00   5.0000000e+00   5.2000000e+01   0.0000000e+00   1.3999994e-01
   2.0170000e+03   8.0000000e+00   8.0000000e+00   5.0000000e+00   5.3000000e+01   0.0000000e+00   6.0000000e-01
   2.0170000e+03   8.0000000e+00   8.0000000e+00   5.0000000e+00   5.4000000e+01   0.0000000e+00   4.6000000e-01
   2.0170000e+03   8.0000000e+00   8.0000000e+00   5.0000000e+00   5.5000000e+01   0.0000000e+00   1.4000000e-01
   2.0170000e+03   8.0000000e+00   8.0000000e+00   5.0000000e+00   5.6000000e+01   0.0000000e+00   6.0000000e-01
   2.0170000e+03   8.0000000e+00   8.0000000e+00   5.0000000e+00   5.7000000e+01   0.0000000e+00   4.5999994e-01
   2.0170000e+03   8.0000000e+00   8.0000000e+00   5.0000000e+00   5.8000000e+01   0.0000000e+00   1.4000000e-01
   2.0170000e+03   8.0000000e+00   8.0000000e+00   5.0000000e+00   5.9000000e+01   0.0000000e+00   4.5999998e-01
   2.0170000e+03   8.0000000e+00   8.0000000e+00   6.0000000e+00   0.0000000e+00   0.0000000e+00   0.0000000e+00
   2.0170000e+03   8.0000000e+00   8.0000000e+00   6.0000000e+00   1.0000000e+00   0.0000000e+00   1.4000000e-01
   2.0170000e+03   8.0000000e+00   8.0000000e+00   6.0000000e+00   2.0000000e+00   0.0000000e+00   4.6000002e-01
   2.0170000e+03   8.0000000e+00   8.0000000e+00   6.0000000e+00   3.0000000e+00   0.0000000e+00   0.0000000e+00
   2.0170000e+03   8.0000000e+00   8.0000000e+00   6.0000000e+00   4.0000000e+00   0.0000000e+00   0.0000000e+00
   2.0170000e+03   8.0000000e+00   8.0000000e+00   6.0000000e+00   5.0000000e+00   0.0000000e+00   0.0000000e+00
   2.0170000e+03   8.0000000e+00   8.0000000e+00   6.0000000e+00   6.0000000e+00   0.0000000e+00   0.0000000e+00
   2.0170000e+03   8.0000000e+00   8.0000000e+00   6.0000000e+00   7.0000000e+00   0.0000000e+00   1.4000000e-01
   2.0170000e+03   8.0000000e+00   8.0000000e+00   6.0000000e+00   8.0000000e+00   0.0000000e+00   6.0000000e-01
   2.0170000e+03   8.0000000e+00   8.0000000e+00   6.0000000e+00   9.0000000e+00   0.0000000e+00   6.0000000e-01
   2.0170000e+03   8.0000000e+00   8.0000000e+00   6.0000000e+00   1.0000000e+01   0.0000000e+00   6.0000000e-01
   2.0170000e+03   8.0000000e+00   8.0000000e+00   6.0000000e+00   1.1000000e+01   0.0000000e+00   4.6000000e-01
   2.0170000e+03   8.0000000e+00   8.0000000e+00   6.0000000e+00   1.2000000e+01   0.0000000e+00   1.4000000e-01
   2.0170000e+03   8.0000000e+00   8.0000000e+00   6.0000000e+00   1.3000000e+01   0.0000000e+00   4.5999998e-01
   2.0170000e+03   8.0000000e+00   8.0000000e+00   6.0000000e+00   1.4000000e+01   0.0000000e+00   0.0000000e+00
   2.0170000e+03   8.0000000e+00   8.0000000e+00   6.0000000e+00   1.5000000e+01   0.0000000e+00   0.0000000e+00
   2.0170000e+03   8.0000000e+00   8.0000000e+00   6.0000000e+00   1.6000000e+01   0.0000000e+00   0.0000000e+00
   2.0170000e+03   8.0000000e+00   8.0000000e+00   6.0000000e+00   1.7000000e+01   0.0000000e+00   0.0000000e+00
   2.0170000e+03   8.0000000e+00   8.0000000e+00   6.0000000e+00   1.8000000e+01   0.0000000e+00   1.4000000e-01
   2.0170000e+03   8.0000000e+00   8.0000000e+00   6.0000000e+00   1.9000000e+01   0.0000000e+00   4.6000002e-01
   2.0170000e+03   8.0000000e+00   8.0000000e+00   6.0000000e+00   2.0000000e+01   0.0000000e+00   0.0000000e+00
   2.0170000e+03   8.0000000e+00   8.0000000e+00   6.0000000e+00   2.1000000e+01   0.0000000e+00   0.0000000e+00
   2.0170000e+03   8.0000000e+00   8.0000000e+00   6.0000000e+00   2.2000000e+01   0.0000000e+00   0.0000000e+00
   2.0170000e+03   8.0000000e+00   8.0000000e+00   6.0000000e+00   2.3000000e+01   0.0000000e+00   0.0000000e+00
   2.0170000e+03   8.0000000e+00   8.0000000e+00   6.0000000e+00   2.4000000e+01   0.0000000e+00   0.0000000e+00
   2.0170000e+03   8.0000000e+00   8.0000000e+00   6.0000000e+00   2.5000000e+01   0.0000000e+00   0.0000000e+00
   2.0170000e+03   8.0000000e+00   8.0000000e+00   6.0000000e+00   2.6000000e+01   0.0000000e+00   0.0000000e+00
   2.0170000e+03   8.0000000e+00   8.0000000e+00   6.0000000e+00   2.7000000e+01   0.0000000e+00   0.0000000e+00
   2.0170000e+03   8.0000000e+00   8.0000000e+00   6.0000000e+00   2.8000000e+01   0.0000000e+00   0.0000000e+00
   2.0170000e+03   8.0000000e+00   8.0000000e+00   6.0000000e+00   2.9000000e+01   0.0000000e+00   0.0000000e+00
   2.0170000e+03   8.0000000e+00   8.0000000e+00   6.0000000e+00   3.0000000e+01   0.0000000e+00   4.2000005e-01
   2.0170000e+03   8.0000000e+00   8.0000000e+00   6.0000000e+00   3.1000000e+01   0.0000000e+00   1.6599999e+00
   2.0170000e+03   8.0000000e+00   8.0000000e+00   6.0000000e+00   3.2000000e+01   0.0000000e+00   1.3400000e+00
   2.0170000e+03   8.0000000e+00   8.0000000e+00   6.0000000e+00   3.3000000e+01   0.0000000e+00   1.9400000e+00
   2.0170000e+03   8.0000000e+00   8.0000000e+00   6.0000000e+00   3.4000000e+01   0.0000000e+00   2.2600001e+00
   2.0170000e+03   8.0000000e+00   8.0000000e+00   6.0000000e+00   3.5000000e+01   0.0000000e+00   1.8000000e+00
   2.0170000e+03   8.0000000e+00   8.0000000e+00   6.0000000e+00   3.6000000e+01   0.0000000e+00   2.0800000e+00
   2.0170000e+03   8.0000000e+00   8.0000000e+00   6.0000000e+00   3.7000000e+01   0.0000000e+00   3.2799999e+00
   2.0170000e+03   8.0000000e+00   8.0000000e+00   6.0000000e+00   3.8000000e+01   0.0000000e+00   3.9200000e+00
   2.0170000e+03   8.0000000e+00   8.0000000e+00   6.0000000e+00   3.9000000e+01   0.0000000e+00   2.8600000e+00
   2.0170000e+03   8.0000000e+00   8.0000000e+00   6.0000000e+00   4.0000000e+01   0.0000000e+00   2.2600000e+00
   2.0170000e+03   8.0000000e+00   8.0000000e+00   6.0000000e+00   4.1000000e+01   0.0000000e+00   1.6600000e+00
   2.0170000e+03   8.0000000e+00   8.0000000e+00   6.0000000e+00   4.2000000e+01   0.0000000e+00   1.0599999e+00
   2.0170000e+03   8.0000000e+00   8.0000000e+00   6.0000000e+00   4.3000000e+01   0.0000000e+00   4.6000000e-01
   2.0170000e+03   8.0000000e+00   8.0000000e+00   6.0000000e+00   4.4000000e+01   0.0000000e+00   1.4000002e-01
   2.0170000e+03   8.0000000e+00   8.0000000e+00   6.0000000e+00   4.5000000e+01   0.0000000e+00   4.5999994e-01
   2.0170000e+03   8.0000000e+00   8.0000000e+00   6.0000000e+00   4.6000000e+01   0.0000000e+00   1.4000000e-01
   2.0170000e+03   8.0000000e+00   8.0000000e+00   6.0000000e+00   4.7000000e+01   0.0000000e+00   4.6000002e-01
   2.0170000e+03   8.0000000e+00   8.0000000e+00   6.0000000e+00   4.8000000e+01   0.0000000e+00   0.0000000e+00
   2.0170000e+03   8.0000000e+00   8.0000000e+00   6.0000000e+00   4.9000000e+01   0.0000000e+00   0.0000000e+00
   2.0170000e+03   8.0000000e+00   8.0000000e+00   6.0000000e+00   5.0000000e+01   0.0000000e+00   0.0000000e+00
   2.0170000e+03   8.0000000e+00   8.0000000e+00   6.0000000e+00   5.1000000e+01   0.0000000e+00   0.0000000e+00
   2.0170000e+03   8.0000000e+00   8.0000000e+00   6.0000000e+00   5.2000000e+01   0.0000000e+00   0.0000000e+00
   2.0170000e+03   8.0000000e+00   8.0000000e+00   6.0000000e+00   5.3000000e+01   0.0000000e+00   1.4000000e-01
   2.0170000e+03   8.0000000e+00   8.0000000e+00   6.0000000e+00   5.4000000e+01   0.0000000e+00   4.6000000e-01
   2.0170000e+03   8.0000000e+00   8.0000000e+00   6.0000000e+00   5.5000000e+01   0.0000000e+00   0.0000000e+00
   2.0170000e+03   8.0000000e+00   8.0000000e+00   6.0000000e+00   5.6000000e+01   0.0000000e+00   0.0000000e+00
   2.0170000e+03   8.0000000e+00   8.0000000e+00   6.0000000e+00   5.7000000e+01   0.0000000e+00   0.0000000e+00
   2.0170000e+03   8.0000000e+00   8.0000000e+00   6.0000000e+00   5.8000000e+01   0.0000000e+00   3.7800005e+00
   2.0170000e+03   8.0000000e+00   8.0000000e+00   6.0000000e+00   5.9000000e+01   0.0000000e+00   2.0400002e+01
   2.0170000e+03   8.0000000e+00   8.0000000e+00   7.0000000e+00   0.0000000e+00   0.0000000e+00   3.2380000e+01
   2.0170000e+03   8.0000000e+00   8.0000000e+00   7.0000000e+00   1.0000000e+00   0.0000000e+00   2.2620000e+01
   2.0170000e+03   8.0000000e+00   8.0000000e+00   7.0000000e+00   2.0000000e+00   0.0000000e+00   9.2199996e+00
   2.0170000e+03   8.0000000e+00   8.0000000e+00   7.0000000e+00   3.0000000e+00   0.0000000e+00   6.2800000e+00
   2.0170000e+03   8.0000000e+00   8.0000000e+00   7.0000000e+00   4.0000000e+00   0.0000000e+00   7.6199999e+00
   2.0170000e+03   8.0000000e+00   8.0000000e+00   7.0000000e+00   5.0000000e+00   0.0000000e+00   8.4400002e+00
   2.0170000e+03   8.0000000e+00   8.0000000e+00   7.0000000e+00   6.0000000e+00   0.0000000e+00   5.6200000e+00
   2.0170000e+03   8.0000000e+00   8.0000000e+00   7.0000000e+00   7.0000000e+00   0.0000000e+00   2.5400000e+00
   2.0170000e+03   8.0000000e+00   8.0000000e+00   7.0000000e+00   8.0000000e+00   0.0000000e+00   2.8600000e+00
   2.0170000e+03   8.0000000e+00   8.0000000e+00   7.0000000e+00   9.0000000e+00   0.0000000e+00   2.1200000e+00
   2.0170000e+03   8.0000000e+00   8.0000000e+00   7.0000000e+00   1.0000000e+01   0.0000000e+00   1.3400000e+00
   2.0170000e+03   8.0000000e+00   8.0000000e+00   7.0000000e+00   1.1000000e+01   0.0000000e+00   1.6600000e+00
   2.0170000e+03   8.0000000e+00   8.0000000e+00   7.0000000e+00   1.2000000e+01   0.0000000e+00   1.2000000e+00
   2.0170000e+03   8.0000000e+00   8.0000000e+00   7.0000000e+00   1.3000000e+01   0.0000000e+00   1.2000000e+00
   2.0170000e+03   8.0000000e+00   8.0000000e+00   7.0000000e+00   1.4000000e+01   0.0000000e+00   1.3400000e+00
   2.0170000e+03   8.0000000e+00   8.0000000e+00   7.0000000e+00   1.5000000e+01   0.0000000e+00   1.6600000e+00
   2.0170000e+03   8.0000000e+00   8.0000000e+00   7.0000000e+00   1.6000000e+01   0.0000000e+00   1.2000000e+00
   2.0170000e+03   8.0000000e+00   8.0000000e+00   7.0000000e+00   1.7000000e+01   0.0000000e+00   1.3400000e+00
   2.0170000e+03   8.0000000e+00   8.0000000e+00   7.0000000e+00   1.8000000e+01   0.0000000e+00   1.5200000e+00
   2.0170000e+03   8.0000000e+00   8.0000000e+00   7.0000000e+00   1.9000000e+01   0.0000000e+00   7.3999994e-01
   2.0170000e+03   8.0000000e+00   8.0000000e+00   7.0000000e+00   2.0000000e+01   0.0000000e+00   1.0600000e+00
   2.0170000e+03   8.0000000e+00   8.0000000e+00   7.0000000e+00   2.1000000e+01   0.0000000e+00   4.6000002e-01
   2.0170000e+03   8.0000000e+00   8.0000000e+00   7.0000000e+00   2.2000000e+01   0.0000000e+00   1.3999994e-01
   2.0170000e+03   8.0000000e+00   8.0000000e+00   7.0000000e+00   2.3000000e+01   0.0000000e+00   4.6000000e-01
   2.0170000e+03   8.0000000e+00   8.0000000e+00   7.0000000e+00   2.4000000e+01   0.0000000e+00   1.4000000e-01
   2.0170000e+03   8.0000000e+00   8.0000000e+00   7.0000000e+00   2.5000000e+01   0.0000000e+00   4.6000000e-01
   2.0170000e+03   8.0000000e+00   8.0000000e+00   7.0000000e+00   2.6000000e+01   0.0000000e+00   0.0000000e+00
   2.0170000e+03   8.0000000e+00   8.0000000e+00   7.0000000e+00   2.7000000e+01   0.0000000e+00   1.4000006e-01
   2.0170000e+03   8.0000000e+00   8.0000000e+00   7.0000000e+00   2.8000000e+01   0.0000000e+00   4.6000000e-01
   2.0170000e+03   8.0000000e+00   8.0000000e+00   7.0000000e+00   2.9000000e+01   0.0000000e+00   0.0000000e+00
   2.0170000e+03   8.0000000e+00   8.0000000e+00   7.0000000e+00   3.0000000e+01   0.0000000e+00   0.0000000e+00
   2.0170000e+03   8.0000000e+00   8.0000000e+00   7.0000000e+00   3.1000000e+01   0.0000000e+00   1.4000000e-01
   2.0170000e+03   8.0000000e+00   8.0000000e+00   7.0000000e+00   3.2000000e+01   0.0000000e+00   4.6000002e-01
   2.0170000e+03   8.0000000e+00   8.0000000e+00   7.0000000e+00   3.3000000e+01   0.0000000e+00   0.0000000e+00
   2.0170000e+03   8.0000000e+00   8.0000000e+00   7.0000000e+00   3.4000000e+01   0.0000000e+00   0.0000000e+00
   2.0170000e+03   8.0000000e+00   8.0000000e+00   7.0000000e+00   3.5000000e+01   0.0000000e+00   0.0000000e+00
   2.0170000e+03   8.0000000e+00   8.0000000e+00   7.0000000e+00   3.6000000e+01   0.0000000e+00   0.0000000e+00
   2.0170000e+03   8.0000000e+00   8.0000000e+00   7.0000000e+00   3.7000000e+01   0.0000000e+00   0.0000000e+00
   2.0170000e+03   8.0000000e+00   8.0000000e+00   7.0000000e+00   3.8000000e+01   0.0000000e+00   0.0000000e+00
   2.0170000e+03   8.0000000e+00   8.0000000e+00   7.0000000e+00   3.9000000e+01   0.0000000e+00   0.0000000e+00
   2.0170000e+03   8.0000000e+00   8.0000000e+00   7.0000000e+00   4.0000000e+01   0.0000000e+00   0.0000000e+00
   2.0170000e+03   8.0000000e+00   8.0000000e+00   7.0000000e+00   4.1000000e+01   0.0000000e+00   0.0000000e+00
   2.0170000e+03   8.0000000e+00   8.0000000e+00   7.0000000e+00   4.2000000e+01   0.0000000e+00   0.0000000e+00
   2.0170000e+03   8.0000000e+00   8.0000000e+00   7.0000000e+00   4.3000000e+01   0.0000000e+00   0.0000000e+00
   2.0170000e+03   8.0000000e+00   8.0000000e+00   7.0000000e+00   4.4000000e+01   0.0000000e+00   0.0000000e+00
   2.0170000e+03   8.0000000e+00   8.0000000e+00   7.0000000e+00   4.5000000e+01   0.0000000e+00   0.0000000e+00
   2.0170000e+03   8.0000000e+00   8.0000000e+00   7.0000000e+00   4.6000000e+01   0.0000000e+00   0.0000000e+00
   2.0170000e+03   8.0000000e+00   8.0000000e+00   7.0000000e+00   4.7000000e+01   0.0000000e+00   0.0000000e+00
   2.0170000e+03   8.0000000e+00   8.0000000e+00   7.0000000e+00   4.8000000e+01   0.0000000e+00   1.4000000e-01
   2.0170000e+03   8.0000000e+00   8.0000000e+00   7.0000000e+00   4.9000000e+01   0.0000000e+00   4.6000002e-01
   2.0170000e+03   8.0000000e+00   8.0000000e+00   7.0000000e+00   5.0000000e+01   0.0000000e+00   0.0000000e+00
   2.0170000e+03   8.0000000e+00   8.0000000e+00   7.0000000e+00   5.1000000e+01   0.0000000e+00   0.0000000e+00
   2.0170000e+03   8.0000000e+00   8.0000000e+00   7.0000000e+00   5.2000000e+01   0.0000000e+00   0.0000000e+00
   2.0170000e+03   8.0000000e+00   8.0000000e+00   7.0000000e+00   5.3000000e+01   0.0000000e+00   0.0000000e+00
   2.0170000e+03   8.0000000e+00   8.0000000e+00   7.0000000e+00   5.4000000e+01   0.0000000e+00   0.0000000e+00
   2.0170000e+03   8.0000000e+00   8.0000000e+00   7.0000000e+00   5.5000000e+01   0.0000000e+00   0.0000000e+00
   2.0170000e+03   8.0000000e+00   8.0000000e+00   7.0000000e+00   5.6000000e+01   0.0000000e+00   0.0000000e+00
   2.0170000e+03   8.0000000e+00   8.0000000e+00   7.0000000e+00   5.7000000e+01   0.0000000e+00   0.0000000e+00
   2.0170000e+03   8.0000000e+00   8.0000000e+00   7.0000000e+00   5.8000000e+01   0.0000000e+00   0.0000000e+00
   2.0170000e+03   8.0000000e+00   8.0000000e+00   7.0000000e+00   5.9000000e+01   0.0000000e+00   0.0000000e+00
   2.0170000e+03   8.0000000e+00   8.0000000e+00   8.0000000e+00   0.0000000e+00   0.0000000e+00   1.4000002e-01
   2.0170000e+03   8.0000000e+00   8.0000000e+00   8.0000000e+00   1.0000000e+00   0.0000000e+00   1.7200005e+00
   2.0170000e+03   8.0000000e+00   8.0000000e+00   8.0000000e+00   2.0000000e+00   0.0000000e+00   4.5600000e+00
   2.0170000e+03   8.0000000e+00   8.0000000e+00   8.0000000e+00   3.0000000e+00   0.0000000e+00   2.4999999e+00
   2.0170000e+03   8.0000000e+00   8.0000000e+00   8.0000000e+00   4.0000000e+00   0.0000000e+00   9.9799978e+00
   2.0170000e+03   8.0000000e+00   8.0000000e+00   8.0000000e+00   5.0000000e+00   0.0000000e+00   3.1060000e+01
   2.0170000e+03   8.0000000e+00   8.0000000e+00   8.0000000e+00   6.0000000e+00   0.0000000e+00   4.7200000e+01
   2.0170000e+03   8.0000000e+00   8.0000000e+00   8.0000000e+00   7.0000000e+00   0.0000000e+00   5.7799999e+01
   2.0170000e+03   8.0000000e+00   8.0000000e+00   8.0000000e+00   8.0000000e+00   0.0000000e+00   5.4140000e+01
   2.0170000e+03   8.0000000e+00   8.0000000e+00   8.0000000e+00   9.0000000e+00   0.0000000e+00   2.5600000e+01
   2.0170000e+03   8.0000000e+00   8.0000000e+00   8.0000000e+00   1.0000000e+01   0.0000000e+00   2.0300000e+01
   2.0170000e+03   8.0000000e+00   8.0000000e+00   8.0000000e+00   1.1000000e+01   0.0000000e+00   1.7300000e+01
   2.0170000e+03   8.0000000e+00   8.0000000e+00   8.0000000e+00   1.2000000e+01   0.0000000e+00   1.3880000e+01
   2.0170000e+03   8.0000000e+00   8.0000000e+00   8.0000000e+00   1.3000000e+01   0.0000000e+00   1.1320000e+01
   2.0170000e+03   8.0000000e+00   8.0000000e+00   8.0000000e+00   1.4000000e+01   0.0000000e+00   1.4300000e+01
   2.0170000e+03   8.0000000e+00   8.0000000e+00   8.0000000e+00   1.5000000e+01   0.0000000e+00   1.0880000e+01
   2.0170000e+03   8.0000000e+00   8.0000000e+00   8.0000000e+00   1.6000000e+01   0.0000000e+00   6.6400000e+00
   2.0170000e+03   8.0000000e+00   8.0000000e+00   8.0000000e+00   1.7000000e+01   0.0000000e+00   5.0800000e+00
   2.0170000e+03   8.0000000e+00   8.0000000e+00   8.0000000e+00   1.8000000e+01   0.0000000e+00   5.5800002e+00
   2.0170000e+03   8.0000000e+00   8.0000000e+00   8.0000000e+00   1.9000000e+01   0.0000000e+00   4.4800000e+00
   2.0170000e+03   8.0000000e+00   8.0000000e+00   8.0000000e+00   2.0000000e+01   0.0000000e+00   5.2600000e+00
   2.0170000e+03   8.0000000e+00   8.0000000e+00   8.0000000e+00   2.1000000e+01   0.0000000e+00   4.3800002e+00
   2.0170000e+03   8.0000000e+00   8.0000000e+00   8.0000000e+00   2.2000000e+01   0.0000000e+00   3.0000000e+00
   2.0170000e+03   8.0000000e+00   8.0000000e+00   8.0000000e+00   2.3000000e+01   0.0000000e+00   2.5800000e+00
   2.0170000e+03   8.0000000e+00   8.0000000e+00   8.0000000e+00   2.4000000e+01   0.0000000e+00   1.0600000e+00
   2.0170000e+03   8.0000000e+00   8.0000000e+00   8.0000000e+00   2.5000000e+01   0.0000000e+00   6.0000000e-01
   2.0170000e+03   8.0000000e+00   8.0000000e+00   8.0000000e+00   2.6000000e+01   0.0000000e+00   6.0000000e-01
   2.0170000e+03   8.0000000e+00   8.0000000e+00   8.0000000e+00   2.7000000e+01   0.0000000e+00   4.6000000e-01
   2.0170000e+03   8.0000000e+00   8.0000000e+00   8.0000000e+00   2.8000000e+01   0.0000000e+00   0.0000000e+00
   2.0170000e+03   8.0000000e+00   8.0000000e+00   8.0000000e+00   2.9000000e+01   0.0000000e+00   1.4000006e-01
   2.0170000e+03   8.0000000e+00   8.0000000e+00   8.0000000e+00   3.0000000e+01   0.0000000e+00   4.6000000e-01
   2.0170000e+03   8.0000000e+00   8.0000000e+00   8.0000000e+00   3.1000000e+01   0.0000000e+00   0.0000000e+00
   2.0170000e+03   8.0000000e+00   8.0000000e+00   8.0000000e+00   3.2000000e+01   0.0000000e+00   0.0000000e+00
   2.0170000e+03   8.0000000e+00   8.0000000e+00   8.0000000e+00   3.3000000e+01   0.0000000e+00   1.4000000e-01
   2.0170000e+03   8.0000000e+00   8.0000000e+00   8.0000000e+00   3.4000000e+01   0.0000000e+00   4.6000002e-01
   2.0170000e+03   8.0000000e+00   8.0000000e+00   8.0000000e+00   3.5000000e+01   0.0000000e+00   0.0000000e+00
   2.0170000e+03   8.0000000e+00   8.0000000e+00   8.0000000e+00   3.6000000e+01   0.0000000e+00   0.0000000e+00
   2.0170000e+03   8.0000000e+00   8.0000000e+00   8.0000000e+00   3.7000000e+01   0.0000000e+00   1.4000000e-01
   2.0170000e+03   8.0000000e+00   8.0000000e+00   8.0000000e+00   3.8000000e+01   0.0000000e+00   4.6000000e-01
   2.0170000e+03   8.0000000e+00   8.0000000e+00   8.0000000e+00   3.9000000e+01   0.0000000e+00   1.4000000e-01
   2.0170000e+03   8.0000000e+00   8.0000000e+00   8.0000000e+00   4.0000000e+01   0.0000000e+00   4.6000000e-01
   2.0170000e+03   8.0000000e+00   8.0000000e+00   8.0000000e+00   4.1000000e+01   0.0000000e+00   9.8000000e-01
   2.0170000e+03   8.0000000e+00   8.0000000e+00   8.0000000e+00   4.2000000e+01   0.0000000e+00   3.7799999e+00
   2.0170000e+03   8.0000000e+00   8.0000000e+00   8.0000000e+00   4.3000000e+01   0.0000000e+00   2.4000000e+00
   2.0170000e+03   8.0000000e+00   8.0000000e+00   8.0000000e+00   4.4000000e+01   0.0000000e+00   2.4000000e+00
   2.0170000e+03   8.0000000e+00   8.0000000e+00   8.0000000e+00   4.5000000e+01   0.0000000e+00   2.2600000e+00
   2.0170000e+03   8.0000000e+00   8.0000000e+00   8.0000000e+00   4.6000000e+01   0.0000000e+00   2.0800001e+00
   2.0170000e+03   8.0000000e+00   8.0000000e+00   8.0000000e+00   4.7000000e+01   0.0000000e+00   4.6800000e+00
   2.0170000e+03   8.0000000e+00   8.0000000e+00   8.0000000e+00   4.8000000e+01   0.0000000e+00   9.3600001e+00
   2.0170000e+03   8.0000000e+00   8.0000000e+00   8.0000000e+00   4.9000000e+01   0.0000000e+00   5.9000003e+00
   2.0170000e+03   8.0000000e+00   8.0000000e+00   8.0000000e+00   5.0000000e+01   0.0000000e+00   3.4600000e+00
   2.0170000e+03   8.0000000e+00   8.0000000e+00   8.0000000e+00   5.1000000e+01   0.0000000e+00   3.2800000e+00
   2.0170000e+03   8.0000000e+00   8.0000000e+00   8.0000000e+00   5.2000000e+01   0.0000000e+00   4.2000000e+00
   2.0170000e+03   8.0000000e+00   8.0000000e+00   8.0000000e+00   5.3000000e+01   0.0000000e+00   3.9200000e+00
   2.0170000e+03   8.0000000e+00   8.0000000e+00   8.0000000e+00   5.4000000e+01   0.0000000e+00   3.1400000e+00
   2.0170000e+03   8.0000000e+00   8.0000000e+00   8.0000000e+00   5.5000000e+01   0.0000000e+00   3.7400000e+00
   2.0170000e+03   8.0000000e+00   8.0000000e+00   8.0000000e+00   5.6000000e+01   0.0000000e+00   4.2000000e+00
   2.0170000e+03   8.0000000e+00   8.0000000e+00   8.0000000e+00   5.7000000e+01   0.0000000e+00   3.7799998e+00
   2.0170000e+03   8.0000000e+00   8.0000000e+00   8.0000000e+00   5.8000000e+01   0.0000000e+00   2.1200000e+00
   2.0170000e+03   8.0000000e+00   8.0000000e+00   8.0000000e+00   5.9000000e+01   0.0000000e+00   1.2000000e+00
   2.0170000e+03   8.0000000e+00   8.0000000e+00   9.0000000e+00   0.0000000e+00   0.0000000e+00   1.2000000e+00
   2.0170000e+03   8.0000000e+00   8.0000000e+00   9.0000000e+00   1.0000000e+00   0.0000000e+00   1.0600000e+00
   2.0170000e+03   8.0000000e+00   8.0000000e+00   9.0000000e+00   2.0000000e+00   0.0000000e+00   6.0000000e-01
   2.0170000e+03   8.0000000e+00   8.0000000e+00   9.0000000e+00   3.0000000e+00   0.0000000e+00   4.6000006e-01
   2.0170000e+03   8.0000000e+00   8.0000000e+00   9.0000000e+00   4.0000000e+00   0.0000000e+00   1.4000000e-01
   2.0170000e+03   8.0000000e+00   8.0000000e+00   9.0000000e+00   5.0000000e+00   0.0000000e+00   4.6000002e-01
   2.0170000e+03   8.0000000e+00   8.0000000e+00   9.0000000e+00   6.0000000e+00   0.0000000e+00   0.0000000e+00
   2.0170000e+03   8.0000000e+00   8.0000000e+00   9.0000000e+00   7.0000000e+00   0.0000000e+00   0.0000000e+00
   2.0170000e+03   8.0000000e+00   8.0000000e+00   9.0000000e+00   8.0000000e+00   0.0000000e+00   1.4000000e-01
   2.0170000e+03   8.0000000e+00   8.0000000e+00   9.0000000e+00   9.0000000e+00   0.0000000e+00   4.6000000e-01
   2.0170000e+03   8.0000000e+00   8.0000000e+00   9.0000000e+00   1.0000000e+01   0.0000000e+00   0.0000000e+00
   2.0170000e+03   8.0000000e+00   8.0000000e+00   9.0000000e+00   1.1000000e+01   0.0000000e+00   0.0000000e+00
   2.0170000e+03   8.0000000e+00   8.0000000e+00   9.0000000e+00   1.2000000e+01   0.0000000e+00   0.0000000e+00
   2.0170000e+03   8.0000000e+00   8.0000000e+00   9.0000000e+00   1.3000000e+01   0.0000000e+00   0.0000000e+00
   2.0170000e+03   8.0000000e+00   8.0000000e+00   9.0000000e+00   1.4000000e+01   0.0000000e+00   0.0000000e+00
   2.0170000e+03   8.0000000e+00   8.0000000e+00   9.0000000e+00   1.5000000e+01   0.0000000e+00   0.0000000e+00
   2.0170000e+03   8.0000000e+00   8.0000000e+00   9.0000000e+00   1.6000000e+01   0.0000000e+00   0.0000000e+00
   2.0170000e+03   8.0000000e+00   8.0000000e+00   9.0000000e+00   1.7000000e+01   0.0000000e+00   0.0000000e+00
   2.0170000e+03   8.0000000e+00   8.0000000e+00   9.0000000e+00   1.8000000e+01   0.0000000e+00   1.4000000e-01
   2.0170000e+03   8.0000000e+00   8.0000000e+00   9.0000000e+00   1.9000000e+01   0.0000000e+00   4.6000002e-01
   2.0170000e+03   8.0000000e+00   8.0000000e+00   9.0000000e+00   2.0000000e+01   0.0000000e+00   0.0000000e+00
   2.0170000e+03   8.0000000e+00   8.0000000e+00   9.0000000e+00   2.1000000e+01   0.0000000e+00   0.0000000e+00
   2.0170000e+03   8.0000000e+00   8.0000000e+00   9.0000000e+00   2.2000000e+01   0.0000000e+00   0.0000000e+00
   2.0170000e+03   8.0000000e+00   8.0000000e+00   9.0000000e+00   2.3000000e+01   0.0000000e+00   0.0000000e+00
   2.0170000e+03   8.0000000e+00   8.0000000e+00   9.0000000e+00   2.4000000e+01   0.0000000e+00   0.0000000e+00
   2.0170000e+03   8.0000000e+00   8.0000000e+00   9.0000000e+00   2.5000000e+01   0.0000000e+00   0.0000000e+00
   2.0170000e+03   8.0000000e+00   8.0000000e+00   9.0000000e+00   2.6000000e+01   0.0000000e+00   0.0000000e+00
   2.0170000e+03   8.0000000e+00   8.0000000e+00   9.0000000e+00   2.7000000e+01   0.0000000e+00   0.0000000e+00
   2.0170000e+03   8.0000000e+00   8.0000000e+00   9.0000000e+00   2.8000000e+01   0.0000000e+00   0.0000000e+00
   2.0170000e+03   8.0000000e+00   8.0000000e+00   9.0000000e+00   2.9000000e+01   0.0000000e+00   0.0000000e+00
   2.0170000e+03   8.0000000e+00   8.0000000e+00   9.0000000e+00   3.0000000e+01   0.0000000e+00   0.0000000e+00
   2.0170000e+03   8.0000000e+00   8.0000000e+00   9.0000000e+00   3.1000000e+01   0.0000000e+00   0.0000000e+00
   2.0170000e+03   8.0000000e+00   8.0000000e+00   9.0000000e+00   3.2000000e+01   0.0000000e+00   0.0000000e+00
   2.0170000e+03   8.0000000e+00   8.0000000e+00   9.0000000e+00   3.3000000e+01   0.0000000e+00   1.3999998e-01
   2.0170000e+03   8.0000000e+00   8.0000000e+00   9.0000000e+00   3.4000000e+01   0.0000000e+00   2.8399991e+00
   2.0170000e+03   8.0000000e+00   8.0000000e+00   9.0000000e+00   3.5000000e+01   0.0000000e+00   1.2440000e+01
   2.0170000e+03   8.0000000e+00   8.0000000e+00   9.0000000e+00   3.6000000e+01   0.0000000e+00   2.2320000e+01
   2.0170000e+03   8.0000000e+00   8.0000000e+00   9.0000000e+00   3.7000000e+01   0.0000000e+00   2.7940001e+01
   2.0170000e+03   8.0000000e+00   8.0000000e+00   9.0000000e+00   3.8000000e+01   0.0000000e+00   1.7240000e+01
   2.0170000e+03   8.0000000e+00   8.0000000e+00   9.0000000e+00   3.9000000e+01   0.0000000e+00   1.0660000e+01
   2.0170000e+03   8.0000000e+00   8.0000000e+00   9.0000000e+00   4.0000000e+01   0.0000000e+00   8.6600000e+00
   2.0170000e+03   8.0000000e+00   8.0000000e+00   9.0000000e+00   4.1000000e+01   0.0000000e+00   3.3200000e+00
   2.0170000e+03   8.0000000e+00   8.0000000e+00   9.0000000e+00   4.2000000e+01   0.0000000e+00   2.2599999e+00
   2.0170000e+03   8.0000000e+00   8.0000000e+00   9.0000000e+00   4.3000000e+01   0.0000000e+00   1.6600000e+00
   2.0170000e+03   8.0000000e+00   8.0000000e+00   9.0000000e+00   4.4000000e+01   0.0000000e+00   1.3400000e+00
   2.0170000e+03   8.0000000e+00   8.0000000e+00   9.0000000e+00   4.5000000e+01   0.0000000e+00   1.8000000e+00
   2.0170000e+03   8.0000000e+00   8.0000000e+00   9.0000000e+00   4.6000000e+01   0.0000000e+00   1.6600000e+00
   2.0170000e+03   8.0000000e+00   8.0000000e+00   9.0000000e+00   4.7000000e+01   0.0000000e+00   1.3400000e+00
   2.0170000e+03   8.0000000e+00   8.0000000e+00   9.0000000e+00   4.8000000e+01   0.0000000e+00   1.5200001e+00
   2.0170000e+03   8.0000000e+00   8.0000000e+00   9.0000000e+00   4.9000000e+01   0.0000000e+00   6.0000000e-01
   2.0170000e+03   8.0000000e+00   8.0000000e+00   9.0000000e+00   5.0000000e+01   0.0000000e+00   6.0000000e-01
   2.0170000e+03   8.0000000e+00   8.0000000e+00   9.0000000e+00   5.1000000e+01   0.0000000e+00   4.6000006e-01
   2.0170000e+03   8.0000000e+00   8.0000000e+00   9.0000000e+00   5.2000000e+01   0.0000000e+00   1.4000000e-01
   2.0170000e+03   8.0000000e+00   8.0000000e+00   9.0000000e+00   5.3000000e+01   0.0000000e+00   4.6000000e-01
   2.0170000e+03   8.0000000e+00   8.0000000e+00   9.0000000e+00   5.4000000e+01   0.0000000e+00   1.4000000e-01
   2.0170000e+03   8.0000000e+00   8.0000000e+00   9.0000000e+00   5.5000000e+01   0.0000000e+00   4.6000000e-01
   2.0170000e+03   8.0000000e+00   8.0000000e+00   9.0000000e+00   5.6000000e+01   0.0000000e+00   0.0000000e+00
   2.0170000e+03   8.0000000e+00   8.0000000e+00   9.0000000e+00   5.7000000e+01   0.0000000e+00   0.0000000e+00
   2.0170000e+03   8.0000000e+00   8.0000000e+00   9.0000000e+00   5.8000000e+01   0.0000000e+00   0.0000000e+00
   2.0170000e+03   8.0000000e+00   8.0000000e+00   9.0000000e+00   5.9000000e+01   0.0000000e+00   0.0000000e+00
   2.0170000e+03   8.0000000e+00   8.0000000e+00   1.0000000e+01   0.0000000e+00   0.0000000e+00   0.0000000e+00
   2.0170000e+03   8.0000000e+00   8.0000000e+00   1.0000000e+01   1.0000000e+00   0.0000000e+00   1.4000002e-01
   2.0170000e+03   8.0000000e+00   8.0000000e+00   1.0000000e+01   2.0000000e+00   0.0000000e+00   4.5999994e-01
   2.0170000e+03   8.0000000e+00   8.0000000e+00   1.0000000e+01   3.0000000e+00   0.0000000e+00   0.0000000e+00
   2.0170000e+03   8.0000000e+00   8.0000000e+00   1.0000000e+01   4.0000000e+00   0.0000000e+00   0.0000000e+00
   2.0170000e+03   8.0000000e+00   8.0000000e+00   1.0000000e+01   5.0000000e+00   0.0000000e+00   0.0000000e+00
   2.0170000e+03   8.0000000e+00   8.0000000e+00   1.0000000e+01   6.0000000e+00   0.0000000e+00   0.0000000e+00
   2.0170000e+03   8.0000000e+00   8.0000000e+00   1.0000000e+01   7.0000000e+00   0.0000000e+00   0.0000000e+00
   2.0170000e+03   8.0000000e+00   8.0000000e+00   1.0000000e+01   8.0000000e+00   0.0000000e+00   0.0000000e+00
   2.0170000e+03   8.0000000e+00   8.0000000e+00   1.0000000e+01   9.0000000e+00   0.0000000e+00   0.0000000e+00
   2.0170000e+03   8.0000000e+00   8.0000000e+00   1.0000000e+01   1.0000000e+01   0.0000000e+00   1.4000000e-01
   2.0170000e+03   8.0000000e+00   8.0000000e+00   1.0000000e+01   1.1000000e+01   0.0000000e+00   4.6000000e-01
   2.0170000e+03   8.0000000e+00   8.0000000e+00   1.0000000e+01   1.2000000e+01   0.0000000e+00   0.0000000e+00
   2.0170000e+03   8.0000000e+00   8.0000000e+00   1.0000000e+01   1.3000000e+01   0.0000000e+00   0.0000000e+00
   2.0170000e+03   8.0000000e+00   8.0000000e+00   1.0000000e+01   1.4000000e+01   0.0000000e+00   1.4000000e-01
   2.0170000e+03   8.0000000e+00   8.0000000e+00   1.0000000e+01   1.5000000e+01   0.0000000e+00   7.4000002e-01
   2.0170000e+03   8.0000000e+00   8.0000000e+00   1.0000000e+01   1.6000000e+01   0.0000000e+00   1.4800001e+00
   2.0170000e+03   8.0000000e+00   8.0000000e+00   1.0000000e+01   1.7000000e+01   0.0000000e+00   2.9600000e+00
   2.0170000e+03   8.0000000e+00   8.0000000e+00   1.0000000e+01   1.8000000e+01   0.0000000e+00   4.8000000e+00
   2.0170000e+03   8.0000000e+00   8.0000000e+00   1.0000000e+01   1.9000000e+01   0.0000000e+00   5.4999997e+00
   2.0170000e+03   8.0000000e+00   8.0000000e+00   1.0000000e+01   2.0000000e+01   0.0000000e+00   7.8000000e+00
   2.0170000e+03   8.0000000e+00   8.0000000e+00   1.0000000e+01   2.1000000e+01   0.0000000e+00   7.9400000e+00
   2.0170000e+03   8.0000000e+00   8.0000000e+00   1.0000000e+01   2.2000000e+01   0.0000000e+00   8.4000000e+00
   2.0170000e+03   8.0000000e+00   8.0000000e+00   1.0000000e+01   2.3000000e+01   0.0000000e+00   8.4000000e+00
   2.0170000e+03   8.0000000e+00   8.0000000e+00   1.0000000e+01   2.4000000e+01   0.0000000e+00   9.6600000e+00
   2.0170000e+03   8.0000000e+00   8.0000000e+00   1.0000000e+01   2.5000000e+01   0.0000000e+00   1.3660000e+01
   2.0170000e+03   8.0000000e+00   8.0000000e+00   1.0000000e+01   2.6000000e+01   0.0000000e+00   1.2780000e+01
   2.0170000e+03   8.0000000e+00   8.0000000e+00   1.0000000e+01   2.7000000e+01   0.0000000e+00   1.1680000e+01
   2.0170000e+03   8.0000000e+00   8.0000000e+00   1.0000000e+01   2.8000000e+01   0.0000000e+00   1.3020000e+01
   2.0170000e+03   8.0000000e+00   8.0000000e+00   1.0000000e+01   2.9000000e+01   0.0000000e+00   1.4820000e+01
   2.0170000e+03   8.0000000e+00   8.0000000e+00   1.0000000e+01   3.0000000e+01   0.0000000e+00   1.4659999e+01
   2.0170000e+03   8.0000000e+00   8.0000000e+00   1.0000000e+01   3.1000000e+01   0.0000000e+00   9.3200000e+00
   2.0170000e+03   8.0000000e+00   8.0000000e+00   1.0000000e+01   3.2000000e+01   0.0000000e+00   8.2600000e+00
   2.0170000e+03   8.0000000e+00   8.0000000e+00   1.0000000e+01   3.3000000e+01   0.0000000e+00   8.7799996e+00
   2.0170000e+03   8.0000000e+00   8.0000000e+00   1.0000000e+01   3.4000000e+01   0.0000000e+00   1.0180000e+01
   2.0170000e+03   8.0000000e+00   8.0000000e+00   1.0000000e+01   3.5000000e+01   0.0000000e+00   3.9200000e+00
   2.0170000e+03   8.0000000e+00   8.0000000e+00   1.0000000e+01   3.6000000e+01   0.0000000e+00   3.6999997e+00
   2.0170000e+03   8.0000000e+00   8.0000000e+00   1.0000000e+01   3.7000000e+01   0.0000000e+00   6.2800000e+00
   2.0170000e+03   8.0000000e+00   8.0000000e+00   1.0000000e+01   3.8000000e+01   0.0000000e+00   7.4800000e+00
   2.0170000e+03   8.0000000e+00   8.0000000e+00   1.0000000e+01   3.9000000e+01   0.0000000e+00   8.5400000e+00
   2.0170000e+03   8.0000000e+00   8.0000000e+00   1.0000000e+01   4.0000000e+01   0.0000000e+00   8.3000000e+00
   2.0170000e+03   8.0000000e+00   8.0000000e+00   1.0000000e+01   4.1000000e+01   0.0000000e+00   6.0000000e+00
   2.0170000e+03   8.0000000e+00   8.0000000e+00   1.0000000e+01   4.2000000e+01   0.0000000e+00   6.5600000e+00
   2.0170000e+03   8.0000000e+00   8.0000000e+00   1.0000000e+01   4.3000000e+01   0.0000000e+00   8.2600000e+00
   2.0170000e+03   8.0000000e+00   8.0000000e+00   1.0000000e+01   4.4000000e+01   0.0000000e+00   7.9400001e+00
   2.0170000e+03   8.0000000e+00   8.0000000e+00   1.0000000e+01   4.5000000e+01   0.0000000e+00   8.1200000e+00
   2.0170000e+03   8.0000000e+00   8.0000000e+00   1.0000000e+01   4.6000000e+01   0.0000000e+00   7.2000000e+00
   2.0170000e+03   8.0000000e+00   8.0000000e+00   1.0000000e+01   4.7000000e+01   0.0000000e+00   6.4999997e+00
   2.0170000e+03   8.0000000e+00   8.0000000e+00   1.0000000e+01   4.8000000e+01   0.0000000e+00   4.2000000e+00
   2.0170000e+03   8.0000000e+00   8.0000000e+00   1.0000000e+01   4.9000000e+01   0.0000000e+00   4.4800000e+00
   2.0170000e+03   8.0000000e+00   8.0000000e+00   1.0000000e+01   5.0000000e+01   0.0000000e+00   5.1200001e+00
   2.0170000e+03   8.0000000e+00   8.0000000e+00   1.0000000e+01   5.1000000e+01   0.0000000e+00   4.0600000e+00
   2.0170000e+03   8.0000000e+00   8.0000000e+00   1.0000000e+01   5.2000000e+01   0.0000000e+00   3.6000000e+00
   2.0170000e+03   8.0000000e+00   8.0000000e+00   1.0000000e+01   5.3000000e+01   0.0000000e+00   3.4600000e+00
   2.0170000e+03   8.0000000e+00   8.0000000e+00   1.0000000e+01   5.4000000e+01   0.0000000e+00   2.7200000e+00
   2.0170000e+03   8.0000000e+00   8.0000000e+00   1.0000000e+01   5.5000000e+01   0.0000000e+00   1.9400000e+00
   2.0170000e+03   8.0000000e+00   8.0000000e+00   1.0000000e+01   5.6000000e+01   0.0000000e+00   2.4000000e+00
   2.0170000e+03   8.0000000e+00   8.0000000e+00   1.0000000e+01   5.7000000e+01   0.0000000e+00   2.1200000e+00
   2.0170000e+03   8.0000000e+00   8.0000000e+00   1.0000000e+01   5.8000000e+01   0.0000000e+00   1.4800001e+00
   2.0170000e+03   8.0000000e+00   8.0000000e+00   1.0000000e+01   5.9000000e+01   0.0000000e+00   2.4000000e+00
   2.0170000e+03   8.0000000e+00   8.0000000e+00   1.1000000e+01   0.0000000e+00   0.0000000e+00   2.2600000e+00
   2.0170000e+03   8.0000000e+00   8.0000000e+00   1.1000000e+01   1.0000000e+00   0.0000000e+00   2.0800001e+00
   2.0170000e+03   8.0000000e+00   8.0000000e+00   1.1000000e+01   2.0000000e+00   0.0000000e+00   3.5600000e+00
   2.0170000e+03   8.0000000e+00   8.0000000e+00   1.1000000e+01   3.0000000e+00   0.0000000e+00   4.8400001e+00
   2.0170000e+03   8.0000000e+00   8.0000000e+00   1.1000000e+01   4.0000000e+00   0.0000000e+00   2.8600001e+00
   2.0170000e+03   8.0000000e+00   8.0000000e+00   1.1000000e+01   5.0000000e+00   0.0000000e+00   2.6800000e+00
   2.0170000e+03   8.0000000e+00   8.0000000e+00   1.1000000e+01   6.0000000e+00   0.0000000e+00   3.4600000e+00
   2.0170000e+03   8.0000000e+00   8.0000000e+00   1.1000000e+01   7.0000000e+00   0.0000000e+00   3.2799999e+00
   2.0170000e+03   8.0000000e+00   8.0000000e+00   1.1000000e+01   8.0000000e+00   0.0000000e+00   4.0600000e+00
   2.0170000e+03   8.0000000e+00   8.0000000e+00   1.1000000e+01   9.0000000e+00   0.0000000e+00   3.6000000e+00
   2.0170000e+03   8.0000000e+00   8.0000000e+00   1.1000000e+01   1.0000000e+01   0.0000000e+00   3.6000000e+00
   2.0170000e+03   8.0000000e+00   8.0000000e+00   1.1000000e+01   1.1000000e+01   0.0000000e+00   3.7400000e+00
   2.0170000e+03   8.0000000e+00   8.0000000e+00   1.1000000e+01   1.2000000e+01   0.0000000e+00   4.3400001e+00
   2.0170000e+03   8.0000000e+00   8.0000000e+00   1.1000000e+01   1.3000000e+01   0.0000000e+00   4.8000000e+00
   2.0170000e+03   8.0000000e+00   8.0000000e+00   1.1000000e+01   1.4000000e+01   0.0000000e+00   4.2399999e+00
   2.0170000e+03   8.0000000e+00   8.0000000e+00   1.1000000e+01   1.5000000e+01   0.0000000e+00   3.2400004e+00
   2.0170000e+03   8.0000000e+00   8.0000000e+00   1.1000000e+01   1.6000000e+01   0.0000000e+00   5.7200000e+00
   2.0170000e+03   8.0000000e+00   8.0000000e+00   1.1000000e+01   1.7000000e+01   0.0000000e+00   4.5200000e+00
   2.0170000e+03   8.0000000e+00   8.0000000e+00   1.1000000e+01   1.8000000e+01   0.0000000e+00   3.4600001e+00
   2.0170000e+03   8.0000000e+00   8.0000000e+00   1.1000000e+01   1.9000000e+01   0.0000000e+00   2.7200000e+00
   2.0170000e+03   8.0000000e+00   8.0000000e+00   1.1000000e+01   2.0000000e+01   0.0000000e+00   2.0800000e+00
   2.0170000e+03   8.0000000e+00   8.0000000e+00   1.1000000e+01   2.1000000e+01   0.0000000e+00   2.5800002e+00
   2.0170000e+03   8.0000000e+00   8.0000000e+00   1.1000000e+01   2.2000000e+01   0.0000000e+00   1.0600000e+00
   2.0170000e+03   8.0000000e+00   8.0000000e+00   1.1000000e+01   2.3000000e+01   0.0000000e+00   6.0000000e-01
   2.0170000e+03   8.0000000e+00   8.0000000e+00   1.1000000e+01   2.4000000e+01   0.0000000e+00   6.0000000e-01
   2.0170000e+03   8.0000000e+00   8.0000000e+00   1.1000000e+01   2.5000000e+01   0.0000000e+00   6.0000000e-01
   2.0170000e+03   8.0000000e+00   8.0000000e+00   1.1000000e+01   2.6000000e+01   0.0000000e+00   6.0000000e-01
   2.0170000e+03   8.0000000e+00   8.0000000e+00   1.1000000e+01   2.7000000e+01   0.0000000e+00   4.6000000e-01
   2.0170000e+03   8.0000000e+00   8.0000000e+00   1.1000000e+01   2.8000000e+01   0.0000000e+00   2.8000004e-01
   2.0170000e+03   8.0000000e+00   8.0000000e+00   1.1000000e+01   2.9000000e+01   0.0000000e+00   9.1999988e-01
   2.0170000e+03   8.0000000e+00   8.0000000e+00   1.1000000e+01   3.0000000e+01   0.0000000e+00   1.4000000e-01
   2.0170000e+03   8.0000000e+00   8.0000000e+00   1.1000000e+01   3.1000000e+01   0.0000000e+00   7.4000002e-01
   2.0170000e+03   8.0000000e+00   8.0000000e+00   1.1000000e+01   3.2000000e+01   0.0000000e+00   1.3400001e+00
   2.0170000e+03   8.0000000e+00   8.0000000e+00   1.1000000e+01   3.3000000e+01   0.0000000e+00   2.3600000e+00
   2.0170000e+03   8.0000000e+00   8.0000000e+00   1.1000000e+01   3.4000000e+01   0.0000000e+00   4.0600000e+00
   2.0170000e+03   8.0000000e+00   8.0000000e+00   1.1000000e+01   3.5000000e+01   0.0000000e+00   3.6000000e+00
   2.0170000e+03   8.0000000e+00   8.0000000e+00   1.1000000e+01   3.6000000e+01   0.0000000e+00   3.4600000e+00
   2.0170000e+03   8.0000000e+00   8.0000000e+00   1.1000000e+01   3.7000000e+01   0.0000000e+00   2.8600000e+00
   2.0170000e+03   8.0000000e+00   8.0000000e+00   1.1000000e+01   3.8000000e+01   0.0000000e+00   2.2600000e+00
   2.0170000e+03   8.0000000e+00   8.0000000e+00   1.1000000e+01   3.9000000e+01   0.0000000e+00   1.6600000e+00
   2.0170000e+03   8.0000000e+00   8.0000000e+00   1.1000000e+01   4.0000000e+01   0.0000000e+00   1.0600000e+00
   2.0170000e+03   8.0000000e+00   8.0000000e+00   1.1000000e+01   4.1000000e+01   0.0000000e+00   6.0000000e-01
   2.0170000e+03   8.0000000e+00   8.0000000e+00   1.1000000e+01   4.2000000e+01   0.0000000e+00   7.4000002e-01
   2.0170000e+03   8.0000000e+00   8.0000000e+00   1.1000000e+01   4.3000000e+01   0.0000000e+00   1.0599999e+00
   2.0170000e+03   8.0000000e+00   8.0000000e+00   1.1000000e+01   4.4000000e+01   0.0000000e+00   7.4000000e-01
   2.0170000e+03   8.0000000e+00   8.0000000e+00   1.1000000e+01   4.5000000e+01   0.0000000e+00   1.2000000e+00
   2.0170000e+03   8.0000000e+00   8.0000000e+00   1.1000000e+01   4.6000000e+01   0.0000000e+00   1.2000000e+00
   2.0170000e+03   8.0000000e+00   8.0000000e+00   1.1000000e+01   4.7000000e+01   0.0000000e+00   1.3400000e+00
   2.0170000e+03   8.0000000e+00   8.0000000e+00   1.1000000e+01   4.8000000e+01   0.0000000e+00   1.9400000e+00
   2.0170000e+03   8.0000000e+00   8.0000000e+00   1.1000000e+01   4.9000000e+01   0.0000000e+00   2.5399999e+00
   2.0170000e+03   8.0000000e+00   8.0000000e+00   1.1000000e+01   5.0000000e+01   0.0000000e+00   3.1400000e+00
   2.0170000e+03   8.0000000e+00   8.0000000e+00   1.1000000e+01   5.1000000e+01   0.0000000e+00   3.7400000e+00
   2.0170000e+03   8.0000000e+00   8.0000000e+00   1.1000000e+01   5.2000000e+01   0.0000000e+00   4.2000000e+00
   2.0170000e+03   8.0000000e+00   8.0000000e+00   1.1000000e+01   5.3000000e+01   0.0000000e+00   4.2000000e+00
   2.0170000e+03   8.0000000e+00   8.0000000e+00   1.1000000e+01   5.4000000e+01   0.0000000e+00   4.3400000e+00
   2.0170000e+03   8.0000000e+00   8.0000000e+00   1.1000000e+01   5.5000000e+01   0.0000000e+00   4.6600000e+00
   2.0170000e+03   8.0000000e+00   8.0000000e+00   1.1000000e+01   5.6000000e+01   0.0000000e+00   4.0600000e+00
   2.0170000e+03   8.0000000e+00   8.0000000e+00   1.1000000e+01   5.7000000e+01   0.0000000e+00   3.6000000e+00
   2.0170000e+03   8.0000000e+00   8.0000000e+00   1.1000000e+01   5.8000000e+01   0.0000000e+00   3.4600000e+00
   2.0170000e+03   8.0000000e+00   8.0000000e+00   1.1000000e+01   5.9000000e+01   0.0000000e+00   2.8600000e+00
   2.0170000e+03   8.0000000e+00   8.0000000e+00   1.2000000e+01   0.0000000e+00   0.0000000e+00   2.2599999e+00
   2.0170000e+03   8.0000000e+00   8.0000000e+00   1.2000000e+01   1.0000000e+00   0.0000000e+00   1.6600000e+00
   2.0170000e+03   8.0000000e+00   8.0000000e+00   1.2000000e+01   2.0000000e+00   0.0000000e+00   1.2000000e+00
   2.0170000e+03   8.0000000e+00   8.0000000e+00   1.2000000e+01   3.0000000e+00   0.0000000e+00   1.2000000e+00
   2.0170000e+03   8.0000000e+00   8.0000000e+00   1.2000000e+01   4.0000000e+00   0.0000000e+00   1.0600000e+00
   2.0170000e+03   8.0000000e+00   8.0000000e+00   1.2000000e+01   5.0000000e+00   0.0000000e+00   4.6000002e-01
   2.0170000e+03   8.0000000e+00   8.0000000e+00   1.2000000e+01   6.0000000e+00   0.0000000e+00   1.3999994e-01
   2.0170000e+03   8.0000000e+00   8.0000000e+00   1.2000000e+01   7.0000000e+00   0.0000000e+00   6.0000000e-01
   2.0170000e+03   8.0000000e+00   8.0000000e+00   1.2000000e+01   8.0000000e+00   0.0000000e+00   4.6000000e-01
   2.0170000e+03   8.0000000e+00   8.0000000e+00   1.2000000e+01   9.0000000e+00   0.0000000e+00   0.0000000e+00
   2.0170000e+03   8.0000000e+00   8.0000000e+00   1.2000000e+01   1.0000000e+01   0.0000000e+00   1.4000000e-01
   2.0170000e+03   8.0000000e+00   8.0000000e+00   1.2000000e+01   1.1000000e+01   0.0000000e+00   4.6000000e-01
   2.0170000e+03   8.0000000e+00   8.0000000e+00   1.2000000e+01   1.2000000e+01   0.0000000e+00   0.0000000e+00
   2.0170000e+03   8.0000000e+00   8.0000000e+00   1.2000000e+01   1.3000000e+01   0.0000000e+00   0.0000000e+00
   2.0170000e+03   8.0000000e+00   8.0000000e+00   1.2000000e+01   1.4000000e+01   0.0000000e+00   1.4000006e-01
   2.0170000e+03   8.0000000e+00   8.0000000e+00   1.2000000e+01   1.5000000e+01   0.0000000e+00   8.8000000e-01
   2.0170000e+03   8.0000000e+00   8.0000000e+00   1.2000000e+01   1.6000000e+01   0.0000000e+00   1.9400000e+00
   2.0170000e+03   8.0000000e+00   8.0000000e+00   1.2000000e+01   1.7000000e+01   0.0000000e+00   2.6800001e+00
   2.0170000e+03   8.0000000e+00   8.0000000e+00   1.2000000e+01   1.8000000e+01   0.0000000e+00   3.7400000e+00
   2.0170000e+03   8.0000000e+00   8.0000000e+00   1.2000000e+01   1.9000000e+01   0.0000000e+00   4.0600000e+00
   2.0170000e+03   8.0000000e+00   8.0000000e+00   1.2000000e+01   2.0000000e+01   0.0000000e+00   3.6000000e+00
   2.0170000e+03   8.0000000e+00   8.0000000e+00   1.2000000e+01   2.1000000e+01   0.0000000e+00   3.6000000e+00
   2.0170000e+03   8.0000000e+00   8.0000000e+00   1.2000000e+01   2.2000000e+01   0.0000000e+00   3.6000000e+00
   2.0170000e+03   8.0000000e+00   8.0000000e+00   1.2000000e+01   2.3000000e+01   0.0000000e+00   3.3200000e+00
   2.0170000e+03   8.0000000e+00   8.0000000e+00   1.2000000e+01   2.4000000e+01   0.0000000e+00   2.5400000e+00
   2.0170000e+03   8.0000000e+00   8.0000000e+00   1.2000000e+01   2.5000000e+01   0.0000000e+00   3.1400000e+00
   2.0170000e+03   8.0000000e+00   8.0000000e+00   1.2000000e+01   2.6000000e+01   0.0000000e+00   4.1600000e+00
   2.0170000e+03   8.0000000e+00   8.0000000e+00   1.2000000e+01   2.7000000e+01   0.0000000e+00   6.5600001e+00
   2.0170000e+03   8.0000000e+00   8.0000000e+00   1.2000000e+01   2.8000000e+01   0.0000000e+00   7.8399998e+00
   2.0170000e+03   8.0000000e+00   8.0000000e+00   1.2000000e+01   2.9000000e+01   0.0000000e+00   6.2800000e+00
   2.0170000e+03   8.0000000e+00   8.0000000e+00   1.2000000e+01   3.0000000e+01   0.0000000e+00   7.2000000e+00
   2.0170000e+03   8.0000000e+00   8.0000000e+00   1.2000000e+01   3.1000000e+01   0.0000000e+00   6.4999997e+00
   2.0170000e+03   8.0000000e+00   8.0000000e+00   1.2000000e+01   3.2000000e+01   0.0000000e+00   3.7800000e+00
   2.0170000e+03   8.0000000e+00   8.0000000e+00   1.2000000e+01   3.3000000e+01   0.0000000e+00   2.1200000e+00
   2.0170000e+03   8.0000000e+00   8.0000000e+00   1.2000000e+01   3.4000000e+01   0.0000000e+00   1.0600001e+00
   2.0170000e+03   8.0000000e+00   8.0000000e+00   1.2000000e+01   3.5000000e+01   0.0000000e+00   6.0000000e-01
   2.0170000e+03   8.0000000e+00   8.0000000e+00   1.2000000e+01   3.6000000e+01   0.0000000e+00   6.0000000e-01
   2.0170000e+03   8.0000000e+00   8.0000000e+00   1.2000000e+01   3.7000000e+01   0.0000000e+00   6.0000000e-01
   2.0170000e+03   8.0000000e+00   8.0000000e+00   1.2000000e+01   3.8000000e+01   0.0000000e+00   6.0000000e-01
   2.0170000e+03   8.0000000e+00   8.0000000e+00   1.2000000e+01   3.9000000e+01   0.0000000e+00   6.0000000e-01
   2.0170000e+03   8.0000000e+00   8.0000000e+00   1.2000000e+01   4.0000000e+01   0.0000000e+00   4.6000000e-01
   2.0170000e+03   8.0000000e+00   8.0000000e+00   1.2000000e+01   4.1000000e+01   0.0000000e+00   0.0000000e+00
   2.0170000e+03   8.0000000e+00   8.0000000e+00   1.2000000e+01   4.2000000e+01   0.0000000e+00   1.4000006e-01
   2.0170000e+03   8.0000000e+00   8.0000000e+00   1.2000000e+01   4.3000000e+01   0.0000000e+00   4.6000000e-01
   2.0170000e+03   8.0000000e+00   8.0000000e+00   1.2000000e+01   4.4000000e+01   0.0000000e+00   0.0000000e+00
   2.0170000e+03   8.0000000e+00   8.0000000e+00   1.2000000e+01   4.5000000e+01   0.0000000e+00   1.4000006e-01
   2.0170000e+03   8.0000000e+00   8.0000000e+00   1.2000000e+01   4.6000000e+01   0.0000000e+00   4.6000000e-01
   2.0170000e+03   8.0000000e+00   8.0000000e+00   1.2000000e+01   4.7000000e+01   0.0000000e+00   1.3999998e-01
   2.0170000e+03   8.0000000e+00   8.0000000e+00   1.2000000e+01   4.8000000e+01   0.0000000e+00   6.0000000e-01
   2.0170000e+03   8.0000000e+00   8.0000000e+00   1.2000000e+01   4.9000000e+01   0.0000000e+00   1.1600000e+00
   2.0170000e+03   8.0000000e+00   8.0000000e+00   1.2000000e+01   5.0000000e+01   0.0000000e+00   5.3799997e+00
   2.0170000e+03   8.0000000e+00   8.0000000e+00   1.2000000e+01   5.1000000e+01   0.0000000e+00   1.2640000e+01
   2.0170000e+03   8.0000000e+00   8.0000000e+00   1.2000000e+01   5.2000000e+01   0.0000000e+00   1.0940000e+01
   2.0170000e+03   8.0000000e+00   8.0000000e+00   1.2000000e+01   5.3000000e+01   0.0000000e+00   1.1260000e+01
   2.0170000e+03   8.0000000e+00   8.0000000e+00   1.2000000e+01   5.4000000e+01   0.0000000e+00   9.8200000e+00
   2.0170000e+03   8.0000000e+00   8.0000000e+00   1.2000000e+01   5.5000000e+01   0.0000000e+00   6.3200000e+00
   2.0170000e+03   8.0000000e+00   8.0000000e+00   1.2000000e+01   5.6000000e+01   0.0000000e+00   4.9800000e+00
   2.0170000e+03   8.0000000e+00   8.0000000e+00   1.2000000e+01   5.7000000e+01   0.0000000e+00   3.6000000e+00
   2.0170000e+03   8.0000000e+00   8.0000000e+00   1.2000000e+01   5.8000000e+01   0.0000000e+00   3.4600000e+00
   2.0170000e+03   8.0000000e+00   8.0000000e+00   1.2000000e+01   5.9000000e+01   0.0000000e+00   2.8599999e+00
   2.0170000e+03   8.0000000e+00   8.0000000e+00   1.3000000e+01   0.0000000e+00   0.0000000e+00   2.5400000e+00
   2.0170000e+03   8.0000000e+00   8.0000000e+00   1.3000000e+01   1.0000000e+00   0.0000000e+00   2.8600000e+00
   2.0170000e+03   8.0000000e+00   8.0000000e+00   1.3000000e+01   2.0000000e+00   0.0000000e+00   2.8200002e+00
   2.0170000e+03   8.0000000e+00   8.0000000e+00   1.3000000e+01   3.0000000e+00   0.0000000e+00   4.4800000e+00
   2.0170000e+03   8.0000000e+00   8.0000000e+00   1.3000000e+01   4.0000000e+00   0.0000000e+00   5.2600000e+00
   2.0170000e+03   8.0000000e+00   8.0000000e+00   1.3000000e+01   5.0000000e+00   0.0000000e+00   4.2400002e+00
   2.0170000e+03   8.0000000e+00   8.0000000e+00   1.3000000e+01   6.0000000e+00   0.0000000e+00   2.2600000e+00
   2.0170000e+03   8.0000000e+00   8.0000000e+00   1.3000000e+01   7.0000000e+00   0.0000000e+00   1.8000000e+00
   2.0170000e+03   8.0000000e+00   8.0000000e+00   1.3000000e+01   8.0000000e+00   0.0000000e+00   1.8000000e+00
   2.0170000e+03   8.0000000e+00   8.0000000e+00   1.3000000e+01   9.0000000e+00   0.0000000e+00   1.6600000e+00
   2.0170000e+03   8.0000000e+00   8.0000000e+00   1.3000000e+01   1.0000000e+01   0.0000000e+00   1.2000000e+00
   2.0170000e+03   8.0000000e+00   8.0000000e+00   1.3000000e+01   1.1000000e+01   0.0000000e+00   1.0600000e+00
   2.0170000e+03   8.0000000e+00   8.0000000e+00   1.3000000e+01   1.2000000e+01   0.0000000e+00   7.4000002e-01
   2.0170000e+03   8.0000000e+00   8.0000000e+00   1.3000000e+01   1.3000000e+01   0.0000000e+00   1.0599999e+00
   2.0170000e+03   8.0000000e+00   8.0000000e+00   1.3000000e+01   1.4000000e+01   0.0000000e+00   6.0000000e-01
   2.0170000e+03   8.0000000e+00   8.0000000e+00   1.3000000e+01   1.5000000e+01   0.0000000e+00   6.0000000e-01
   2.0170000e+03   8.0000000e+00   8.0000000e+00   1.3000000e+01   1.6000000e+01   0.0000000e+00   6.0000000e-01
   2.0170000e+03   8.0000000e+00   8.0000000e+00   1.3000000e+01   1.7000000e+01   0.0000000e+00   4.6000000e-01
   2.0170000e+03   8.0000000e+00   8.0000000e+00   1.3000000e+01   1.8000000e+01   0.0000000e+00   0.0000000e+00
   2.0170000e+03   8.0000000e+00   8.0000000e+00   1.3000000e+01   1.9000000e+01   0.0000000e+00   1.3999994e-01
   2.0170000e+03   8.0000000e+00   8.0000000e+00   1.3000000e+01   2.0000000e+01   0.0000000e+00   4.6000000e-01
   2.0170000e+03   8.0000000e+00   8.0000000e+00   1.3000000e+01   2.1000000e+01   0.0000000e+00   0.0000000e+00
   2.0170000e+03   8.0000000e+00   8.0000000e+00   1.3000000e+01   2.2000000e+01   0.0000000e+00   0.0000000e+00
   2.0170000e+03   8.0000000e+00   8.0000000e+00   1.3000000e+01   2.3000000e+01   0.0000000e+00   0.0000000e+00
   2.0170000e+03   8.0000000e+00   8.0000000e+00   1.3000000e+01   2.4000000e+01   0.0000000e+00   1.4000000e-01
   2.0170000e+03   8.0000000e+00   8.0000000e+00   1.3000000e+01   2.5000000e+01   0.0000000e+00   4.6000000e-01
   2.0170000e+03   8.0000000e+00   8.0000000e+00   1.3000000e+01   2.6000000e+01   0.0000000e+00   1.4000002e-01
   2.0170000e+03   8.0000000e+00   8.0000000e+00   1.3000000e+01   2.7000000e+01   0.0000000e+00   7.4000006e-01
   2.0170000e+03   8.0000000e+00   8.0000000e+00   1.3000000e+01   2.8000000e+01   0.0000000e+00   9.2000000e-01
   2.0170000e+03   8.0000000e+00   8.0000000e+00   1.3000000e+01   2.9000000e+01   0.0000000e+00   1.4000002e-01
   2.0170000e+03   8.0000000e+00   8.0000000e+00   1.3000000e+01   3.0000000e+01   0.0000000e+00   7.4000006e-01
   2.0170000e+03   8.0000000e+00   8.0000000e+00   1.3000000e+01   3.1000000e+01   0.0000000e+00   1.9000000e+00
   2.0170000e+03   8.0000000e+00   8.0000000e+00   1.3000000e+01   3.2000000e+01   0.0000000e+00   4.2000000e+00
   2.0170000e+03   8.0000000e+00   8.0000000e+00   1.3000000e+01   3.3000000e+01   0.0000000e+00   4.2000000e+00
   2.0170000e+03   8.0000000e+00   8.0000000e+00   1.3000000e+01   3.4000000e+01   0.0000000e+00   4.0600000e+00
   2.0170000e+03   8.0000000e+00   8.0000000e+00   1.3000000e+01   3.5000000e+01   0.0000000e+00   3.7400000e+00
   2.0170000e+03   8.0000000e+00   8.0000000e+00   1.3000000e+01   3.6000000e+01   0.0000000e+00   4.0600001e+00
   2.0170000e+03   8.0000000e+00   8.0000000e+00   1.3000000e+01   3.7000000e+01   0.0000000e+00   3.7400000e+00
   2.0170000e+03   8.0000000e+00   8.0000000e+00   1.3000000e+01   3.8000000e+01   0.0000000e+00   4.3400000e+00
   2.0170000e+03   8.0000000e+00   8.0000000e+00   1.3000000e+01   3.9000000e+01   0.0000000e+00   4.9400000e+00
   2.0170000e+03   8.0000000e+00   8.0000000e+00   1.3000000e+01   4.0000000e+01   0.0000000e+00   5.1200000e+00
   2.0170000e+03   8.0000000e+00   8.0000000e+00   1.3000000e+01   4.1000000e+01   0.0000000e+00   4.2000000e+00
   2.0170000e+03   8.0000000e+00   8.0000000e+00   1.3000000e+01   4.2000000e+01   0.0000000e+00   4.3400000e+00
   2.0170000e+03   8.0000000e+00   8.0000000e+00   1.3000000e+01   4.3000000e+01   0.0000000e+00   4.6600000e+00
   2.0170000e+03   8.0000000e+00   8.0000000e+00   1.3000000e+01   4.4000000e+01   0.0000000e+00   3.7799998e+00
   2.0170000e+03   8.0000000e+00   8.0000000e+00   1.3000000e+01   4.5000000e+01   0.0000000e+00   2.4000000e+00
   2.0170000e+03   8.0000000e+00   8.0000000e+00   1.3000000e+01   4.6000000e+01   0.0000000e+00   2.2600000e+00
   2.0170000e+03   8.0000000e+00   8.0000000e+00   1.3000000e+01   4.7000000e+01   0.0000000e+00   1.8000000e+00
   2.0170000e+03   8.0000000e+00   8.0000000e+00   1.3000000e+01   4.8000000e+01   0.0000000e+00   2.2200000e+00
   2.0170000e+03   8.0000000e+00   8.0000000e+00   1.3000000e+01   4.9000000e+01   0.0000000e+00   3.4600000e+00
   2.0170000e+03   8.0000000e+00   8.0000000e+00   1.3000000e+01   5.0000000e+01   0.0000000e+00   3.2799999e+00
   2.0170000e+03   8.0000000e+00   8.0000000e+00   1.3000000e+01   5.1000000e+01   0.0000000e+00   4.4800000e+00
   2.0170000e+03   8.0000000e+00   8.0000000e+00   1.3000000e+01   5.2000000e+01   0.0000000e+00   4.9800000e+00
   2.0170000e+03   8.0000000e+00   8.0000000e+00   1.3000000e+01   5.3000000e+01   0.0000000e+00   3.4600000e+00
   2.0170000e+03   8.0000000e+00   8.0000000e+00   1.3000000e+01   5.4000000e+01   0.0000000e+00   2.8600000e+00
   2.0170000e+03   8.0000000e+00   8.0000000e+00   1.3000000e+01   5.5000000e+01   0.0000000e+00   2.2600000e+00
   2.0170000e+03   8.0000000e+00   8.0000000e+00   1.3000000e+01   5.6000000e+01   0.0000000e+00   1.8000000e+00
   2.0170000e+03   8.0000000e+00   8.0000000e+00   1.3000000e+01   5.7000000e+01   0.0000000e+00   1.6600000e+00
   2.0170000e+03   8.0000000e+00   8.0000000e+00   1.3000000e+01   5.8000000e+01   0.0000000e+00   1.3400001e+00
   2.0170000e+03   8.0000000e+00   8.0000000e+00   1.3000000e+01   5.9000000e+01   0.0000000e+00   1.6600000e+00
   2.0170000e+03   8.0000000e+00   8.0000000e+00   1.4000000e+01   0.0000000e+00   0.0000000e+00   1.0600000e+00
   2.0170000e+03   8.0000000e+00   8.0000000e+00   1.4000000e+01   1.0000000e+00   0.0000000e+00   6.0000000e-01
   2.0170000e+03   8.0000000e+00   8.0000000e+00   1.4000000e+01   2.0000000e+00   0.0000000e+00   6.0000000e-01
   2.0170000e+03   8.0000000e+00   8.0000000e+00   1.4000000e+01   3.0000000e+00   0.0000000e+00   4.6000002e-01
   2.0170000e+03   8.0000000e+00   8.0000000e+00   1.4000000e+01   4.0000000e+00   0.0000000e+00   1.3999994e-01
   2.0170000e+03   8.0000000e+00   8.0000000e+00   1.4000000e+01   5.0000000e+00   0.0000000e+00   4.6000000e-01
   2.0170000e+03   8.0000000e+00   8.0000000e+00   1.4000000e+01   6.0000000e+00   0.0000000e+00   2.7999996e-01
   2.0170000e+03   8.0000000e+00   8.0000000e+00   1.4000000e+01   7.0000000e+00   0.0000000e+00   1.2000000e+00
   2.0170000e+03   8.0000000e+00   8.0000000e+00   1.4000000e+01   8.0000000e+00   0.0000000e+00   1.3400000e+00
   2.0170000e+03   8.0000000e+00   8.0000000e+00   1.4000000e+01   9.0000000e+00   0.0000000e+00   1.6600000e+00
   2.0170000e+03   8.0000000e+00   8.0000000e+00   1.4000000e+01   1.0000000e+01   0.0000000e+00   1.6200000e+00
   2.0170000e+03   8.0000000e+00   8.0000000e+00   1.4000000e+01   1.1000000e+01   0.0000000e+00   3.4200001e+00
   2.0170000e+03   8.0000000e+00   8.0000000e+00   1.4000000e+01   1.2000000e+01   0.0000000e+00   4.3799998e+00
   2.0170000e+03   8.0000000e+00   8.0000000e+00   1.4000000e+01   1.3000000e+01   0.0000000e+00   3.4200000e+00
   2.0170000e+03   8.0000000e+00   8.0000000e+00   1.4000000e+01   1.4000000e+01   0.0000000e+00   4.3799999e+00
   2.0170000e+03   8.0000000e+00   8.0000000e+00   1.4000000e+01   1.5000000e+01   0.0000000e+00   3.0000000e+00
   2.0170000e+03   8.0000000e+00   8.0000000e+00   1.4000000e+01   1.6000000e+01   0.0000000e+00   3.1400000e+00
   2.0170000e+03   8.0000000e+00   8.0000000e+00   1.4000000e+01   1.7000000e+01   0.0000000e+00   3.4600000e+00
   2.0170000e+03   8.0000000e+00   8.0000000e+00   1.4000000e+01   1.8000000e+01   0.0000000e+00   2.8600001e+00
   2.0170000e+03   8.0000000e+00   8.0000000e+00   1.4000000e+01   1.9000000e+01   0.0000000e+00   2.1200000e+00
   2.0170000e+03   8.0000000e+00   8.0000000e+00   1.4000000e+01   2.0000000e+01   0.0000000e+00   1.0600000e+00
   2.0170000e+03   8.0000000e+00   8.0000000e+00   1.4000000e+01   2.1000000e+01   0.0000000e+00   7.3999994e-01
   2.0170000e+03   8.0000000e+00   8.0000000e+00   1.4000000e+01   2.2000000e+01   0.0000000e+00   9.2000000e-01
   2.0170000e+03   8.0000000e+00   8.0000000e+00   1.4000000e+01   2.3000000e+01   0.0000000e+00   1.4000000e-01
   2.0170000e+03   8.0000000e+00   8.0000000e+00   1.4000000e+01   2.4000000e+01   0.0000000e+00   6.0000000e-01
   2.0170000e+03   8.0000000e+00   8.0000000e+00   1.4000000e+01   2.5000000e+01   0.0000000e+00   6.0000000e-01
   2.0170000e+03   8.0000000e+00   8.0000000e+00   1.4000000e+01   2.6000000e+01   0.0000000e+00   6.0000000e-01
   2.0170000e+03   8.0000000e+00   8.0000000e+00   1.4000000e+01   2.7000000e+01   0.0000000e+00   6.0000000e-01
   2.0170000e+03   8.0000000e+00   8.0000000e+00   1.4000000e+01   2.8000000e+01   0.0000000e+00   6.0000000e-01
   2.0170000e+03   8.0000000e+00   8.0000000e+00   1.4000000e+01   2.9000000e+01   0.0000000e+00   4.5999994e-01
   2.0170000e+03   8.0000000e+00   8.0000000e+00   1.4000000e+01   3.0000000e+01   0.0000000e+00   0.0000000e+00
   2.0170000e+03   8.0000000e+00   8.0000000e+00   1.4000000e+01   3.1000000e+01   0.0000000e+00   2.8000004e-01
   2.0170000e+03   8.0000000e+00   8.0000000e+00   1.4000000e+01   3.2000000e+01   0.0000000e+00   1.6200002e+00
   2.0170000e+03   8.0000000e+00   8.0000000e+00   1.4000000e+01   3.3000000e+01   0.0000000e+00   2.8600000e+00
   2.0170000e+03   8.0000000e+00   8.0000000e+00   1.4000000e+01   3.4000000e+01   0.0000000e+00   2.2600000e+00
   2.0170000e+03   8.0000000e+00   8.0000000e+00   1.4000000e+01   3.5000000e+01   0.0000000e+00   1.8000000e+00
   2.0170000e+03   8.0000000e+00   8.0000000e+00   1.4000000e+01   3.6000000e+01   0.0000000e+00   1.3800000e+00
   2.0170000e+03   8.0000000e+00   8.0000000e+00   1.4000000e+01   3.7000000e+01   0.0000000e+00   1.4000000e-01
   2.0170000e+03   8.0000000e+00   8.0000000e+00   1.4000000e+01   3.8000000e+01   0.0000000e+00   6.0000000e-01
   2.0170000e+03   8.0000000e+00   8.0000000e+00   1.4000000e+01   3.9000000e+01   0.0000000e+00   6.0000000e-01
   2.0170000e+03   8.0000000e+00   8.0000000e+00   1.4000000e+01   4.0000000e+01   0.0000000e+00   7.4000000e-01
   2.0170000e+03   8.0000000e+00   8.0000000e+00   1.4000000e+01   4.1000000e+01   0.0000000e+00   1.2000000e+00
   2.0170000e+03   8.0000000e+00   8.0000000e+00   1.4000000e+01   4.2000000e+01   0.0000000e+00   1.2000000e+00
   2.0170000e+03   8.0000000e+00   8.0000000e+00   1.4000000e+01   4.3000000e+01   0.0000000e+00   1.0599999e+00
   2.0170000e+03   8.0000000e+00   8.0000000e+00   1.4000000e+01   4.4000000e+01   0.0000000e+00   6.0000000e-01
   2.0170000e+03   8.0000000e+00   8.0000000e+00   1.4000000e+01   4.5000000e+01   0.0000000e+00   4.5999998e-01
   2.0170000e+03   8.0000000e+00   8.0000000e+00   1.4000000e+01   4.6000000e+01   0.0000000e+00   1.4000006e-01
   2.0170000e+03   8.0000000e+00   8.0000000e+00   1.4000000e+01   4.7000000e+01   0.0000000e+00   6.0000000e-01
   2.0170000e+03   8.0000000e+00   8.0000000e+00   1.4000000e+01   4.8000000e+01   0.0000000e+00   4.6000002e-01
   2.0170000e+03   8.0000000e+00   8.0000000e+00   1.4000000e+01   4.9000000e+01   0.0000000e+00   0.0000000e+00
   2.0170000e+03   8.0000000e+00   8.0000000e+00   1.4000000e+01   5.0000000e+01   0.0000000e+00   1.4000000e-01
   2.0170000e+03   8.0000000e+00   8.0000000e+00   1.4000000e+01   5.1000000e+01   0.0000000e+00   4.6000002e-01
   2.0170000e+03   8.0000000e+00   8.0000000e+00   1.4000000e+01   5.2000000e+01   0.0000000e+00   1.3999994e-01
   2.0170000e+03   8.0000000e+00   8.0000000e+00   1.4000000e+01   5.3000000e+01   0.0000000e+00   4.6000000e-01
   2.0170000e+03   8.0000000e+00   8.0000000e+00   1.4000000e+01   5.4000000e+01   0.0000000e+00   0.0000000e+00
   2.0170000e+03   8.0000000e+00   8.0000000e+00   1.4000000e+01   5.5000000e+01   0.0000000e+00   0.0000000e+00
   2.0170000e+03   8.0000000e+00   8.0000000e+00   1.4000000e+01   5.6000000e+01   0.0000000e+00   1.4000002e-01
   2.0170000e+03   8.0000000e+00   8.0000000e+00   1.4000000e+01   5.7000000e+01   0.0000000e+00   4.5999994e-01
   2.0170000e+03   8.0000000e+00   8.0000000e+00   1.4000000e+01   5.8000000e+01   0.0000000e+00   4.2000000e-01
   2.0170000e+03   8.0000000e+00   8.0000000e+00   1.4000000e+01   5.9000000e+01   0.0000000e+00   1.9400000e+00
   2.0170000e+03   8.0000000e+00   8.0000000e+00   1.5000000e+01   0.0000000e+00   0.0000000e+00   2.4000000e+00
   2.0170000e+03   8.0000000e+00   8.0000000e+00   1.5000000e+01   1.0000000e+00   0.0000000e+00   2.1200000e+00
   2.0170000e+03   8.0000000e+00   8.0000000e+00   1.5000000e+01   2.0000000e+00   0.0000000e+00   1.2000000e+00
   2.0170000e+03   8.0000000e+00   8.0000000e+00   1.5000000e+01   3.0000000e+00   0.0000000e+00   1.0600001e+00
   2.0170000e+03   8.0000000e+00   8.0000000e+00   1.5000000e+01   4.0000000e+00   0.0000000e+00   7.4000000e-01
   2.0170000e+03   8.0000000e+00   8.0000000e+00   1.5000000e+01   5.0000000e+00   0.0000000e+00   1.2000000e+00
   2.0170000e+03   8.0000000e+00   8.0000000e+00   1.5000000e+01   6.0000000e+00   0.0000000e+00   1.3399999e+00
   2.0170000e+03   8.0000000e+00   8.0000000e+00   1.5000000e+01   7.0000000e+00   0.0000000e+00   2.0800000e+00
   2.0170000e+03   8.0000000e+00   8.0000000e+00   1.5000000e+01   8.0000000e+00   0.0000000e+00   3.0000000e+00
   2.0170000e+03   8.0000000e+00   8.0000000e+00   1.5000000e+01   9.0000000e+00   0.0000000e+00   3.1400000e+00
   2.0170000e+03   8.0000000e+00   8.0000000e+00   1.5000000e+01   1.0000000e+01   0.0000000e+00   3.3200000e+00
   2.0170000e+03   8.0000000e+00   8.0000000e+00   1.5000000e+01   1.1000000e+01   0.0000000e+00   2.2600000e+00
   2.0170000e+03   8.0000000e+00   8.0000000e+00   1.5000000e+01   1.2000000e+01   0.0000000e+00   2.0800000e+00
   2.0170000e+03   8.0000000e+00   8.0000000e+00   1.5000000e+01   1.3000000e+01   0.0000000e+00   2.5799999e+00
   2.0170000e+03   8.0000000e+00   8.0000000e+00   1.5000000e+01   1.4000000e+01   0.0000000e+00   1.2000000e+00
   2.0170000e+03   8.0000000e+00   8.0000000e+00   1.5000000e+01   1.5000000e+01   0.0000000e+00   9.2000000e-01
   2.0170000e+03   8.0000000e+00   8.0000000e+00   1.5000000e+01   1.6000000e+01   0.0000000e+00   1.4000002e-01
   2.0170000e+03   8.0000000e+00   8.0000000e+00   1.5000000e+01   1.7000000e+01   0.0000000e+00   6.0000000e-01
   2.0170000e+03   8.0000000e+00   8.0000000e+00   1.5000000e+01   1.8000000e+01   0.0000000e+00   8.8000000e-01
   2.0170000e+03   8.0000000e+00   8.0000000e+00   1.5000000e+01   1.9000000e+01   0.0000000e+00   1.6600000e+00
   2.0170000e+03   8.0000000e+00   8.0000000e+00   1.5000000e+01   2.0000000e+01   0.0000000e+00   1.6199998e+00
   2.0170000e+03   8.0000000e+00   8.0000000e+00   1.5000000e+01   2.1000000e+01   0.0000000e+00   3.2800000e+00
   2.0170000e+03   8.0000000e+00   8.0000000e+00   1.5000000e+01   2.2000000e+01   0.0000000e+00   4.2000000e+00
   2.0170000e+03   8.0000000e+00   8.0000000e+00   1.5000000e+01   2.3000000e+01   0.0000000e+00   3.6400000e+00
   2.0170000e+03   8.0000000e+00   8.0000000e+00   1.5000000e+01   2.4000000e+01   0.0000000e+00   1.8000000e+00
   2.0170000e+03   8.0000000e+00   8.0000000e+00   1.5000000e+01   2.5000000e+01   0.0000000e+00   2.2200000e+00
   2.0170000e+03   8.0000000e+00   8.0000000e+00   1.5000000e+01   2.6000000e+01   0.0000000e+00   3.4600000e+00
   2.0170000e+03   8.0000000e+00   8.0000000e+00   1.5000000e+01   2.7000000e+01   0.0000000e+00   2.8600000e+00
   2.0170000e+03   8.0000000e+00   8.0000000e+00   1.5000000e+01   2.8000000e+01   0.0000000e+00   2.2599999e+00
   2.0170000e+03   8.0000000e+00   8.0000000e+00   1.5000000e+01   2.9000000e+01   0.0000000e+00   2.2200000e+00
   2.0170000e+03   8.0000000e+00   8.0000000e+00   1.5000000e+01   3.0000000e+01   0.0000000e+00   3.4600000e+00
   2.0170000e+03   8.0000000e+00   8.0000000e+00   1.5000000e+01   3.1000000e+01   0.0000000e+00   3.2800001e+00
   2.0170000e+03   8.0000000e+00   8.0000000e+00   1.5000000e+01   3.2000000e+01   0.0000000e+00   4.4800000e+00
   2.0170000e+03   8.0000000e+00   8.0000000e+00   1.5000000e+01   3.3000000e+01   0.0000000e+00   5.2600000e+00
   2.0170000e+03   8.0000000e+00   8.0000000e+00   1.5000000e+01   3.4000000e+01   0.0000000e+00   4.5200001e+00
   2.0170000e+03   8.0000000e+00   8.0000000e+00   1.5000000e+01   3.5000000e+01   0.0000000e+00   3.6000000e+00
   2.0170000e+03   8.0000000e+00   8.0000000e+00   1.5000000e+01   3.6000000e+01   0.0000000e+00   3.3200000e+00
   2.0170000e+03   8.0000000e+00   8.0000000e+00   1.5000000e+01   3.7000000e+01   0.0000000e+00   2.2600001e+00
   2.0170000e+03   8.0000000e+00   8.0000000e+00   1.5000000e+01   3.8000000e+01   0.0000000e+00   1.5200000e+00
   2.0170000e+03   8.0000000e+00   8.0000000e+00   1.5000000e+01   3.9000000e+01   0.0000000e+00   6.0000000e-01
   2.0170000e+03   8.0000000e+00   8.0000000e+00   1.5000000e+01   4.0000000e+01   0.0000000e+00   6.0000000e-01
   2.0170000e+03   8.0000000e+00   8.0000000e+00   1.5000000e+01   4.1000000e+01   0.0000000e+00   4.5999998e-01
   2.0170000e+03   8.0000000e+00   8.0000000e+00   1.5000000e+01   4.2000000e+01   0.0000000e+00   0.0000000e+00
   2.0170000e+03   8.0000000e+00   8.0000000e+00   1.5000000e+01   4.3000000e+01   0.0000000e+00   1.4000000e-01
   2.0170000e+03   8.0000000e+00   8.0000000e+00   1.5000000e+01   4.4000000e+01   0.0000000e+00   4.5999998e-01
   2.0170000e+03   8.0000000e+00   8.0000000e+00   1.5000000e+01   4.5000000e+01   0.0000000e+00   0.0000000e+00
   2.0170000e+03   8.0000000e+00   8.0000000e+00   1.5000000e+01   4.6000000e+01   0.0000000e+00   0.0000000e+00
   2.0170000e+03   8.0000000e+00   8.0000000e+00   1.5000000e+01   4.7000000e+01   0.0000000e+00   0.0000000e+00
   2.0170000e+03   8.0000000e+00   8.0000000e+00   1.5000000e+01   4.8000000e+01   0.0000000e+00   1.3999994e-01
   2.0170000e+03   8.0000000e+00   8.0000000e+00   1.5000000e+01   4.9000000e+01   0.0000000e+00   4.6000000e-01
   2.0170000e+03   8.0000000e+00   8.0000000e+00   1.5000000e+01   5.0000000e+01   0.0000000e+00   0.0000000e+00
   2.0170000e+03   8.0000000e+00   8.0000000e+00   1.5000000e+01   5.1000000e+01   0.0000000e+00   0.0000000e+00
   2.0170000e+03   8.0000000e+00   8.0000000e+00   1.5000000e+01   5.2000000e+01   0.0000000e+00   0.0000000e+00
   2.0170000e+03   8.0000000e+00   8.0000000e+00   1.5000000e+01   5.3000000e+01   0.0000000e+00   0.0000000e+00
   2.0170000e+03   8.0000000e+00   8.0000000e+00   1.5000000e+01   5.4000000e+01   0.0000000e+00   0.0000000e+00
   2.0170000e+03   8.0000000e+00   8.0000000e+00   1.5000000e+01   5.5000000e+01   0.0000000e+00   0.0000000e+00
   2.0170000e+03   8.0000000e+00   8.0000000e+00   1.5000000e+01   5.6000000e+01   0.0000000e+00   0.0000000e+00
   2.0170000e+03   8.0000000e+00   8.0000000e+00   1.5000000e+01   5.7000000e+01   0.0000000e+00   1.4000000e-01
   2.0170000e+03   8.0000000e+00   8.0000000e+00   1.5000000e+01   5.8000000e+01   0.0000000e+00   4.5999998e-01
   2.0170000e+03   8.0000000e+00   8.0000000e+00   1.5000000e+01   5.9000000e+01   0.0000000e+00   0.0000000e+00
   2.0170000e+03   8.0000000e+00   8.0000000e+00   1.6000000e+01   0.0000000e+00   0.0000000e+00   0.0000000e+00