   2.0170000e+03   8.0000000e+00   8.0000000e+00   4.0000000e+00   0.0000000e+00   0.0000000e+00   0.0000000e+00
   2.0170000e+03   8.0000000e+00   8.0000000e+00   4.0000000e+00   1.0000000e+00   0.0000000e+00   0.0000000e+00
   2.0170000e+03   8.0000000e+00   8.0000000e+00   4.0000000e+00   2.0000000e+00   0.0000000e+00   0.0000000e+00
   2.0170000e+03   8.0000000e+00   8.0000000e+00   4.0000000e+00   3.0000000e+00   0.0000000e+00   0.0000000e+00
   2.0170000e+03   8.0000000e+00   8.0000000e+00   4.0000000e+00   4.0000000e+00   0.0000000e+00   0.0000000e+00
   2.0170000e+03   8.0000000e+00   8.0000000e+00   4.0000000e+00   5.0000000e+00   0.0000000e+00   0.0000000e+00
   2.0170000e+03   8.0000000e+00   8.0000000e+00   4.0000000e+00   6.0000000e+00   0.0000000e+00   0.0000000e+00
   2.0170000e+03   8.0000000e+00   8.0000000e+00   4.0000000e+00   7.0000000e+00   0.0000000e+00   0.0000000e+00
   2.0170000e+03   8.0000000e+00   8.0000000e+00   4.0000000e+00   8.0000000e+00   0.0000000e+00   0.0000000e+00
   2.0170000e+03   8.0000000e+00   8.0000000e+00   4.0000000e+00   9.0000000e+00   0.0000000e+00   0.0000000e+00
   2.0170000e+03   8.0000000e+00   8.0000000e+00   4.0000000e+00   1.0000000e+01   0.0000000e+00   0.0000000e+00
   2.0170000e+03   8.0000000e+00   8.0000000e+00   4.0000000e+00   1.1000000e+01   0.0000000e+00   0.0000000e+00
   2.0170000e+03   8.0000000e+00   8.0000000e+00   4.0000000e+00   1.2000000e+01   0.0000000e+00   0.0000000e+00
   2.0170000e+03   8.0000000e+00   8.0000000e+00   4.0000000e+00   1.3000000e+01   0.0000000e+00   0.0000000e+00
   2.0170000e+03   8.0000000e+00   8.0000000e+00   4.0000000e+00   1.4000000e+01   0.0000000e+00   0.0000000e+00
   2.0170000e+03   8.0000000e+00   8.0000000e+00   4.0000000e+00   1.5000000e+01   0.0000000e+00   0.0000000e+00
   2.0170000e+03   8.0000000e+00   8.0000000e+00   4.0000000e+00   1.6000000e+01   0.0000000e+00   0.0000000e+00
   2.0170000e+03   8.0000000e+00   8.0000000e+00   4.0000000e+00   1.7000000e+01   0.0000000e+00   0.0000000e+00
   2.0170000e+03   8.0000000e+00   8.0000000e+00   4.0000000e+00   1.8000000e+01   0.0000000e+00   0.0000000e+00
   2.0170000e+03   8.0000000e+00   8.0000000e+00   4.0000000e+00   1.9000000e+01   0.0000000e+00   0.0000000e+00
   2.0170000e+03   8.0000000e+00   8.0000000e+00   4.0000000e+00   2.0000000e+01   0.0000000e+00   0.0000000e+00
   2.0170000e+03   8.0000000e+00   8.0000000e+00   4.0000000e+00   2.1000000e+01   0.0000000e+00   0.0000000e+00
   2.0170000e+03   8.0000000e+00   8.0000000e+00   4.0000000e+00   2.2000000e+01   0.0000000e+00   0.0000000e+00
   2.0170000e+03   8.0000000e+00   8.0000000e+00   4.0000000e+00   2.3000000e+01   0.0000000e+00   0.0000000e+00
   2.0170000e+03   8.0000000e+00   8.0000000e+00   4.0000000e+00   2.4000000e+01   0.0000000e+00   0.0000000e+00
   2.0170000e+03   8.0000000e+00   8.0000000e+00   4.0000000e+00   2.5000000e+01   0.0000000e+00   0.0000000e+00
   2.0170000e+03   8.0000000e+00   8.0000000e+00   4.0000000e+00   2.6000000e+01   0.0000000e+00   0.0000000e+00
   2.0170000e+03   8.0000000e+00   8.0000000e+00   4.0000000e+00   2.7000000e+01   0.0000000e+00   0.0000000e+00
   2.0170000e+03   8.0000000e+00   8.0000000e+00   4.0000000e+00   2.8000000e+01   0.0000000e+00   0.0000000e+00
   2.0170000e+03   8.0000000e+00   8.0000000e+00   4.0000000e+00   2.9000000e+01   0.0000000e+00   0.0000000e+00
   2.0170000e+03   8.0000000e+00   8.0000000e+00   4.0000000e+00   3.0000000e+01   0.0000000e+00   0.0000000e+00
   2.0170000e+03   8.0000000e+00   8.0000000e+00   4.0000000e+00   3.1000000e+01   0.0000000e+00   0.0000000e+00
   2.0170000e+03   8.0000000e+00   8.0000000e+00   4.0000000e+00   3.2000000e+01   0.0000000e+00   0.0000000e+00
   2.0170000e+03   8.0000000e+00   8.0000000e+00   4.0000000e+00   3.3000000e+01   0.0000000e+00   0.0000000e+00
   2.0170000e+03   8.0000000e+00   8.0000000e+00   4.0000000e+00   3.4000000e+01   0.0000000e+00   0.0000000e+00
   2.0170000e+03   8.0000000e+00   8.0000000e+00   4.0000000e+00   3.5000000e+01   0.0000000e+00   0.0000000e+00
   2.0170000e+03   8.0000000e+00   8.0000000e+00   4.0000000e+00   3.6000000e+01   0.0000000e+00   0.0000000e+00
   2.0170000e+03   8.0000000e+00   8.0000000e+00   4.0000000e+00   3.7000000e+01   0.0000000e+00   0.0000000e+00
   2.0170000e+03   8.0000000e+00   8.0000000e+00   4.0000000e+00   3.8000000e+01   0.0000000e+00   0.0000000e+00
   2.0170000e+03   8.0000000e+00   8.0000000e+00   4.0000000e+00   3.9000000e+01   0.0000000e+00   0.0000000e+00
   2.0170000e+03   8.0000000e+00   8.0000000e+00   4.0000000e+00   4.0000000e+01   0.0000000e+00   0.0000000e+00
   2.0170000e+03   8.0000000e+00   8.0000000e+00   4.0000000e+00   4.1000000e+01   0.0000000e+00   0.0000000e+00
   2.0170000e+03   8.0000000e+00   8.0000000e+00   4.0000000e+00   4.2000000e+01   0.0000000e+00   0.0000000e+00
   2.0170000e+03   8.0000000e+00   8.0000000e+00   4.0000000e+00   4.3000000e+01   0.0000000e+00   0.0000000e+00
   2.0170000e+03   8.0000000e+00   8.0000000e+00   4.0000000e+00   4.4000000e+01   0.0000000e+00   0.0000000e+00
   2.0170000e+03   8.0000000e+00   8.0000000e+00   4.0000000e+00   4.5000000e+01   0.0000000e+00   0.0000000e+00
   2.0170000e+03   8.0000000e+00   8.0000000e+00   4.0000000e+00   4.6000000e+01   0.0000000e+00   0.0000000e+00
   2.0170000e+03   8.0000000e+00   8.0000000e+00   4.0000000e+00   4.7000000e+01   0.0000000e+00   6.0000000e-01
   2.0170000e+03   8.0000000e+00   8.0000000e+00   4.0000000e+00   4.8000000e+01   0.0000000e+00   1.2000000e+00
   2.0170000e+03   8.0000000e+00   8.0000000e+00   4.0000000e+00   4.9000000e+01   0.0000000e+00   6.0000008e-01
   2.0170000e+03   8.0000000e+00   8.0000000e+00   4.0000000e+00   5.0000000e+01   0.0000000e+00   6.0000000e-01
   2.0170000e+03   8.0000000e+00   8.0000000e+00   4.0000000e+00   5.1000000e+01   0.0000000e+00   3.0000000e+00
   2.0170000e+03   8.0000000e+00   8.0000000e+00   4.0000000e+00   5.2000000e+01   0.0000000e+00   4.2000000e+00
   2.0170000e+03   8.0000000e+00   8.0000000e+00   4.0000000e+00   5.3000000e+01   0.0000000e+00   2.7000000e+00
   2.0170000e+03   8.0000000e+00   8.0000000e+00   4.0000000e+00   5.4000000e+01   0.0000000e+00   2.1000000e+00
   2.0170000e+03   8.0000000e+00   8.0000000e+00   4.0000000e+00   5.5000000e+01   0.0000000e+00   3.6000000e+00
   2.0170000e+03   8.0000000e+00   8.0000000e+00   4.0000000e+00   5.6000000e+01   0.0000000e+00   4.8000000e+00
   2.0170000e+03   8.0000000e+00   8.0000000e+00   4.0000000e+00   5.7000000e+01   0.0000000e+00   5.4000001e+00
   2.0170000e+03   8.0000000e+00   8.0000000e+00   4.0000000e+00   5.8000000e+01   0.0000000e+00   6.0000000e+00
   2.0170000e+03   8.0000000e+00   8.0000000e+00   4.0000000e+00   5.9000000e+01   0.0000000e+00   6.6000001e+00
   2.0170000e+03   8.0000000e+00   8.0000000e+00   5.0000000e+00   0.0000000e+00   0.0000000e+00   7.5000000e+00
   2.0170000e+03   8.0000000e+00   8.0000000e+00   5.0000000e+00   1.0000000e+00   0.0000000e+00   6.9000000e+00
   2.0170000e+03   8.0000000e+00   8.0000000e+00   5.0000000e+00   2.0000000e+00   0.0000000e+00   6.0000000e+00
   2.0170000e+03   8.0000000e+00   8.0000000e+00   5.0000000e+00   3.0000000e+00   0.0000000e+00   5.4000001e+00
   2.0170000e+03   8.0000000e+00   8.0000000e+00   5.0000000e+00   4.0000000e+00   0.0000000e+00   4.5000000e+00
   2.0170000e+03   8.0000000e+00   8.0000000e+00   5.0000000e+00   5.0000000e+00   0.0000000e+00   3.9000000e+00
   2.0170000e+03   8.0000000e+00   8.0000000e+00   5.0000000e+00   6.0000000e+00   0.0000000e+00   4.5000000e+00
   2.0170000e+03   8.0000000e+00   8.0000000e+00   5.0000000e+00   7.0000000e+00   0.0000000e+00   4.8000000e+00
   2.0170000e+03   8.0000000e+00   8.0000000e+00   5.0000000e+00   8.0000000e+00   0.0000000e+00   4.8000000e+00
   2.0170000e+03   8.0000000e+00   8.0000000e+00   5.0000000e+00   9.0000000e+00   0.0000000e+00   5.7000000e+00
   2.0170000e+03   8.0000000e+00   8.0000000e+00   5.0000000e+00   1.0000000e+01   0.0000000e+00   6.6000001e+00
   2.0170000e+03   8.0000000e+00   8.0000000e+00   5.0000000e+00   1.1000000e+01   0.0000000e+00   7.5000000e+00
   2.0170000e+03   8.0000000e+00   8.0000000e+00   5.0000000e+00   1.2000000e+01   0.0000000e+00   1.1100000e+01
   2.0170000e+03   8.0000000e+00   8.0000000e+00   5.0000000e+00   1.3000000e+01   0.0000000e+00   1.5600000e+01
   2.0170000e+03   8.0000000e+00   8.0000000e+00   5.0000000e+00   1.4000000e+01   0.0000000e+00   1.7400000e+01
   2.0170000e+03   8.0000000e+00   8.0000000e+00   5.0000000e+00   1.5000000e+01   0.0000000e+00   1.8600000e+01
   2.0170000e+03   8.0000000e+00   8.0000000e+00   5.0000000e+00   1.6000000e+01   0.0000000e+00   1.8300000e+01
   2.0170000e+03   8.0000000e+00   8.0000000e+00   5.0000000e+00   1.7000000e+01   0.0000000e+00   1.5300000e+01
   2.0170000e+03   8.0000000e+00   8.0000000e+00   5.0000000e+00   1.8000000e+01   0.0000000e+00   1.3500000e+01
   2.0170000e+03   8.0000000e+00   8.0000000e+00   5.0000000e+00   1.9000000e+01   0.0000000e+00   1.4100000e+01
   2.0170000e+03   8.0000000e+00   8.0000000e+00   5.0000000e+00   2.0000000e+01   0.0000000e+00   1.2600000e+01
   2.0170000e+03   8.0000000e+00   8.0000000e+00   5.0000000e+00   2.1000000e+01   0.0000000e+00   9.3000000e+00
   2.0170000e+03   8.0000000e+00   8.0000000e+00   5.0000000e+00   2.2000000e+01   0.0000000e+00   8.4000000e+00
   2.0170000e+03   8.0000000e+00   8.0000000e+00   5.0000000e+00   2.3000000e+01   0.0000000e+00   1.0800000e+01
   2.0170000e+03   8.0000000e+00   8.0000000e+00   5.0000000e+00   2.4000000e+01   0.0000000e+00   1.3800000e+01
   2.0170000e+03   8.0000000e+00   8.0000000e+00   5.0000000e+00   2.5000000e+01   0.0000000e+00   1.3500000e+01
   2.0170000e+03   8.0000000e+00   8.0000000e+00   5.0000000e+00   2.6000000e+01   0.0000000e+00   1.2600000e+01
   2.0170000e+03   8.0000000e+00   8.0000000e+00   5.0000000e+00   2.7000000e+01   0.0000000e+00   1.6500000e+01
   2.0170000e+03   8.0000000e+00   8.0000000e+00   5.0000000e+00   2.8000000e+01   0.0000000e+00   1.7100000e+01
   2.0170000e+03   8.0000000e+00   8.0000000e+00   5.0000000e+00   2.9000000e+01   0.0000000e+00   1.2600000e+01
   2.0170000e+03   8.0000000e+00   8.0000000e+00   5.0000000e+00   3.0000000e+01   0.0000000e+00   8.7000003e+00
   2.0170000e+03   8.0000000e+00   8.0000000e+00   5.0000000e+00   3.1000000e+01   0.0000000e+00   5.4000002e+00
   2.0170000e+03   8.0000000e+00   8.0000000e+00   5.0000000e+00   3.2000000e+01   0.0000000e+00   3.6000000e+00
   2.0170000e+03   8.0000000e+00   8.0000000e+00   5.0000000e+00   3.3000000e+01   0.0000000e+00   2.7000000e+00
   2.0170000e+03   8.0000000e+00   8.0000000e+00   5.0000000e+00   3.4000000e+01   0.0000000e+00   2.7000000e+00
   2.0170000e+03   8.0000000e+00   8.0000000e+00   5.0000000e+00   3.5000000e+01   0.0000000e+00   3.3000000e+00
   2.0170000e+03   8.0000000e+00   8.0000000e+00   5.0000000e+00   3.6000000e+01   0.0000000e+00   3.3000000e+00
   2.0170000e+03   8.0000000e+00   8.0000000e+00   5.0000000e+00   3.7000000e+01   0.0000000e+00   2.7000000e+00
   2.0170000e+03   8.0000000e+00   8.0000000e+00   5.0000000e+00   3.8000000e+01   0.0000000e+00   2.4000000e+00
   2.0170000e+03   8.0000000e+00   8.0000000e+00   5.0000000e+00   3.9000000e+01   0.0000000e+00   2.1000000e+00
   2.0170000e+03   8.0000000e+00   8.0000000e+00   5.0000000e+00   4.0000000e+01   0.0000000e+00   1.8000000e+00
   2.0170000e+03   8.0000000e+00   8.0000000e+00   5.0000000e+00   4.1000000e+01   0.0000000e+00   1.1999999e+00
   2.0170000e+03   8.0000000e+00   8.0000000e+00   5.0000000e+00   4.2000000e+01   0.0000000e+00   9.0000004e-01
   2.0170000e+03   8.0000000e+00   8.0000000e+00   5.0000000e+00   4.3000000e+01   0.0000000e+00   9.0000000e-01
   2.0170000e+03   8.0000000e+00   8.0000000e+00   5.0000000e+00   4.4000000e+01   0.0000000e+00   2.9999996e-01
   2.0170000e+03   8.0000000e+00   8.0000000e+00   5.0000000e+00   4.5000000e+01   0.0000000e+00   3.0000004e-01
   2.0170000e+03   8.0000000e+00   8.0000000e+00   5.0000000e+00   4.6000000e+01   0.0000000e+00   6.0000000e-01
   2.0170000e+03   8.0000000e+00   8.0000000e+00   5.0000000e+00   4.7000000e+01   0.0000000e+00   6.0000000e-01
   2.0170000e+03   8.0000000e+00   8.0000000e+00   5.0000000e+00   4.8000000e+01   0.0000000e+00   3.0000004e-01
   2.0170000e+03   8.0000000e+00   8.0000000e+00   5.0000000e+00   4.9000000e+01   0.0000000e+00   3.0000000e-01
   2.0170000e+03   8.0000000e+00   8.0000000e+00   5.0000000e+00   5.0000000e+01   0.0000000e+00   6.0000000e-01
   2.0170000e+03   8.0000000e+00   8.0000000e+00   5.0000000e+00   5.1000000e+01   0.0000000e+00   3.0000000e-01
   2.0170000e+03   8.0000000e+00   8.0000000e+00   5.0000000e+00   5.2000000e+01   0.0000000e+00   3.0000000e-01
   2.0170000e+03   8.0000000e+00   8.0000000e+00   5.0000000e+00   5.3000000e+01   0.0000000e+00   6.0000000e-01
   2.0170000e+03   8.0000000e+00   8.0000000e+00   5.0000000e+00   5.4000000e+01   0.0000000e+00   3.0000000e-01
   2.0170000e+03   8.0000000e+00   8.0000000e+00   5.0000000e+00   5.5000000e+01   0.0000000e+00   3.0000004e-01
   2.0170000e+03   8.0000000e+00   8.0000000e+00   5.0000000e+00   5.6000000e+01   0.0000000e+00   2.9999996e-01
   2.0170000e+03   8.0000000e+00   8.0000000e+00   5.0000000e+00   5.7000000e+01   0.0000000e+00   0.0000000e+00
   2.0170000e+03   8.0000000e+00   8.0000000e+00   5.0000000e+00   5.8000000e+01   0.0000000e+00   0.0000000e+00
   2.0170000e+03   8.0000000e+00   8.0000000e+00   5.0000000e+00   5.9000000e+01   0.0000000e+00   3.0000004e-01
   2.0170000e+03   8.0000000e+00   8.0000000e+00   6.0000000e+00   0.0000000e+00   0.0000000e+00   3.0000000e-01
   2.0170000e+03   8.0000000e+00   8.0000000e+00   6.0000000e+00   1.0000000e+00   0.0000000e+00   0.0000000e+00
   2.0170000e+03   8.0000000e+00   8.0000000e+00   6.0000000e+00   2.0000000e+00   0.0000000e+00   0.0000000e+00
   2.0170000e+03   8.0000000e+00   8.0000000e+00   6.0000000e+00   3.0000000e+00   0.0000000e+00   3.0000000e-01
   2.0170000e+03   8.0000000e+00   8.0000000e+00   6.0000000e+00   4.0000000e+00   0.0000000e+00   3.0000004e-01
   2.0170000e+03   8.0000000e+00   8.0000000e+00   6.0000000e+00   5.0000000e+00   0.0000000e+00   0.0000000e+00
   2.0170000e+03   8.0000000e+00   8.0000000e+00   6.0000000e+00   6.0000000e+00   0.0000000e+00   0.0000000e+00
   2.0170000e+03   8.0000000e+00   8.0000000e+00   6.0000000e+00   7.0000000e+00   0.0000000e+00   3.0000000e-01
   2.0170000e+03   8.0000000e+00   8.0000000e+00   6.0000000e+00   8.0000000e+00   0.0000000e+00   3.0000000e-01
   2.0170000e+03   8.0000000e+00   8.0000000e+00   6.0000000e+00   9.0000000e+00   0.0000000e+00   3.0000000e-01
   2.0170000e+03   8.0000000e+00   8.0000000e+00   6.0000000e+00   1.0000000e+01   0.0000000e+00   3.0000000e-01
   2.0170000e+03   8.0000000e+00   8.0000000e+00   6.0000000e+00   1.1000000e+01   0.0000000e+00   0.0000000e+00
   2.0170000e+03   8.0000000e+00   8.0000000e+00   6.0000000e+00   1.2000000e+01   0.0000000e+00   3.0000004e-01
   2.0170000e+03   8.0000000e+00   8.0000000e+00   6.0000000e+00   1.3000000e+01   0.0000000e+00   2.9999996e-01
   2.0170000e+03   8.0000000e+00   8.0000000e+00   6.0000000e+00   1.4000000e+01   0.0000000e+00   0.0000000e+00
   2.0170000e+03   8.0000000e+00   8.0000000e+00   6.0000000e+00   1.5000000e+01   0.0000000e+00   0.0000000e+00
   2.0170000e+03   8.0000000e+00   8.0000000e+00   6.0000000e+00   1.6000000e+01   0.0000000e+00   0.0000000e+00
   2.0170000e+03   8.0000000e+00   8.0000000e+00   6.0000000e+00   1.7000000e+01   0.0000000e+00   0.0000000e+00
   2.0170000e+03   8.0000000e+00   8.0000000e+00   6.0000000e+00   1.8000000e+01   0.0000000e+00   2.9999996e-01
   2.0170000e+03   8.0000000e+00   8.0000000e+00   6.0000000e+00   1.9000000e+01   0.0000000e+00   3.0000004e-01
   2.0170000e+03   8.0000000e+00   8.0000000e+00   6.0000000e+00   2.0000000e+01   0.0000000e+00   0.0000000e+00
   2.0170000e+03   8.0000000e+00   8.0000000e+00   6.0000000e+00   2.1000000e+01   0.0000000e+00   0.0000000e+00
   2.0170000e+03   8.0000000e+00   8.0000000e+00   6.0000000e+00   2.2000000e+01   0.0000000e+00   0.0000000e+00
   2.0170000e+03   8.0000000e+00   8.0000000e+00   6.0000000e+00   2.3000000e+01   0.0000000e+00   3.0000000e-01
   2.0170000e+03   8.0000000e+00   8.0000000e+00   6.0000000e+00   2.4000000e+01   0.0000000e+00   3.0000000e-01
   2.0170000e+03   8.0000000e+00   8.0000000e+00   6.0000000e+00   2.5000000e+01   0.0000000e+00   0.0000000e+00
   2.0170000e+03   8.0000000e+00   8.0000000e+00   6.0000000e+00   2.6000000e+01   0.0000000e+00   0.0000000e+00
   2.0170000e+03   8.0000000e+00   8.0000000e+00   6.0000000e+00   2.7000000e+01   0.0000000e+00   0.0000000e+00
   2.0170000e+03   8.0000000e+00   8.0000000e+00   6.0000000e+00   2.8000000e+01   0.0000000e+00   0.0000000e+00
   2.0170000e+03   8.0000000e+00   8.0000000e+00   6.0000000e+00   2.9000000e+01   0.0000000e+00   3.0000004e-01
   2.0170000e+03   8.0000000e+00   8.0000000e+00   6.0000000e+00   3.0000000e+01   0.0000000e+00   9.0000004e-01
   2.0170000e+03   8.0000000e+00   8.0000000e+00   6.0000000e+00   3.1000000e+01   0.0000000e+00   1.2000000e+00
   2.0170000e+03   8.0000000e+00   8.0000000e+00   6.0000000e+00   3.2000000e+01   0.0000000e+00   1.5000000e+00
   2.0170000e+03   8.0000000e+00   8.0000000e+00   6.0000000e+00   3.3000000e+01   0.0000000e+00   2.1000000e+00
   2.0170000e+03   8.0000000e+00   8.0000000e+00   6.0000000e+00   3.4000000e+01   0.0000000e+00   2.1000000e+00
   2.0170000e+03   8.0000000e+00   8.0000000e+00   6.0000000e+00   3.5000000e+01   0.0000000e+00   1.8000000e+00
   2.0170000e+03   8.0000000e+00   8.0000000e+00   6.0000000e+00   3.6000000e+01   0.0000000e+00   3.6000000e+00
   2.0170000e+03   8.0000000e+00   8.0000000e+00   6.0000000e+00   3.7000000e+01   0.0000000e+00   4.5000000e+00
   2.0170000e+03   8.0000000e+00   8.0000000e+00   6.0000000e+00   3.8000000e+01   0.0000000e+00   3.6000000e+00
   2.0170000e+03   8.0000000e+00   8.0000000e+00   6.0000000e+00   3.9000000e+01   0.0000000e+00   3.0000000e+00
   2.0170000e+03   8.0000000e+00   8.0000000e+00   6.0000000e+00   4.0000000e+01   0.0000000e+00   2.1000000e+00
   2.0170000e+03   8.0000000e+00   8.0000000e+00   6.0000000e+00   4.1000000e+01   0.0000000e+00   1.5000000e+00
   2.0170000e+03   8.0000000e+00   8.0000000e+00   6.0000000e+00   4.2000000e+01   0.0000000e+00   1.2000000e+00
   2.0170000e+03   8.0000000e+00   8.0000000e+00   6.0000000e+00   4.3000000e+01   0.0000000e+00   5.9999992e-01
   2.0170000e+03   8.0000000e+00   8.0000000e+00   6.0000000e+00   4.4000000e+01   0.0000000e+00   3.0000004e-01
   2.0170000e+03   8.0000000e+00   8.0000000e+00   6.0000000e+00   4.5000000e+01   0.0000000e+00   3.0000000e-01
   2.0170000e+03   8.0000000e+00   8.0000000e+00   6.0000000e+00   4.6000000e+01   0.0000000e+00   2.9999996e-01
   2.0170000e+03   8.0000000e+00   8.0000000e+00   6.0000000e+00   4.7000000e+01   0.0000000e+00   3.0000004e-01
   2.0170000e+03   8.0000000e+00   8.0000000e+00   6.0000000e+00   4.8000000e+01   0.0000000e+00   0.0000000e+00
   2.0170000e+03   8.0000000e+00   8.0000000e+00   6.0000000e+00   4.9000000e+01   0.0000000e+00   0.0000000e+00
   2.0170000e+03   8.0000000e+00   8.0000000e+00   6.0000000e+00   5.0000000e+01   0.0000000e+00   0.0000000e+00
   2.0170000e+03   8.0000000e+00   8.0000000e+00   6.0000000e+00   5.1000000e+01   0.0000000e+00   0.0000000e+00
   2.0170000e+03   8.0000000e+00   8.0000000e+00   6.0000000e+00   5.2000000e+01   0.0000000e+00   0.0000000e+00
   2.0170000e+03   8.0000000e+00   8.0000000e+00   6.0000000e+00   5.3000000e+01   0.0000000e+00   0.0000000e+00
   2.0170000e+03   8.0000000e+00   8.0000000e+00   6.0000000e+00   5.4000000e+01   0.0000000e+00   0.0000000e+00
   2.0170000e+03   8.0000000e+00   8.0000000e+00   6.0000000e+00   5.5000000e+01   0.0000000e+00   0.0000000e+00
   2.0170000e+03   8.0000000e+00   8.0000000e+00   6.0000000e+00   5.6000000e+01   0.0000000e+00   0.0000000e+00
   2.0170000e+03   8.0000000e+00   8.0000000e+00   6.0000000e+00   5.7000000e+01   0.0000000e+00   0.0000000e+00
   2.0170000e+03   8.0000000e+00   8.0000000e+00   6.0000000e+00   5.8000000e+01   0.0000000e+00   8.7000011e+00
   2.0170000e+03   8.0000000e+00   8.0000000e+00   6.0000000e+00   5.9000000e+01   0.0000000e+00   2.6400000e+01
   2.0170000e+03   8.0000000e+00   8.0000000e+00   7.0000000e+00   0.0000000e+00   0.0000000e+00   3.1800000e+01
   2.0170000e+03   8.0000000e+00   8.0000000e+00   7.0000000e+00   1.0000000e+00   0.0000000e+00   1.9500001e+01
   2.0170000e+03   8.0000000e+00   8.0000000e+00   7.0000000e+00   2.0000000e+00   0.0000000e+00   7.8000000e+00
   2.0170000e+03   8.0000000e+00   8.0000000e+00   7.0000000e+00   3.0000000e+00   0.0000000e+00   6.2999998e+00
   2.0170000e+03   8.0000000e+00   8.0000000e+00   7.0000000e+00   4.0000000e+00   0.0000000e+00   8.6999999e+00
   2.0170000e+03   8.0000000e+00   8.0000000e+00   7.0000000e+00   5.0000000e+00   0.0000000e+00   8.1000000e+00
   2.0170000e+03   8.0000000e+00   8.0000000e+00   7.0000000e+00   6.0000000e+00   0.0000000e+00   4.5000000e+00
   2.0170000e+03   8.0000000e+00   8.0000000e+00   7.0000000e+00   7.0000000e+00   0.0000000e+00   2.4000000e+00
   2.0170000e+03   8.0000000e+00   8.0000000e+00   7.0000000e+00   8.0000000e+00   0.0000000e+00   2.1000000e+00
   2.0170000e+03   8.0000000e+00   8.0000000e+00   7.0000000e+00   9.0000000e+00   0.0000000e+00   1.8000000e+00
   2.0170000e+03   8.0000000e+00   8.0000000e+00   7.0000000e+00   1.0000000e+01   0.0000000e+00   1.2000000e+00
   2.0170000e+03   8.0000000e+00   8.0000000e+00   7.0000000e+00   1.1000000e+01   0.0000000e+00   1.2000001e+00
   2.0170000e+03   8.0000000e+00   8.0000000e+00   7.0000000e+00   1.2000000e+01   0.0000000e+00   1.8000000e+00
   2.0170000e+03   8.0000000e+00   8.0000000e+00   7.0000000e+00   1.3000000e+01   0.0000000e+00   1.8000000e+00
   2.0170000e+03   8.0000000e+00   8.0000000e+00   7.0000000e+00   1.4000000e+01   0.0000000e+00   1.5000000e+00
   2.0170000e+03   8.0000000e+00   8.0000000e+00   7.0000000e+00   1.5000000e+01   0.0000000e+00   1.2000000e+00
   2.0170000e+03   8.0000000e+00   8.0000000e+00   7.0000000e+00   1.6000000e+01   0.0000000e+00   1.2000000e+00
   2.0170000e+03   8.0000000e+00   8.0000000e+00   7.0000000e+00   1.7000000e+01   0.0000000e+00   1.5000000e+00
   2.0170000e+03   8.0000000e+00   8.0000000e+00   7.0000000e+00   1.8000000e+01   0.0000000e+00   1.8000000e+00
   2.0170000e+03   8.0000000e+00   8.0000000e+00   7.0000000e+00   1.9000000e+01   0.0000000e+00   1.2000000e+00
   2.0170000e+03   8.0000000e+00   8.0000000e+00   7.0000000e+00   2.0000000e+01   0.0000000e+00   3.0000000e-01
   2.0170000e+03   8.0000000e+00   8.0000000e+00   7.0000000e+00   2.1000000e+01   0.0000000e+00   3.0000000e-01
   2.0170000e+03   8.0000000e+00   8.0000000e+00   7.0000000e+00   2.2000000e+01   0.0000000e+00   3.0000000e-01
   2.0170000e+03   8.0000000e+00   8.0000000e+00   7.0000000e+00   2.3000000e+01   0.0000000e+00   3.0000000e-01
   2.0170000e+03   8.0000000e+00   8.0000000e+00   7.0000000e+00   2.4000000e+01   0.0000000e+00   3.0000000e-01
   2.0170000e+03   8.0000000e+00   8.0000000e+00   7.0000000e+00   2.5000000e+01   0.0000000e+00   0.0000000e+00
   2.0170000e+03   8.0000000e+00   8.0000000e+00   7.0000000e+00   2.6000000e+01   0.0000000e+00   3.0000004e-01
   2.0170000e+03   8.0000000e+00   8.0000000e+00   7.0000000e+00   2.7000000e+01   0.0000000e+00   3.0000000e-01
   2.0170000e+03   8.0000000e+00   8.0000000e+00   7.0000000e+00   2.8000000e+01   0.0000000e+00   0.0000000e+00
   2.0170000e+03   8.0000000e+00   8.0000000e+00   7.0000000e+00   2.9000000e+01   0.0000000e+00   0.0000000e+00
   2.0170000e+03   8.0000000e+00   8.0000000e+00   7.0000000e+00   3.0000000e+01   0.0000000e+00   3.0000000e-01
   2.0170000e+03   8.0000000e+00   8.0000000e+00   7.0000000e+00   3.1000000e+01   0.0000000e+00   3.0000004e-01
   2.0170000e+03   8.0000000e+00   8.0000000e+00   7.0000000e+00   3.2000000e+01   0.0000000e+00   0.0000000e+00
   2.0170000e+03   8.0000000e+00   8.0000000e+00   7.0000000e+00   3.3000000e+01   0.0000000e+00   0.0000000e+00
   2.0170000e+03   8.0000000e+00   8.0000000e+00   7.0000000e+00   3.4000000e+01   0.0000000e+00   0.0000000e+00
   2.0170000e+03   8.0000000e+00   8.0000000e+00   7.0000000e+00   3.5000000e+01   0.0000000e+00   0.0000000e+00
   2.0170000e+03   8.0000000e+00   8.0000000e+00   7.0000000e+00   3.6000000e+01   0.0000000e+00   0.0000000e+00
   2.0170000e+03   8.0000000e+00   8.0000000e+00   7.0000000e+00   3.7000000e+01   0.0000000e+00   0.0000000e+00
   2.0170000e+03   8.0000000e+00   8.0000000e+00   7.0000000e+00   3.8000000e+01   0.0000000e+00   0.0000000e+00
   2.0170000e+03   8.0000000e+00   8.0000000e+00   7.0000000e+00   3.9000000e+01   0.0000000e+00   0.0000000e+00
   2.0170000e+03   8.0000000e+00   8.0000000e+00   7.0000000e+00   4.0000000e+01   0.0000000e+00   0.0000000e+00
   2.0170000e+03   8.0000000e+00   8.0000000e+00   7.0000000e+00   4.1000000e+01   0.0000000e+00   3.0000000e-01
   2.0170000e+03   8.0000000e+00   8.0000000e+00   7.0000000e+00   4.2000000e+01   0.0000000e+00   2.9999996e-01
   2.0170000e+03   8.0000000e+00   8.0000000e+00   7.0000000e+00   4.3000000e+01   0.0000000e+00   0.0000000e+00
   2.0170000e+03   8.0000000e+00   8.0000000e+00   7.0000000e+00   4.4000000e+01   0.0000000e+00   0.0000000e+00
   2.0170000e+03   8.0000000e+00   8.0000000e+00   7.0000000e+00   4.5000000e+01   0.0000000e+00   0.0000000e+00
   2.0170000e+03   8.0000000e+00   8.0000000e+00   7.0000000e+00   4.6000000e+01   0.0000000e+00   0.0000000e+00
   2.0170000e+03   8.0000000e+00   8.0000000e+00   7.0000000e+00   4.7000000e+01   0.0000000e+00   0.0000000e+00
   2.0170000e+03   8.0000000e+00   8.0000000e+00   7.0000000e+00   4.8000000e+01   0.0000000e+00   0.0000000e+00
   2.0170000e+03   8.0000000e+00   8.0000000e+00   7.0000000e+00   4.9000000e+01   0.0000000e+00   0.0000000e+00
   2.0170000e+03   8.0000000e+00   8.0000000e+00   7.0000000e+00   5.0000000e+01   0.0000000e+00   0.0000000e+00
   2.0170000e+03   8.0000000e+00   8.0000000e+00   7.0000000e+00   5.1000000e+01   0.0000000e+00   0.0000000e+00
   2.0170000e+03   8.0000000e+00   8.0000000e+00   7.0000000e+00   5.2000000e+01   0.0000000e+00   0.0000000e+00
   2.0170000e+03   8.0000000e+00   8.0000000e+00   7.0000000e+00   5.3000000e+01   0.0000000e+00   0.0000000e+00
   2.0170000e+03   8.0000000e+00   8.0000000e+00   7.0000000e+00   5.4000000e+01   0.0000000e+00   0.0000000e+00
   2.0170000e+03   8.0000000e+00   8.0000000e+00   7.0000000e+00   5.5000000e+01   0.0000000e+00   0.0000000e+00
   2.0170000e+03   8.0000000e+00   8.0000000e+00   7.0000000e+00   5.6000000e+01   0.0000000e+00   0.0000000e+00
   2.0170000e+03   8.0000000e+00   8.0000000e+00   7.0000000e+00   5.7000000e+01   0.0000000e+00   0.0000000e+00
   2.0170000e+03   8.0000000e+00   8.0000000e+00   7.0000000e+00   5.8000000e+01   0.0000000e+00   0.0000000e+00
   2.0170000e+03   8.0000000e+00   8.0000000e+00   7.0000000e+00   5.9000000e+01   0.0000000e+00   3.0000004e-01
   2.0170000e+03   8.0000000e+00   8.0000000e+00   8.0000000e+00   0.0000000e+00   0.0000000e+00   1.8000002e+00
   2.0170000e+03   8.0000000e+00   8.0000000e+00   8.0000000e+00   1.0000000e+00   0.0000000e+00   3.3000000e+00
   2.0170000e+03   8.0000000e+00   8.0000000e+00   8.0000000e+00   2.0000000e+00   0.0000000e+00   2.4000002e+00
   2.0170000e+03   8.0000000e+00   8.0000000e+00   8.0000000e+00   3.0000000e+00   0.0000000e+00   2.0999999e+00
   2.0170000e+03   8.0000000e+00   8.0000000e+00   8.0000000e+00   4.0000000e+00   0.0000000e+00   1.4700000e+01
   2.0170000e+03   8.0000000e+00   8.0000000e+00   8.0000000e+00   5.0000000e+00   0.0000000e+00   3.2100000e+01
   2.0170000e+03   8.0000000e+00   8.0000000e+00   8.0000000e+00   6.0000000e+00   0.0000000e+00   4.1400000e+01
   2.0170000e+03   8.0000000e+00   8.0000000e+00   8.0000000e+00   7.0000000e+00   0.0000000e+00   5.1300000e+01
   2.0170000e+03   8.0000000e+00   8.0000000e+00   8.0000000e+00   8.0000000e+00   0.0000000e+00   4.2000000e+01
   2.0170000e+03   8.0000000e+00   8.0000000e+00   8.0000000e+00   9.0000000e+00   0.0000000e+00   2.5800000e+01
   2.0170000e+03   8.0000000e+00   8.0000000e+00   8.0000000e+00   1.0000000e+01   0.0000000e+00   2.2200000e+01
   2.0170000e+03   8.0000000e+00   8.0000000e+00   8.0000000e+00   1.1000000e+01   0.0000000e+00   1.7400000e+01
   2.0170000e+03   8.0000000e+00   8.0000000e+00   8.0000000e+00   1.2000000e+01   0.0000000e+00   1.3200000e+01
   2.0170000e+03   8.0000000e+00   8.0000000e+00   8.0000000e+00   1.3000000e+01   0.0000000e+00   1.4100000e+01
   2.0170000e+03   8.0000000e+00   8.0000000e+00   8.0000000e+00   1.4000000e+01   0.0000000e+00   1.4400000e+01
   2.0170000e+03   8.0000000e+00   8.0000000e+00   8.0000000e+00   1.5000000e+01   0.0000000e+00   8.7000000e+00
   2.0170000e+03   8.0000000e+00   8.0000000e+00   8.0000000e+00   1.6000000e+01   0.0000000e+00   5.7000000e+00
   2.0170000e+03   8.0000000e+00   8.0000000e+00   8.0000000e+00   1.7000000e+01   0.0000000e+00   5.9999999e+00
   2.0170000e+03   8.0000000e+00   8.0000000e+00   8.0000000e+00   1.8000000e+01   0.0000000e+00   5.7000000e+00
   2.0170000e+03   8.0000000e+00   8.0000000e+00   8.0000000e+00   1.9000000e+01   0.0000000e+00   5.3999999e+00
   2.0170000e+03   8.0000000e+00   8.0000000e+00   8.0000000e+00   2.0000000e+01   0.0000000e+00   5.4000001e+00
   2.0170000e+03   8.0000000e+00   8.0000000e+00   8.0000000e+00   2.1000000e+01   0.0000000e+00   3.9000000e+00
   2.0170000e+03   8.0000000e+00   8.0000000e+00   8.0000000e+00   2.2000000e+01   0.0000000e+00   3.0000000e+00
   2.0170000e+03   8.0000000e+00   8.0000000e+00   8.0000000e+00   2.3000000e+01   0.0000000e+00   2.4000000e+00
   2.0170000e+03   8.0000000e+00   8.0000000e+00   8.0000000e+00   2.4000000e+01   0.0000000e+00   1.5000000e+00
   2.0170000e+03   8.0000000e+00   8.0000000e+00   8.0000000e+00   2.5000000e+01   0.0000000e+00   9.0000000e-01
   2.0170000e+03   8.0000000e+00   8.0000000e+00   8.0000000e+00   2.6000000e+01   0.0000000e+00   6.0000000e-01
   2.0170000e+03   8.0000000e+00   8.0000000e+00   8.0000000e+00   2.7000000e+01   0.0000000e+00   2.9999996e-01
   2.0170000e+03   8.0000000e+00   8.0000000e+00   8.0000000e+00   2.8000000e+01   0.0000000e+00   3.0000004e-01
   2.0170000e+03   8.0000000e+00   8.0000000e+00   8.0000000e+00   2.9000000e+01   0.0000000e+00   3.0000000e-01
   2.0170000e+03   8.0000000e+00   8.0000000e+00   8.0000000e+00   3.0000000e+01   0.0000000e+00   2.9999996e-01
   2.0170000e+03   8.0000000e+00   8.0000000e+00   8.0000000e+00   3.1000000e+01   0.0000000e+00   3.0000004e-01
   2.0170000e+03   8.0000000e+00   8.0000000e+00   8.0000000e+00   3.2000000e+01   0.0000000e+00   0.0000000e+00
   2.0170000e+03   8.0000000e+00   8.0000000e+00   8.0000000e+00   3.3000000e+01   0.0000000e+00   0.0000000e+00
   2.0170000e+03   8.0000000e+00   8.0000000e+00   8.0000000e+00   3.4000000e+01   0.0000000e+00   0.0000000e+00
   2.0170000e+03   8.0000000e+00   8.0000000e+00   8.0000000e+00   3.5000000e+01   0.0000000e+00   3.0000000e-01
   2.0170000e+03   8.0000000e+00   8.0000000e+00   8.0000000e+00   3.6000000e+01   0.0000000e+00   3.0000000e-01
   2.0170000e+03   8.0000000e+00   8.0000000e+00   8.0000000e+00   3.7000000e+01   0.0000000e+00   0.0000000e+00
   2.0170000e+03   8.0000000e+00   8.0000000e+00   8.0000000e+00   3.8000000e+01   0.0000000e+00   0.0000000e+00
   2.0170000e+03   8.0000000e+00   8.0000000e+00   8.0000000e+00   3.9000000e+01   0.0000000e+00   0.0000000e+00
   2.0170000e+03   8.0000000e+00   8.0000000e+00   8.0000000e+00   4.0000000e+01   0.0000000e+00   3.0000000e-01
   2.0170000e+03   8.0000000e+00   8.0000000e+00   8.0000000e+00   4.1000000e+01   0.0000000e+00   2.1000002e+00
   2.0170000e+03   8.0000000e+00   8.0000000e+00   8.0000000e+00   4.2000000e+01   0.0000000e+00   2.6999999e+00
   2.0170000e+03   8.0000000e+00   8.0000000e+00   8.0000000e+00   4.3000000e+01   0.0000000e+00   1.8000000e+00
   2.0170000e+03   8.0000000e+00   8.0000000e+00   8.0000000e+00   4.4000000e+01   0.0000000e+00   1.5000000e+00
   2.0170000e+03   8.0000000e+00   8.0000000e+00   8.0000000e+00   4.5000000e+01   0.0000000e+00   1.5000000e+00
   2.0170000e+03   8.0000000e+00   8.0000000e+00   8.0000000e+00   4.6000000e+01   0.0000000e+00   2.1000000e+00
   2.0170000e+03   8.0000000e+00   8.0000000e+00   8.0000000e+00   4.7000000e+01   0.0000000e+00   5.6999996e+00
   2.0170000e+03   8.0000000e+00   8.0000000e+00   8.0000000e+00   4.8000000e+01   0.0000000e+00   7.5000002e+00
   2.0170000e+03   8.0000000e+00   8.0000000e+00   8.0000000e+00   4.9000000e+01   0.0000000e+00   4.2000000e+00
   2.0170000e+03   8.0000000e+00   8.0000000e+00   8.0000000e+00   5.0000000e+01   0.0000000e+00   3.0000000e+00
   2.0170000e+03   8.0000000e+00   8.0000000e+00   8.0000000e+00   5.1000000e+01   0.0000000e+00   4.2000000e+00
   2.0170000e+03   8.0000000e+00   8.0000000e+00   8.0000000e+00   5.2000000e+01   0.0000000e+00   4.5000000e+00
   2.0170000e+03   8.0000000e+00   8.0000000e+00   8.0000000e+00   5.3000000e+01   0.0000000e+00   4.5000000e+00
   2.0170000e+03   8.0000000e+00   8.0000000e+00   8.0000000e+00   5.4000000e+01   0.0000000e+00   3.6000000e+00
   2.0170000e+03   8.0000000e+00   8.0000000e+00   8.0000000e+00   5.5000000e+01   0.0000000e+00   3.6000002e+00
   2.0170000e+03   8.0000000e+00   8.0000000e+00   8.0000000e+00   5.6000000e+01   0.0000000e+00   3.8999999e+00
   2.0170000e+03   8.0000000e+00   8.0000000e+00   8.0000000e+00   5.7000000e+01   0.0000000e+00   1.8000000e+00
   2.0170000e+03   8.0000000e+00   8.0000000e+00   8.0000000e+00   5.8000000e+01   0.0000000e+00   9.0000004e-01
   2.0170000e+03   8.0000000e+00   8.0000000e+00   8.0000000e+00   5.9000000e+01   0.0000000e+00   1.5000000e+00
   2.0170000e+03   8.0000000e+00   8.0000000e+00   9.0000000e+00   0.0000000e+00   0.0000000e+00   1.5000000e+00
   2.0170000e+03   8.0000000e+00   8.0000000e+00   9.0000000e+00   1.0000000e+00   0.0000000e+00   9.0000004e-01
   2.0170000e+03   8.0000000e+00   8.0000000e+00   9.0000000e+00   2.0000000e+00   0.0000000e+00   6.0000000e-01
   2.0170000e+03   8.0000000e+00   8.0000000e+00   9.0000000e+00   3.0000000e+00   0.0000000e+00   6.0000000e-01
   2.0170000e+03   8.0000000e+00   8.0000000e+00   9.0000000e+00   4.0000000e+00   0.0000000e+00   6.0000000e-01
   2.0170000e+03   8.0000000e+00   8.0000000e+00   9.0000000e+00   5.0000000e+00   0.0000000e+00   6.0000000e-01
   2.0170000e+03   8.0000000e+00   8.0000000e+00   9.0000000e+00   6.0000000e+00   0.0000000e+00   3.0000000e-01
   2.0170000e+03   8.0000000e+00   8.0000000e+00   9.0000000e+00   7.0000000e+00   0.0000000e+00   3.0000000e-01
   2.0170000e+03   8.0000000e+00   8.0000000e+00   9.0000000e+00   8.0000000e+00   0.0000000e+00   3.0000000e-01
   2.0170000e+03   8.0000000e+00   8.0000000e+00   9.0000000e+00   9.0000000e+00   0.0000000e+00   0.0000000e+00
   2.0170000e+03   8.0000000e+00   8.0000000e+00   9.0000000e+00   1.0000000e+01   0.0000000e+00   0.0000000e+00
   2.0170000e+03   8.0000000e+00   8.0000000e+00   9.0000000e+00   1.1000000e+01   0.0000000e+00   0.0000000e+00
   2.0170000e+03   8.0000000e+00   8.0000000e+00   9.0000000e+00   1.2000000e+01   0.0000000e+00   0.0000000e+00
   2.0170000e+03   8.0000000e+00   8.0000000e+00   9.0000000e+00   1.3000000e+01   0.0000000e+00   0.0000000e+00
   2.0170000e+03   8.0000000e+00   8.0000000e+00   9.0000000e+00   1.4000000e+01   0.0000000e+00   0.0000000e+00
   2.0170000e+03   8.0000000e+00   8.0000000e+00   9.0000000e+00   1.5000000e+01   0.0000000e+00   0.0000000e+00
   2.0170000e+03   8.0000000e+00   8.0000000e+00   9.0000000e+00   1.6000000e+01   0.0000000e+00   0.0000000e+00
   2.0170000e+03   8.0000000e+00   8.0000000e+00   9.0000000e+00   1.7000000e+01   0.0000000e+00   0.0000000e+00
   2.0170000e+03   8.0000000e+00   8.0000000e+00   9.0000000e+00   1.8000000e+01   0.0000000e+00   2.9999996e-01
   2.0170000e+03   8.0000000e+00   8.0000000e+00   9.0000000e+00   1.9000000e+01   0.0000000e+00   3.0000004e-01
   2.0170000e+03   8.0000000e+00   8.0000000e+00   9.0000000e+00   2.0000000e+01   0.0000000e+00   0.0000000e+00
   2.0170000e+03   8.0000000e+00   8.0000000e+00   9.0000000e+00   2.1000000e+01   0.0000000e+00   0.0000000e+00
   2.0170000e+03   8.0000000e+00   8.0000000e+00   9.0000000e+00   2.2000000e+01   0.0000000e+00   0.0000000e+00
   2.0170000e+03   8.0000000e+00   8.0000000e+00   9.0000000e+00   2.3000000e+01   0.0000000e+00   0.0000000e+00
   2.0170000e+03   8.0000000e+00   8.0000000e+00   9.0000000e+00   2.4000000e+01   0.0000000e+00   0.0000000e+00
   2.0170000e+03   8.0000000e+00   8.0000000e+00   9.0000000e+00   2.5000000e+01   0.0000000e+00   0.0000000e+00
   2.0170000e+03   8.0000000e+00   8.0000000e+00   9.0000000e+00   2.6000000e+01   0.0000000e+00   0.0000000e+00
   2.0170000e+03   8.0000000e+00   8.0000000e+00   9.0000000e+00   2.7000000e+01   0.0000000e+00   0.0000000e+00
   2.0170000e+03   8.0000000e+00   8.0000000e+00   9.0000000e+00   2.8000000e+01   0.0000000e+00   0.0000000e+00
   2.0170000e+03   8.0000000e+00   8.0000000e+00   9.0000000e+00   2.9000000e+01   0.0000000e+00   0.0000000e+00
   2.0170000e+03   8.0000000e+00   8.0000000e+00   9.0000000e+00   3.0000000e+01   0.0000000e+00   0.0000000e+00
   2.0170000e+03   8.0000000e+00   8.0000000e+00   9.0000000e+00   3.1000000e+01   0.0000000e+00   0.0000000e+00
   2.0170000e+03   8.0000000e+00   8.0000000e+00   9.0000000e+00   3.2000000e+01   0.0000000e+00   0.0000000e+00
   2.0170000e+03   8.0000000e+00   8.0000000e+00   9.0000000e+00   3.3000000e+01   0.0000000e+00   0.0000000e+00
   2.0170000e+03   8.0000000e+00   8.0000000e+00   9.0000000e+00   3.4000000e+01   0.0000000e+00   5.7000000e+00
   2.0170000e+03   8.0000000e+00   8.0000000e+00   9.0000000e+00   3.5000000e+01   0.0000000e+00   1.6500000e+01
   2.0170000e+03   8.0000000e+00   8.0000000e+00   9.0000000e+00   3.6000000e+01   0.0000000e+00   2.7300000e+01
   2.0170000e+03   8.0000000e+00   8.0000000e+00   9.0000000e+00   3.7000000e+01   0.0000000e+00   2.7900000e+01
   2.0170000e+03   8.0000000e+00   8.0000000e+00   9.0000000e+00   3.8000000e+01   0.0000000e+00   1.7700000e+01
   2.0170000e+03   8.0000000e+00   8.0000000e+00   9.0000000e+00   3.9000000e+01   0.0000000e+00   1.2000000e+01
   2.0170000e+03   8.0000000e+00   8.0000000e+00   9.0000000e+00   4.0000000e+01   0.0000000e+00   7.4999995e+00
   2.0170000e+03   8.0000000e+00   8.0000000e+00   9.0000000e+00   4.1000000e+01   0.0000000e+00   2.6999999e+00
   2.0170000e+03   8.0000000e+00   8.0000000e+00   9.0000000e+00   4.2000000e+01   0.0000000e+00   1.8000000e+00
   2.0170000e+03   8.0000000e+00   8.0000000e+00   9.0000000e+00   4.3000000e+01   0.0000000e+00   1.1999999e+00
   2.0170000e+03   8.0000000e+00   8.0000000e+00   9.0000000e+00   4.4000000e+01   0.0000000e+00   9.0000004e-01
   2.0170000e+03   8.0000000e+00   8.0000000e+00   9.0000000e+00   4.5000000e+01   0.0000000e+00   1.5000000e+00
   2.0170000e+03   8.0000000e+00   8.0000000e+00   9.0000000e+00   4.6000000e+01   0.0000000e+00   2.1000000e+00
   2.0170000e+03   8.0000000e+00   8.0000000e+00   9.0000000e+00   4.7000000e+01   0.0000000e+00   1.8000001e+00
   2.0170000e+03   8.0000000e+00   8.0000000e+00   9.0000000e+00   4.8000000e+01   0.0000000e+00   1.2000000e+00
   2.0170000e+03   8.0000000e+00   8.0000000e+00   9.0000000e+00   4.9000000e+01   0.0000000e+00   9.0000004e-01
   2.0170000e+03   8.0000000e+00   8.0000000e+00   9.0000000e+00   5.0000000e+01   0.0000000e+00   6.0000000e-01
   2.0170000e+03   8.0000000e+00   8.0000000e+00   9.0000000e+00   5.1000000e+01   0.0000000e+00   6.0000000e-01
   2.0170000e+03   8.0000000e+00   8.0000000e+00   9.0000000e+00   5.2000000e+01   0.0000000e+00   6.0000000e-01
   2.0170000e+03   8.0000000e+00   8.0000000e+00   9.0000000e+00   5.3000000e+01   0.0000000e+00   6.0000000e-01
   2.0170000e+03   8.0000000e+00   8.0000000e+00   9.0000000e+00   5.4000000e+01   0.0000000e+00   3.0000000e-01
   2.0170000e+03   8.0000000e+00   8.0000000e+00   9.0000000e+00   5.5000000e+01   0.0000000e+00   0.0000000e+00
   2.0170000e+03   8.0000000e+00   8.0000000e+00   9.0000000e+00   5.6000000e+01   0.0000000e+00   3.0000000e-01
   2.0170000e+03   8.0000000e+00   8.0000000e+00   9.0000000e+00   5.7000000e+01   0.0000000e+00   2.9999996e-01
   2.0170000e+03   8.0000000e+00   8.0000000e+00   9.0000000e+00   5.8000000e+01   0.0000000e+00   0.0000000e+00
   2.0170000e+03   8.0000000e+00   8.0000000e+00   9.0000000e+00   5.9000000e+01   0.0000000e+00   0.0000000e+00
   2.0170000e+03   8.0000000e+00   8.0000000e+00   1.0000000e+01   0.0000000e+00   0.0000000e+00   0.0000000e+00
   2.0170000e+03   8.0000000e+00   8.0000000e+00   1.0000000e+01   1.0000000e+00   0.0000000e+00   2.9999996e-01
   2.0170000e+03   8.0000000e+00   8.0000000e+00   1.0000000e+01   2.0000000e+00   0.0000000e+00   3.0000000e-01
   2.0170000e+03   8.0000000e+00   8.0000000e+00   1.0000000e+01   3.0000000e+00   0.0000000e+00   0.0000000e+00
   2.0170000e+03   8.0000000e+00   8.0000000e+00   1.0000000e+01   4.0000000e+00   0.0000000e+00   0.0000000e+00
   2.0170000e+03   8.0000000e+00   8.0000000e+00   1.0000000e+01   5.0000000e+00   0.0000000e+00   0.0000000e+00
   2.0170000e+03   8.0000000e+00   8.0000000e+00   1.0000000e+01   6.0000000e+00   0.0000000e+00   0.0000000e+00
   2.0170000e+03   8.0000000e+00   8.0000000e+00   1.0000000e+01   7.0000000e+00   0.0000000e+00   0.0000000e+00
   2.0170000e+03   8.0000000e+00   8.0000000e+00   1.0000000e+01   8.0000000e+00   0.0000000e+00   0.0000000e+00
   2.0170000e+03   8.0000000e+00   8.0000000e+00   1.0000000e+01   9.0000000e+00   0.0000000e+00   0.0000000e+00
   2.0170000e+03   8.0000000e+00   8.0000000e+00   1.0000000e+01   1.0000000e+01   0.0000000e+00   0.0000000e+00
   2.0170000e+03   8.0000000e+00   8.0000000e+00   1.0000000e+01   1.1000000e+01   0.0000000e+00   3.0000004e-01
   2.0170000e+03   8.0000000e+00   8.0000000e+00   1.0000000e+01   1.2000000e+01   0.0000000e+00   2.9999996e-01
   2.0170000e+03   8.0000000e+00   8.0000000e+00   1.0000000e+01   1.3000000e+01   0.0000000e+00   0.0000000e+00
   2.0170000e+03   8.0000000e+00   8.0000000e+00   1.0000000e+01   1.4000000e+01   0.0000000e+00   0.0000000e+00
   2.0170000e+03   8.0000000e+00   8.0000000e+00   1.0000000e+01   1.5000000e+01   0.0000000e+00   6.0000008e-01
   2.0170000e+03   8.0000000e+00   8.0000000e+00   1.0000000e+01   1.6000000e+01   0.0000000e+00   1.5000000e+00
   2.0170000e+03   8.0000000e+00   8.0000000e+00   1.0000000e+01   1.7000000e+01   0.0000000e+00   2.9999998e+00
   2.0170000e+03   8.0000000e+00   8.0000000e+00   1.0000000e+01   1.8000000e+01   0.0000000e+00   4.5000000e+00
   2.0170000e+03   8.0000000e+00   8.0000000e+00   1.0000000e+01   1.9000000e+01   0.0000000e+00   6.0000000e+00
   2.0170000e+03   8.0000000e+00   8.0000000e+00   1.0000000e+01   2.0000000e+01   0.0000000e+00   7.8000000e+00
   2.0170000e+03   8.0000000e+00   8.0000000e+00   1.0000000e+01   2.1000000e+01   0.0000000e+00   9.3000000e+00
   2.0170000e+03   8.0000000e+00   8.0000000e+00   1.0000000e+01   2.2000000e+01   0.0000000e+00   9.0000000e+00
   2.0170000e+03   8.0000000e+00   8.0000000e+00   1.0000000e+01   2.3000000e+01   0.0000000e+00   8.1000000e+00
   2.0170000e+03   8.0000000e+00   8.0000000e+00   1.0000000e+01   2.4000000e+01   0.0000000e+00   1.0800000e+01
   2.0170000e+03   8.0000000e+00   8.0000000e+00   1.0000000e+01   2.5000000e+01   0.0000000e+00   1.2300000e+01
   2.0170000e+03   8.0000000e+00   8.0000000e+00   1.0000000e+01   2.6000000e+01   0.0000000e+00   1.2000000e+01
   2.0170000e+03   8.0000000e+00   8.0000000e+00   1.0000000e+01   2.7000000e+01   0.0000000e+00   1.4100000e+01
   2.0170000e+03   8.0000000e+00   8.0000000e+00   1.0000000e+01   2.8000000e+01   0.0000000e+00   1.3500000e+01
   2.0170000e+03   8.0000000e+00   8.0000000e+00   1.0000000e+01   2.9000000e+01   0.0000000e+00   1.3200000e+01
   2.0170000e+03   8.0000000e+00   8.0000000e+00   1.0000000e+01   3.0000000e+01   0.0000000e+00   1.3500000e+01
   2.0170000e+03   8.0000000e+00   8.0000000e+00   1.0000000e+01   3.1000000e+01   0.0000000e+00   1.0800000e+01
   2.0170000e+03   8.0000000e+00   8.0000000e+00   1.0000000e+01   3.2000000e+01   0.0000000e+00   8.7000001e+00
   2.0170000e+03   8.0000000e+00   8.0000000e+00   1.0000000e+01   3.3000000e+01   0.0000000e+00   9.0000000e+00
   2.0170000e+03   8.0000000e+00   8.0000000e+00   1.0000000e+01   3.4000000e+01   0.0000000e+00   7.5000003e+00
   2.0170000e+03   8.0000000e+00   8.0000000e+00   1.0000000e+01   3.5000000e+01   0.0000000e+00   4.5000000e+00
   2.0170000e+03   8.0000000e+00   8.0000000e+00   1.0000000e+01   3.6000000e+01   0.0000000e+00   4.8000000e+00
   2.0170000e+03   8.0000000e+00   8.0000000e+00   1.0000000e+01   3.7000000e+01   0.0000000e+00   6.0000000e+00
   2.0170000e+03   8.0000000e+00   8.0000000e+00   1.0000000e+01   3.8000000e+01   0.0000000e+00   8.1000000e+00
   2.0170000e+03   8.0000000e+00   8.0000000e+00   1.0000000e+01   3.9000000e+01   0.0000000e+00   9.9000000e+00
   2.0170000e+03   8.0000000e+00   8.0000000e+00   1.0000000e+01   4.0000000e+01   0.0000000e+00   7.8000000e+00
   2.0170000e+03   8.0000000e+00   8.0000000e+00   1.0000000e+01   4.1000000e+01   0.0000000e+00   5.4000000e+00
   2.0170000e+03   8.0000000e+00   8.0000000e+00   1.0000000e+01   4.2000000e+01   0.0000000e+00   6.9000002e+00
   2.0170000e+03   8.0000000e+00   8.0000000e+00   1.0000000e+01   4.3000000e+01   0.0000000e+00   8.1000000e+00
   2.0170000e+03   8.0000000e+00   8.0000000e+00   1.0000000e+01   4.4000000e+01   0.0000000e+00   7.8000000e+00
   2.0170000e+03   8.0000000e+00   8.0000000e+00   1.0000000e+01   4.5000000e+01   0.0000000e+00   7.8000000e+00
   2.0170000e+03   8.0000000e+00   8.0000000e+00   1.0000000e+01   4.6000000e+01   0.0000000e+00   7.2000001e+00
   2.0170000e+03   8.0000000e+00   8.0000000e+00   1.0000000e+01   4.7000000e+01   0.0000000e+00   5.7000000e+00
   2.0170000e+03   8.0000000e+00   8.0000000e+00   1.0000000e+01   4.8000000e+01   0.0000000e+00   4.5000000e+00
   2.0170000e+03   8.0000000e+00   8.0000000e+00   1.0000000e+01   4.9000000e+01   0.0000000e+00   4.5000000e+00
   2.0170000e+03   8.0000000e+00   8.0000000e+00   1.0000000e+01   5.0000000e+01   0.0000000e+00   4.2000000e+00
   2.0170000e+03   8.0000000e+00   8.0000000e+00   1.0000000e+01   5.1000000e+01   0.0000000e+00   3.3000000e+00
   2.0170000e+03   8.0000000e+00   8.0000000e+00   1.0000000e+01   5.2000000e+01   0.0000000e+00   3.0000000e+00
   2.0170000e+03   8.0000000e+00   8.0000000e+00   1.0000000e+01   5.3000000e+01   0.0000000e+00   3.0000000e+00
   2.0170000e+03   8.0000000e+00   8.0000000e+00   1.0000000e+01   5.4000000e+01   0.0000000e+00   3.3000000e+00
   2.0170000e+03   8.0000000e+00   8.0000000e+00   1.0000000e+01   5.5000000e+01   0.0000000e+00   2.7000000e+00
   2.0170000e+03   8.0000000e+00   8.0000000e+00   1.0000000e+01   5.6000000e+01   0.0000000e+00   1.8000000e+00
   2.0170000e+03   8.0000000e+00   8.0000000e+00   1.0000000e+01   5.7000000e+01   0.0000000e+00   1.5000000e+00
   2.0170000e+03   8.0000000e+00   8.0000000e+00   1.0000000e+01   5.8000000e+01   0.0000000e+00   1.8000000e+00
   2.0170000e+03   8.0000000e+00   8.0000000e+00   1.0000000e+01   5.9000000e+01   0.0000000e+00   1.4999999e+00
   2.0170000e+03   8.0000000e+00   8.0000000e+00   1.1000000e+01   0.0000000e+00   0.0000000e+00   1.5000001e+00
   2.0170000e+03   8.0000000e+00   8.0000000e+00   1.1000000e+01   1.0000000e+00   0.0000000e+00   3.0000000e+00
   2.0170000e+03   8.0000000e+00   8.0000000e+00   1.1000000e+01   2.0000000e+00   0.0000000e+00   4.4999999e+00
   2.0170000e+03   8.0000000e+00   8.0000000e+00   1.1000000e+01   3.0000000e+00   0.0000000e+00   4.2000002e+00
   2.0170000e+03   8.0000000e+00   8.0000000e+00   1.1000000e+01   4.0000000e+00   0.0000000e+00   2.4000000e+00
   2.0170000e+03   8.0000000e+00   8.0000000e+00   1.1000000e+01   5.0000000e+00   0.0000000e+00   3.0000000e+00
   2.0170000e+03   8.0000000e+00   8.0000000e+00   1.1000000e+01   6.0000000e+00   0.0000000e+00   3.6000000e+00
   2.0170000e+03   8.0000000e+00   8.0000000e+00   1.1000000e+01   7.0000000e+00   0.0000000e+00   3.0000000e+00
   2.0170000e+03   8.0000000e+00   8.0000000e+00   1.1000000e+01   8.0000000e+00   0.0000000e+00   3.6000000e+00
   2.0170000e+03   8.0000000e+00   8.0000000e+00   1.1000000e+01   9.0000000e+00   0.0000000e+00   4.2000000e+00
   2.0170000e+03   8.0000000e+00   8.0000000e+00   1.1000000e+01   1.0000000e+01   0.0000000e+00   3.2999999e+00
   2.0170000e+03   8.0000000e+00   8.0000000e+00   1.1000000e+01   1.1000000e+01   0.0000000e+00   3.3000001e+00
   2.0170000e+03   8.0000000e+00   8.0000000e+00   1.1000000e+01   1.2000000e+01   0.0000000e+00   4.8000000e+00
   2.0170000e+03   8.0000000e+00   8.0000000e+00   1.1000000e+01   1.3000000e+01   0.0000000e+00   4.4999999e+00
   2.0170000e+03   8.0000000e+00   8.0000000e+00   1.1000000e+01   1.4000000e+01   0.0000000e+00   3.3000000e+00
   2.0170000e+03   8.0000000e+00   8.0000000e+00   1.1000000e+01   1.5000000e+01   0.0000000e+00   4.5000000e+00
   2.0170000e+03   8.0000000e+00   8.0000000e+00   1.1000000e+01   1.6000000e+01   0.0000000e+00   5.1000001e+00
   2.0170000e+03   8.0000000e+00   8.0000000e+00   1.1000000e+01   1.7000000e+01   0.0000000e+00   3.9000000e+00
   2.0170000e+03   8.0000000e+00   8.0000000e+00   1.1000000e+01   1.8000000e+01   0.0000000e+00   3.6000000e+00
   2.0170000e+03   8.0000000e+00   8.0000000e+00   1.1000000e+01   1.9000000e+01   0.0000000e+00   2.4000002e+00
   2.0170000e+03   8.0000000e+00   8.0000000e+00   1.1000000e+01   2.0000000e+01   0.0000000e+00   1.7999999e+00
   2.0170000e+03   8.0000000e+00   8.0000000e+00   1.1000000e+01   2.1000000e+01   0.0000000e+00   1.5000000e+00
   2.0170000e+03   8.0000000e+00   8.0000000e+00   1.1000000e+01   2.2000000e+01   0.0000000e+00   6.0000000e-01
   2.0170000e+03   8.0000000e+00   8.0000000e+00   1.1000000e+01   2.3000000e+01   0.0000000e+00   3.0000000e-01
   2.0170000e+03   8.0000000e+00   8.0000000e+00   1.1000000e+01   2.4000000e+01   0.0000000e+00   3.0000000e-01
   2.0170000e+03   8.0000000e+00   8.0000000e+00   1.1000000e+01   2.5000000e+01   0.0000000e+00   6.0000000e-01
   2.0170000e+03   8.0000000e+00   8.0000000e+00   1.1000000e+01   2.6000000e+01   0.0000000e+00   6.0000000e-01
   2.0170000e+03   8.0000000e+00   8.0000000e+00   1.1000000e+01   2.7000000e+01   0.0000000e+00   2.9999996e-01
   2.0170000e+03   8.0000000e+00   8.0000000e+00   1.1000000e+01   2.8000000e+01   0.0000000e+00   3.0000004e-01
   2.0170000e+03   8.0000000e+00   8.0000000e+00   1.1000000e+01   2.9000000e+01   0.0000000e+00   6.0000000e-01
   2.0170000e+03   8.0000000e+00   8.0000000e+00   1.1000000e+01   3.0000000e+01   0.0000000e+00   3.0000004e-01
   2.0170000e+03   8.0000000e+00   8.0000000e+00   1.1000000e+01   3.1000000e+01   0.0000000e+00   5.9999992e-01
   2.0170000e+03   8.0000000e+00   8.0000000e+00   1.1000000e+01   3.2000000e+01   0.0000000e+00   2.1000000e+00
   2.0170000e+03   8.0000000e+00   8.0000000e+00   1.1000000e+01   3.3000000e+01   0.0000000e+00   3.0000000e+00
   2.0170000e+03   8.0000000e+00   8.0000000e+00   1.1000000e+01   3.4000000e+01   0.0000000e+00   3.0000000e+00
   2.0170000e+03   8.0000000e+00   8.0000000e+00   1.1000000e+01   3.5000000e+01   0.0000000e+00   3.3000000e+00
   2.0170000e+03   8.0000000e+00   8.0000000e+00   1.1000000e+01   3.6000000e+01   0.0000000e+00   3.6000000e+00
   2.0170000e+03   8.0000000e+00   8.0000000e+00   1.1000000e+01   3.7000000e+01   0.0000000e+00   2.7000000e+00
   2.0170000e+03   8.0000000e+00   8.0000000e+00   1.1000000e+01   3.8000000e+01   0.0000000e+00   1.8000000e+00
   2.0170000e+03   8.0000000e+00   8.0000000e+00   1.1000000e+01   3.9000000e+01   0.0000000e+00   1.8000000e+00
   2.0170000e+03   8.0000000e+00   8.0000000e+00   1.1000000e+01   4.0000000e+01   0.0000000e+00   1.2000000e+00
   2.0170000e+03   8.0000000e+00   8.0000000e+00   1.1000000e+01   4.1000000e+01   0.0000000e+00   6.0000000e-01
   2.0170000e+03   8.0000000e+00   8.0000000e+00   1.1000000e+01   4.2000000e+01   0.0000000e+00   6.0000000e-01
   2.0170000e+03   8.0000000e+00   8.0000000e+00   1.1000000e+01   4.3000000e+01   0.0000000e+00   6.0000000e-01
   2.0170000e+03   8.0000000e+00   8.0000000e+00   1.1000000e+01   4.4000000e+01   0.0000000e+00   6.0000000e-01
   2.0170000e+03   8.0000000e+00   8.0000000e+00   1.1000000e+01   4.5000000e+01   0.0000000e+00   9.0000004e-01
   2.0170000e+03   8.0000000e+00   8.0000000e+00   1.1000000e+01   4.6000000e+01   0.0000000e+00   9.0000000e-01
   2.0170000e+03   8.0000000e+00   8.0000000e+00   1.1000000e+01   4.7000000e+01   0.0000000e+00   1.1999999e+00
   2.0170000e+03   8.0000000e+00   8.0000000e+00   1.1000000e+01   4.8000000e+01   0.0000000e+00   1.8000000e+00
   2.0170000e+03   8.0000000e+00   8.0000000e+00   1.1000000e+01   4.9000000e+01   0.0000000e+00   2.4000000e+00
   2.0170000e+03   8.0000000e+00   8.0000000e+00   1.1000000e+01   5.0000000e+01   0.0000000e+00   3.0000000e+00
   2.0170000e+03   8.0000000e+00   8.0000000e+00   1.1000000e+01   5.1000000e+01   0.0000000e+00   3.6000000e+00
   2.0170000e+03   8.0000000e+00   8.0000000e+00   1.1000000e+01   5.2000000e+01   0.0000000e+00   4.2000000e+00
   2.0170000e+03   8.0000000e+00   8.0000000e+00   1.1000000e+01   5.3000000e+01   0.0000000e+00   4.2000000e+00
   2.0170000e+03   8.0000000e+00   8.0000000e+00   1.1000000e+01   5.4000000e+01   0.0000000e+00   4.8000000e+00
   2.0170000e+03   8.0000000e+00   8.0000000e+00   1.1000000e+01   5.5000000e+01   0.0000000e+00   4.7999999e+00
   2.0170000e+03   8.0000000e+00   8.0000000e+00   1.1000000e+01   5.6000000e+01   0.0000000e+00   4.2000000e+00
   2.0170000e+03   8.0000000e+00   8.0000000e+00   1.1000000e+01   5.7000000e+01   0.0000000e+00   4.2000000e+00
   2.0170000e+03   8.0000000e+00   8.0000000e+00   1.1000000e+01   5.8000000e+01   0.0000000e+00   3.2999999e+00
   2.0170000e+03   8.0000000e+00   8.0000000e+00   1.1000000e+01   5.9000000e+01   0.0000000e+00   2.4000000e+00
   2.0170000e+03   8.0000000e+00   8.0000000e+00   1.2000000e+01   0.0000000e+00   0.0000000e+00   2.1000000e+00
   2.0170000e+03   8.0000000e+00   8.0000000e+00   1.2000000e+01   1.0000000e+00   0.0000000e+00   1.5000000e+00
   2.0170000e+03   8.0000000e+00   8.0000000e+00   1.2000000e+01   2.0000000e+00   0.0000000e+00   9.0000004e-01
   2.0170000e+03   8.0000000e+00   8.0000000e+00   1.2000000e+01   3.0000000e+00   0.0000000e+00   6.0000000e-01
   2.0170000e+03   8.0000000e+00   8.0000000e+00   1.2000000e+01   4.0000000e+00   0.0000000e+00   6.0000000e-01
   2.0170000e+03   8.0000000e+00   8.0000000e+00   1.2000000e+01   5.0000000e+00   0.0000000e+00   6.0000000e-01
   2.0170000e+03   8.0000000e+00   8.0000000e+00   1.2000000e+01   6.0000000e+00   0.0000000e+00   6.0000000e-01
   2.0170000e+03   8.0000000e+00   8.0000000e+00   1.2000000e+01   7.0000000e+00   0.0000000e+00   3.0000000e-01
   2.0170000e+03   8.0000000e+00   8.0000000e+00   1.2000000e+01   8.0000000e+00   0.0000000e+00   3.0000000e-01
   2.0170000e+03   8.0000000e+00   8.0000000e+00   1.2000000e+01   9.0000000e+00   0.0000000e+00   3.0000000e-01
   2.0170000e+03   8.0000000e+00   8.0000000e+00   1.2000000e+01   1.0000000e+01   0.0000000e+00   0.0000000e+00
   2.0170000e+03   8.0000000e+00   8.0000000e+00   1.2000000e+01   1.1000000e+01   0.0000000e+00   3.0000000e-01
   2.0170000e+03   8.0000000e+00   8.0000000e+00   1.2000000e+01   1.2000000e+01   0.0000000e+00   2.9999996e-01
   2.0170000e+03   8.0000000e+00   8.0000000e+00   1.2000000e+01   1.3000000e+01   0.0000000e+00   0.0000000e+00
   2.0170000e+03   8.0000000e+00   8.0000000e+00   1.2000000e+01   1.4000000e+01   0.0000000e+00   3.0000000e-01
   2.0170000e+03   8.0000000e+00   8.0000000e+00   1.2000000e+01   1.5000000e+01   0.0000000e+00   8.9999996e-01
   2.0170000e+03   8.0000000e+00   8.0000000e+00   1.2000000e+01   1.6000000e+01   0.0000000e+00   2.0999999e+00
   2.0170000e+03   8.0000000e+00   8.0000000e+00   1.2000000e+01   1.7000000e+01   0.0000000e+00   3.3000000e+00
   2.0170000e+03   8.0000000e+00   8.0000000e+00   1.2000000e+01   1.8000000e+01   0.0000000e+00   3.6000000e+00
   2.0170000e+03   8.0000000e+00   8.0000000e+00   1.2000000e+01   1.9000000e+01   0.0000000e+00   3.9000000e+00
   2.0170000e+03   8.0000000e+00   8.0000000e+00   1.2000000e+01   2.0000000e+01   0.0000000e+00   3.9000000e+00
   2.0170000e+03   8.0000000e+00   8.0000000e+00   1.2000000e+01   2.1000000e+01   0.0000000e+00   3.6000000e+00
   2.0170000e+03   8.0000000e+00   8.0000000e+00   1.2000000e+01   2.2000000e+01   0.0000000e+00   3.9000000e+00
   2.0170000e+03   8.0000000e+00   8.0000000e+00   1.2000000e+01   2.3000000e+01   0.0000000e+00   3.6000000e+00
   2.0170000e+03   8.0000000e+00   8.0000000e+00   1.2000000e+01   2.4000000e+01   0.0000000e+00   3.0000000e+00
   2.0170000e+03   8.0000000e+00   8.0000000e+00   1.2000000e+01   2.5000000e+01   0.0000000e+00   3.3000000e+00
   2.0170000e+03   8.0000000e+00   8.0000000e+00   1.2000000e+01   2.6000000e+01   0.0000000e+00   5.4000002e+00
   2.0170000e+03   8.0000000e+00   8.0000000e+00   1.2000000e+01   2.7000000e+01   0.0000000e+00   8.1000001e+00
   2.0170000e+03   8.0000000e+00   8.0000000e+00   1.2000000e+01   2.8000000e+01   0.0000000e+00   7.8000000e+00
   2.0170000e+03   8.0000000e+00   8.0000000e+00   1.2000000e+01   2.9000000e+01   0.0000000e+00   6.6000000e+00
   2.0170000e+03   8.0000000e+00   8.0000000e+00   1.2000000e+01   3.0000000e+01   0.0000000e+00   6.9000000e+00
   2.0170000e+03   8.0000000e+00   8.0000000e+00   1.2000000e+01   3.1000000e+01   0.0000000e+00   5.4000000e+00
   2.0170000e+03   8.0000000e+00   8.0000000e+00   1.2000000e+01   3.2000000e+01   0.0000000e+00   3.0000001e+00
   2.0170000e+03   8.0000000e+00   8.0000000e+00   1.2000000e+01   3.3000000e+01   0.0000000e+00   1.8000001e+00
   2.0170000e+03   8.0000000e+00   8.0000000e+00   1.2000000e+01   3.4000000e+01   0.0000000e+00   9.0000000e-01
   2.0170000e+03   8.0000000e+00   8.0000000e+00   1.2000000e+01   3.5000000e+01   0.0000000e+00   6.0000000e-01
   2.0170000e+03   8.0000000e+00   8.0000000e+00   1.2000000e+01   3.6000000e+01   0.0000000e+00   6.0000000e-01
   2.0170000e+03   8.0000000e+00   8.0000000e+00   1.2000000e+01   3.7000000e+01   0.0000000e+00   6.0000000e-01
   2.0170000e+03   8.0000000e+00   8.0000000e+00   1.2000000e+01   3.8000000e+01   0.0000000e+00   3.0000000e-01
   2.0170000e+03   8.0000000e+00   8.0000000e+00   1.2000000e+01   3.9000000e+01   0.0000000e+00   3.0000000e-01
   2.0170000e+03   8.0000000e+00   8.0000000e+00   1.2000000e+01   4.0000000e+01   0.0000000e+00   2.9999996e-01
   2.0170000e+03   8.0000000e+00   8.0000000e+00   1.2000000e+01   4.1000000e+01   0.0000000e+00   3.0000004e-01
   2.0170000e+03   8.0000000e+00   8.0000000e+00   1.2000000e+01   4.2000000e+01   0.0000000e+00   3.0000000e-01
   2.0170000e+03   8.0000000e+00   8.0000000e+00   1.2000000e+01   4.3000000e+01   0.0000000e+00   0.0000000e+00
   2.0170000e+03   8.0000000e+00   8.0000000e+00   1.2000000e+01   4.4000000e+01   0.0000000e+00   3.0000004e-01
   2.0170000e+03   8.0000000e+00   8.0000000e+00   1.2000000e+01   4.5000000e+01   0.0000000e+00   3.0000000e-01
   2.0170000e+03   8.0000000e+00   8.0000000e+00   1.2000000e+01   4.6000000e+01   0.0000000e+00   2.9999996e-01
   2.0170000e+03   8.0000000e+00   8.0000000e+00   1.2000000e+01   4.7000000e+01   0.0000000e+00   3.0000004e-01
   2.0170000e+03   8.0000000e+00   8.0000000e+00   1.2000000e+01   4.8000000e+01   0.0000000e+00   3.0000000e-01
   2.0170000e+03   8.0000000e+00   8.0000000e+00   1.2000000e+01   4.9000000e+01   0.0000000e+00   2.9999997e+00
   2.0170000e+03   8.0000000e+00   8.0000000e+00   1.2000000e+01   5.0000000e+01   0.0000000e+00   9.2999995e+00
   2.0170000e+03   8.0000000e+00   8.0000000e+00   1.2000000e+01   5.1000000e+01   0.0000000e+00   1.2000000e+01
   2.0170000e+03   8.0000000e+00   8.0000000e+00   1.2000000e+01   5.2000000e+01   0.0000000e+00   1.1100000e+01
   2.0170000e+03   8.0000000e+00   8.0000000e+00   1.2000000e+01   5.3000000e+01   0.0000000e+00   1.0800000e+01
   2.0170000e+03   8.0000000e+00   8.0000000e+00   1.2000000e+01   5.4000000e+01   0.0000000e+00   8.4000000e+00
   2.0170000e+03   8.0000000e+00   8.0000000e+00   1.2000000e+01   5.5000000e+01   0.0000000e+00   5.4000000e+00
   2.0170000e+03   8.0000000e+00   8.0000000e+00   1.2000000e+01   5.6000000e+01   0.0000000e+00   3.9000000e+00
   2.0170000e+03   8.0000000e+00   8.0000000e+00   1.2000000e+01   5.7000000e+01   0.0000000e+00   3.9000000e+00
   2.0170000e+03   8.0000000e+00   8.0000000e+00   1.2000000e+01   5.8000000e+01   0.0000000e+00   3.9000000e+00
   2.0170000e+03   8.0000000e+00   8.0000000e+00   1.2000000e+01   5.9000000e+01   0.0000000e+00   3.6000000e+00
   2.0170000e+03   8.0000000e+00   8.0000000e+00   1.3000000e+01   0.0000000e+00   0.0000000e+00   3.3000000e+00
   2.0170000e+03   8.0000000e+00   8.0000000e+00   1.3000000e+01   1.0000000e+00   0.0000000e+00   2.7000000e+00
   2.0170000e+03   8.0000000e+00   8.0000000e+00   1.3000000e+01   2.0000000e+00   0.0000000e+00   3.3000000e+00
   2.0170000e+03   8.0000000e+00   8.0000000e+00   1.3000000e+01   3.0000000e+00   0.0000000e+00   4.7999999e+00
   2.0170000e+03   8.0000000e+00   8.0000000e+00   1.3000000e+01   4.0000000e+00   0.0000000e+00   4.5000001e+00
   2.0170000e+03   8.0000000e+00   8.0000000e+00   1.3000000e+01   5.0000000e+00   0.0000000e+00   3.0000000e+00
   2.0170000e+03   8.0000000e+00   8.0000000e+00   1.3000000e+01   6.0000000e+00   0.0000000e+00   2.1000000e+00
   2.0170000e+03   8.0000000e+00   8.0000000e+00   1.3000000e+01   7.0000000e+00   0.0000000e+00   2.4000000e+00
   2.0170000e+03   8.0000000e+00   8.0000000e+00   1.3000000e+01   8.0000000e+00   0.0000000e+00   2.1000000e+00
   2.0170000e+03   8.0000000e+00   8.0000000e+00   1.3000000e+01   9.0000000e+00   0.0000000e+00   1.2000000e+00
   2.0170000e+03   8.0000000e+00   8.0000000e+00   1.3000000e+01   1.0000000e+01   0.0000000e+00   1.5000000e+00
   2.0170000e+03   8.0000000e+00   8.0000000e+00   1.3000000e+01   1.1000000e+01   0.0000000e+00   1.1999999e+00
   2.0170000e+03   8.0000000e+00   8.0000000e+00   1.3000000e+01   1.2000000e+01   0.0000000e+00   9.0000004e-01
   2.0170000e+03   8.0000000e+00   8.0000000e+00   1.3000000e+01   1.3000000e+01   0.0000000e+00   9.0000000e-01
   2.0170000e+03   8.0000000e+00   8.0000000e+00   1.3000000e+01   1.4000000e+01   0.0000000e+00   9.0000004e-01
   2.0170000e+03   8.0000000e+00   8.0000000e+00   1.3000000e+01   1.5000000e+01   0.0000000e+00   5.9999992e-01
   2.0170000e+03   8.0000000e+00   8.0000000e+00   1.3000000e+01   1.6000000e+01   0.0000000e+00   3.0000000e-01
   2.0170000e+03   8.0000000e+00   8.0000000e+00   1.3000000e+01   1.7000000e+01   0.0000000e+00   3.0000004e-01
   2.0170000e+03   8.0000000e+00   8.0000000e+00   1.3000000e+01   1.8000000e+01   0.0000000e+00   0.0000000e+00
   2.0170000e+03   8.0000000e+00   8.0000000e+00   1.3000000e+01   1.9000000e+01   0.0000000e+00   3.0000000e-01
   2.0170000e+03   8.0000000e+00   8.0000000e+00   1.3000000e+01   2.0000000e+01   0.0000000e+00   3.0000000e-01
   2.0170000e+03   8.0000000e+00   8.0000000e+00   1.3000000e+01   2.1000000e+01   0.0000000e+00   0.0000000e+00
   2.0170000e+03   8.0000000e+00   8.0000000e+00   1.3000000e+01   2.2000000e+01   0.0000000e+00   0.0000000e+00
   2.0170000e+03   8.0000000e+00   8.0000000e+00   1.3000000e+01   2.3000000e+01   0.0000000e+00   0.0000000e+00
   2.0170000e+03   8.0000000e+00   8.0000000e+00   1.3000000e+01   2.4000000e+01   0.0000000e+00   0.0000000e+00
   2.0170000e+03   8.0000000e+00   8.0000000e+00   1.3000000e+01   2.5000000e+01   0.0000000e+00   0.0000000e+00
   2.0170000e+03   8.0000000e+00   8.0000000e+00   1.3000000e+01   2.6000000e+01   0.0000000e+00   3.0000004e-01
   2.0170000e+03   8.0000000e+00   8.0000000e+00   1.3000000e+01   2.7000000e+01   0.0000000e+00   6.0000000e-01
   2.0170000e+03   8.0000000e+00   8.0000000e+00   1.3000000e+01   2.8000000e+01   0.0000000e+00   6.0000000e-01
   2.0170000e+03   8.0000000e+00   8.0000000e+00   1.3000000e+01   2.9000000e+01   0.0000000e+00   2.9999996e-01
   2.0170000e+03   8.0000000e+00   8.0000000e+00   1.3000000e+01   3.0000000e+01   0.0000000e+00   6.0000000e-01
   2.0170000e+03   8.0000000e+00   8.0000000e+00   1.3000000e+01   3.1000000e+01   0.0000000e+00   2.0999999e+00
   2.0170000e+03   8.0000000e+00   8.0000000e+00   1.3000000e+01   3.2000000e+01   0.0000000e+00   3.8999999e+00
   2.0170000e+03   8.0000000e+00   8.0000000e+00   1.3000000e+01   3.3000000e+01   0.0000000e+00   4.2000000e+00
   2.0170000e+03   8.0000000e+00   8.0000000e+00   1.3000000e+01   3.4000000e+01   0.0000000e+00   3.6000000e+00
   2.0170000e+03   8.0000000e+00   8.0000000e+00   1.3000000e+01   3.5000000e+01   0.0000000e+00   3.9000000e+00
   2.0170000e+03   8.0000000e+00   8.0000000e+00   1.3000000e+01   3.6000000e+01   0.0000000e+00   4.5000000e+00
   2.0170000e+03   8.0000000e+00   8.0000000e+00   1.3000000e+01   3.7000000e+01   0.0000000e+00   5.1000000e+00
   2.0170000e+03   8.0000000e+00   8.0000000e+00   1.3000000e+01   3.8000000e+01   0.0000000e+00   5.1000000e+00
   2.0170000e+03   8.0000000e+00   8.0000000e+00   1.3000000e+01   3.9000000e+01   0.0000000e+00   5.1000000e+00
   2.0170000e+03   8.0000000e+00   8.0000000e+00   1.3000000e+01   4.0000000e+01   0.0000000e+00   4.5000000e+00
   2.0170000e+03   8.0000000e+00   8.0000000e+00   1.3000000e+01   4.1000000e+01   0.0000000e+00   4.2000000e+00
   2.0170000e+03   8.0000000e+00   8.0000000e+00   1.3000000e+01   4.2000000e+01   0.0000000e+00   4.8000000e+00
   2.0170000e+03   8.0000000e+00   8.0000000e+00   1.3000000e+01   4.3000000e+01   0.0000000e+00   4.5000000e+00
   2.0170000e+03   8.0000000e+00   8.0000000e+00   1.3000000e+01   4.4000000e+01   0.0000000e+00   3.6000000e+00
   2.0170000e+03   8.0000000e+00   8.0000000e+00   1.3000000e+01   4.5000000e+01   0.0000000e+00   2.4000001e+00
   2.0170000e+03   8.0000000e+00   8.0000000e+00   1.3000000e+01   4.6000000e+01   0.0000000e+00   1.8000000e+00
   2.0170000e+03   8.0000000e+00   8.0000000e+00   1.3000000e+01   4.7000000e+01   0.0000000e+00   2.1000000e+00
   2.0170000e+03   8.0000000e+00   8.0000000e+00   1.3000000e+01   4.8000000e+01   0.0000000e+00   2.7000000e+00
   2.0170000e+03   8.0000000e+00   8.0000000e+00   1.3000000e+01   4.9000000e+01   0.0000000e+00   3.3000000e+00
   2.0170000e+03   8.0000000e+00   8.0000000e+00   1.3000000e+01   5.0000000e+01   0.0000000e+00   4.5000000e+00
   2.0170000e+03   8.0000000e+00   8.0000000e+00   1.3000000e+01   5.1000000e+01   0.0000000e+00   5.1000000e+00
   2.0170000e+03   8.0000000e+00   8.0000000e+00   1.3000000e+01   5.2000000e+01   0.0000000e+00   4.2000000e+00
   2.0170000e+03   8.0000000e+00   8.0000000e+00   1.3000000e+01   5.3000000e+01   0.0000000e+00   3.6000000e+00
   2.0170000e+03   8.0000000e+00   8.0000000e+00   1.3000000e+01   5.4000000e+01   0.0000000e+00   3.0000000e+00
   2.0170000e+03   8.0000000e+00   8.0000000e+00   1.3000000e+01   5.5000000e+01   0.0000000e+00   2.4000000e+00
   2.0170000e+03   8.0000000e+00   8.0000000e+00   1.3000000e+01   5.6000000e+01   0.0000000e+00   1.7999999e+00
   2.0170000e+03   8.0000000e+00   8.0000000e+00   1.3000000e+01   5.7000000e+01   0.0000000e+00   1.5000000e+00
   2.0170000e+03   8.0000000e+00   8.0000000e+00   1.3000000e+01   5.8000000e+01   0.0000000e+00   1.5000000e+00
   2.0170000e+03   8.0000000e+00   8.0000000e+00   1.3000000e+01   5.9000000e+01   0.0000000e+00   1.2000000e+00
   2.0170000e+03   8.0000000e+00   8.0000000e+00   1.4000000e+01   0.0000000e+00   0.0000000e+00   8.9999996e-01
   2.0170000e+03   8.0000000e+00   8.0000000e+00   1.4000000e+01   1.0000000e+00   0.0000000e+00   6.0000000e-01
   2.0170000e+03   8.0000000e+00   8.0000000e+00   1.4000000e+01   2.0000000e+00   0.0000000e+00   6.0000000e-01
   2.0170000e+03   8.0000000e+00   8.0000000e+00   1.4000000e+01   3.0000000e+00   0.0000000e+00   6.0000000e-01
   2.0170000e+03   8.0000000e+00   8.0000000e+00   1.4000000e+01   4.0000000e+00   0.0000000e+00   3.0000000e-01
   2.0170000e+03   8.0000000e+00   8.0000000e+00   1.4000000e+01   5.0000000e+00   0.0000000e+00   0.0000000e+00
   2.0170000e+03   8.0000000e+00   8.0000000e+00   1.4000000e+01   6.0000000e+00   0.0000000e+00   3.0000000e-01
   2.0170000e+03   8.0000000e+00   8.0000000e+00   1.4000000e+01   7.0000000e+00   0.0000000e+00   6.0000000e-01
   2.0170000e+03   8.0000000e+00   8.0000000e+00   1.4000000e+01   8.0000000e+00   0.0000000e+00   1.2000000e+00
   2.0170000e+03   8.0000000e+00   8.0000000e+00   1.4000000e+01   9.0000000e+00   0.0000000e+00   2.1000000e+00
   2.0170000e+03   8.0000000e+00   8.0000000e+00   1.4000000e+01   1.0000000e+01   0.0000000e+00   3.0000001e+00
   2.0170000e+03   8.0000000e+00   8.0000000e+00   1.4000000e+01   1.1000000e+01   0.0000000e+00   4.5000001e+00
   2.0170000e+03   8.0000000e+00   8.0000000e+00   1.4000000e+01   1.2000000e+01   0.0000000e+00   4.5000000e+00
   2.0170000e+03   8.0000000e+00   8.0000000e+00   1.4000000e+01   1.3000000e+01   0.0000000e+00   4.5000001e+00
   2.0170000e+03   8.0000000e+00   8.0000000e+00   1.4000000e+01   1.4000000e+01   0.0000000e+00   4.1999998e+00
   2.0170000e+03   8.0000000e+00   8.0000000e+00   1.4000000e+01   1.5000000e+01   0.0000000e+00   3.3000000e+00
   2.0170000e+03   8.0000000e+00   8.0000000e+00   1.4000000e+01   1.6000000e+01   0.0000000e+00   3.9000000e+00
   2.0170000e+03   8.0000000e+00   8.0000000e+00   1.4000000e+01   1.7000000e+01   0.0000000e+00   3.6000001e+00
   2.0170000e+03   8.0000000e+00   8.0000000e+00   1.4000000e+01   1.8000000e+01   0.0000000e+00   2.7000000e+00
   2.0170000e+03   8.0000000e+00   8.0000000e+00   1.4000000e+01   1.9000000e+01   0.0000000e+00   1.8000001e+00
   2.0170000e+03   8.0000000e+00   8.0000000e+00   1.4000000e+01   2.0000000e+01   0.0000000e+00   1.2000000e+00
   2.0170000e+03   8.0000000e+00   8.0000000e+00   1.4000000e+01   2.1000000e+01   0.0000000e+00   1.2000000e+00
   2.0170000e+03   8.0000000e+00   8.0000000e+00   1.4000000e+01   2.2000000e+01   0.0000000e+00   9.0000000e-01
   2.0170000e+03   8.0000000e+00   8.0000000e+00   1.4000000e+01   2.3000000e+01   0.0000000e+00   3.0000000e-01
   2.0170000e+03   8.0000000e+00   8.0000000e+00   1.4000000e+01   2.4000000e+01   0.0000000e+00   3.0000000e-01
   2.0170000e+03   8.0000000e+00   8.0000000e+00   1.4000000e+01   2.5000000e+01   0.0000000e+00   6.0000000e-01
   2.0170000e+03   8.0000000e+00   8.0000000e+00   1.4000000e+01   2.6000000e+01   0.0000000e+00   6.0000000e-01
   2.0170000e+03   8.0000000e+00   8.0000000e+00   1.4000000e+01   2.7000000e+01   0.0000000e+00   6.0000000e-01
   2.0170000e+03   8.0000000e+00   8.0000000e+00   1.4000000e+01   2.8000000e+01   0.0000000e+00   6.0000000e-01
   2.0170000e+03   8.0000000e+00   8.0000000e+00   1.4000000e+01   2.9000000e+01   0.0000000e+00   6.0000000e-01
   2.0170000e+03   8.0000000e+00   8.0000000e+00   1.4000000e+01   3.0000000e+01   0.0000000e+00   3.0000004e-01
   2.0170000e+03   8.0000000e+00   8.0000000e+00   1.4000000e+01   3.1000000e+01   0.0000000e+00   8.9999989e-01
   2.0170000e+03   8.0000000e+00   8.0000000e+00   1.4000000e+01   3.2000000e+01   0.0000000e+00   2.4000000e+00
   2.0170000e+03   8.0000000e+00   8.0000000e+00   1.4000000e+01   3.3000000e+01   0.0000000e+00   2.7000000e+00
   2.0170000e+03   8.0000000e+00   8.0000000e+00   1.4000000e+01   3.4000000e+01   0.0000000e+00   2.1000000e+00
   2.0170000e+03   8.0000000e+00   8.0000000e+00   1.4000000e+01   3.5000000e+01   0.0000000e+00   1.5000000e+00
   2.0170000e+03   8.0000000e+00   8.0000000e+00   1.4000000e+01   3.6000000e+01   0.0000000e+00   9.0000000e-01
   2.0170000e+03   8.0000000e+00   8.0000000e+00   1.4000000e+01   3.7000000e+01   0.0000000e+00   6.0000000e-01
   2.0170000e+03   8.0000000e+00   8.0000000e+00   1.4000000e+01   3.8000000e+01   0.0000000e+00   6.0000000e-01
   2.0170000e+03   8.0000000e+00   8.0000000e+00   1.4000000e+01   3.9000000e+01   0.0000000e+00   6.0000000e-01
   2.0170000e+03   8.0000000e+00   8.0000000e+00   1.4000000e+01   4.0000000e+01   0.0000000e+00   9.0000000e-01
   2.0170000e+03   8.0000000e+00   8.0000000e+00   1.4000000e+01   4.1000000e+01   0.0000000e+00   8.9999996e-01
   2.0170000e+03   8.0000000e+00   8.0000000e+00   1.4000000e+01   4.2000000e+01   0.0000000e+00   9.0000004e-01
   2.0170000e+03   8.0000000e+00   8.0000000e+00   1.4000000e+01   4.3000000e+01   0.0000000e+00   9.0000000e-01
   2.0170000e+03   8.0000000e+00   8.0000000e+00   1.4000000e+01   4.4000000e+01   0.0000000e+00   6.0000000e-01
   2.0170000e+03   8.0000000e+00   8.0000000e+00   1.4000000e+01   4.5000000e+01   0.0000000e+00   6.0000000e-01
   2.0170000e+03   8.0000000e+00   8.0000000e+00   1.4000000e+01   4.6000000e+01   0.0000000e+00   6.0000000e-01
   2.0170000e+03   8.0000000e+00   8.0000000e+00   1.4000000e+01   4.7000000e+01   0.0000000e+00   3.0000004e-01
   2.0170000e+03   8.0000000e+00   8.0000000e+00   1.4000000e+01   4.8000000e+01   0.0000000e+00   2.9999996e-01
   2.0170000e+03   8.0000000e+00   8.0000000e+00   1.4000000e+01   4.9000000e+01   0.0000000e+00   3.0000000e-01
   2.0170000e+03   8.0000000e+00   8.0000000e+00   1.4000000e+01   5.0000000e+01   0.0000000e+00   0.0000000e+00
   2.0170000e+03   8.0000000e+00   8.0000000e+00   1.4000000e+01   5.1000000e+01   0.0000000e+00   3.0000000e-01
   2.0170000e+03   8.0000000e+00   8.0000000e+00   1.4000000e+01   5.2000000e+01   0.0000000e+00   3.0000000e-01
   2.0170000e+03   8.0000000e+00   8.0000000e+00   1.4000000e+01   5.3000000e+01   0.0000000e+00   0.0000000e+00
   2.0170000e+03   8.0000000e+00   8.0000000e+00   1.4000000e+01   5.4000000e+01   0.0000000e+00   3.0000000e-01
   2.0170000e+03   8.0000000e+00   8.0000000e+00   1.4000000e+01   5.5000000e+01   0.0000000e+00   2.9999996e-01
   2.0170000e+03   8.0000000e+00   8.0000000e+00   1.4000000e+01   5.6000000e+01   0.0000000e+00   0.0000000e+00
   2.0170000e+03   8.0000000e+00   8.0000000e+00   1.4000000e+01   5.7000000e+01   0.0000000e+00   0.0000000e+00
   2.0170000e+03   8.0000000e+00   8.0000000e+00   1.4000000e+01   5.8000000e+01   0.0000000e+00   9.0000011e-01
   2.0170000e+03   8.0000000e+00   8.0000000e+00   1.4000000e+01   5.9000000e+01   0.0000000e+00   1.8000000e+00
   2.0170000e+03   8.0000000e+00   8.0000000e+00   1.5000000e+01   0.0000000e+00   0.0000000e+00   1.8000000e+00
   2.0170000e+03   8.0000000e+00   8.0000000e+00   1.5000000e+01   1.0000000e+00   0.0000000e+00   1.8000000e+00
   2.0170000e+03   8.0000000e+00   8.0000000e+00   1.5000000e+01   2.0000000e+00   0.0000000e+00   1.2000001e+00
   2.0170000e+03   8.0000000e+00   8.0000000e+00   1.5000000e+01   3.0000000e+00   0.0000000e+00   9.0000000e-01
   2.0170000e+03   8.0000000e+00   8.0000000e+00   1.5000000e+01   4.0000000e+00   0.0000000e+00   9.0000004e-01
   2.0170000e+03   8.0000000e+00   8.0000000e+00   1.5000000e+01   5.0000000e+00   0.0000000e+00   1.1999999e+00
   2.0170000e+03   8.0000000e+00   8.0000000e+00   1.5000000e+01   6.0000000e+00   0.0000000e+00   1.8000000e+00
   2.0170000e+03   8.0000000e+00   8.0000000e+00   1.5000000e+01   7.0000000e+00   0.0000000e+00   2.4000000e+00
   2.0170000e+03   8.0000000e+00   8.0000000e+00   1.5000000e+01   8.0000000e+00   0.0000000e+00   3.3000000e+00
   2.0170000e+03   8.0000000e+00   8.0000000e+00   1.5000000e+01   9.0000000e+00   0.0000000e+00   3.6000000e+00
   2.0170000e+03   8.0000000e+00   8.0000000e+00   1.5000000e+01   1.0000000e+01   0.0000000e+00   3.0000000e+00
   2.0170000e+03   8.0000000e+00   8.0000000e+00   1.5000000e+01   1.1000000e+01   0.0000000e+00   2.4000000e+00
   2.0170000e+03   8.0000000e+00   8.0000000e+00   1.5000000e+01   1.2000000e+01   0.0000000e+00   2.7000000e+00
   2.0170000e+03   8.0000000e+00   8.0000000e+00   1.5000000e+01   1.3000000e+01   0.0000000e+00   2.0999999e+00
   2.0170000e+03   8.0000000e+00   8.0000000e+00   1.5000000e+01   1.4000000e+01   0.0000000e+00   9.0000000e-01
   2.0170000e+03   8.0000000e+00   8.0000000e+00   1.5000000e+01   1.5000000e+01   0.0000000e+00   6.0000000e-01
   2.0170000e+03   8.0000000e+00   8.0000000e+00   1.5000000e+01   1.6000000e+01   0.0000000e+00   3.0000004e-01
   2.0170000e+03   8.0000000e+00   8.0000000e+00   1.5000000e+01   1.7000000e+01   0.0000000e+00   3.0000000e-01
   2.0170000e+03   8.0000000e+00   8.0000000e+00   1.5000000e+01   1.8000000e+01   0.0000000e+00   6.0000000e-01
   2.0170000e+03   8.0000000e+00   8.0000000e+00   1.5000000e+01   1.9000000e+01   0.0000000e+00   1.4999999e+00
   2.0170000e+03   8.0000000e+00   8.0000000e+00   1.5000000e+01   2.0000000e+01   0.0000000e+00   2.1000000e+00
   2.0170000e+03   8.0000000e+00   8.0000000e+00   1.5000000e+01   2.1000000e+01   0.0000000e+00   2.7000000e+00
   2.0170000e+03   8.0000000e+00   8.0000000e+00   1.5000000e+01   2.2000000e+01   0.0000000e+00   3.9000000e+00
   2.0170000e+03   8.0000000e+00   8.0000000e+00   1.5000000e+01   2.3000000e+01   0.0000000e+00   3.6000000e+00
   2.0170000e+03   8.0000000e+00   8.0000000e+00   1.5000000e+01   2.4000000e+01   0.0000000e+00   2.4000000e+00
   2.0170000e+03   8.0000000e+00   8.0000000e+00   1.5000000e+01   2.5000000e+01   0.0000000e+00   2.4000000e+00
   2.0170000e+03   8.0000000e+00   8.0000000e+00   1.5000000e+01   2.6000000e+01   0.0000000e+00   3.3000000e+00
   2.0170000e+03   8.0000000e+00   8.0000000e+00   1.5000000e+01   2.7000000e+01   0.0000000e+00   2.6999999e+00
   2.0170000e+03   8.0000000e+00   8.0000000e+00   1.5000000e+01   2.8000000e+01   0.0000000e+00   1.8000000e+00
   2.0170000e+03   8.0000000e+00   8.0000000e+00   1.5000000e+01   2.9000000e+01   0.0000000e+00   2.4000001e+00
   2.0170000e+03   8.0000000e+00   8.0000000e+00   1.5000000e+01   3.0000000e+01   0.0000000e+00   3.0000000e+00
   2.0170000e+03   8.0000000e+00   8.0000000e+00   1.5000000e+01   3.1000000e+01   0.0000000e+00   3.6000000e+00
   2.0170000e+03   8.0000000e+00   8.0000000e+00   1.5000000e+01   3.2000000e+01   0.0000000e+00   5.0999999e+00
   2.0170000e+03   8.0000000e+00   8.0000000e+00   1.5000000e+01   3.3000000e+01   0.0000000e+00   6.3000000e+00
   2.0170000e+03   8.0000000e+00   8.0000000e+00   1.5000000e+01   3.4000000e+01   0.0000000e+00   4.8000000e+00
   2.0170000e+03   8.0000000e+00   8.0000000e+00   1.5000000e+01   3.5000000e+01   0.0000000e+00   3.6000000e+00
   2.0170000e+03   8.0000000e+00   8.0000000e+00   1.5000000e+01   3.6000000e+01   0.0000000e+00   3.9000000e+00
   2.0170000e+03   8.0000000e+00   8.0000000e+00   1.5000000e+01   3.7000000e+01   0.0000000e+00   2.7000000e+00
   2.0170000e+03   8.0000000e+00   8.0000000e+00   1.5000000e+01   3.8000000e+01   0.0000000e+00   1.2000000e+00
   2.0170000e+03   8.0000000e+00   8.0000000e+00   1.5000000e+01   3.9000000e+01   0.0000000e+00   6.0000000e-01
   2.0170000e+03   8.0000000e+00   8.0000000e+00   1.5000000e+01   4.0000000e+01   0.0000000e+00   6.0000000e-01
   2.0170000e+03   8.0000000e+00   8.0000000e+00   1.5000000e+01   4.1000000e+01   0.0000000e+00   2.9999996e-01
   2.0170000e+03   8.0000000e+00   8.0000000e+00   1.5000000e+01   4.2000000e+01   0.0000000e+00   3.0000000e-01
   2.0170000e+03   8.0000000e+00   8.0000000e+00   1.5000000e+01   4.3000000e+01   0.0000000e+00   2.9999996e-01
   2.0170000e+03   8.0000000e+00   8.0000000e+00   1.5000000e+01   4.4000000e+01   0.0000000e+00   0.0000000e+00
   2.0170000e+03   8.0000000e+00   8.0000000e+00   1.5000000e+01   4.5000000e+01   0.0000000e+00   3.0000000e-01
   2.0170000e+03   8.0000000e+00   8.0000000e+00   1.5000000e+01   4.6000000e+01   0.0000000e+00   3.0000004e-01
   2.0170000e+03   8.0000000e+00   8.0000000e+00   1.5000000e+01   4.7000000e+01   0.0000000e+00   0.0000000e+00
   2.0170000e+03   8.0000000e+00   8.0000000e+00   1.5000000e+01   4.8000000e+01   0.0000000e+00   0.0000000e+00
   2.0170000e+03   8.0000000e+00   8.0000000e+00   1.5000000e+01   4.9000000e+01   0.0000000e+00   0.0000000e+00
   2.0170000e+03   8.0000000e+00   8.0000000e+00   1.5000000e+01   5.0000000e+01   0.0000000e+00   0.0000000e+00
   2.0170000e+03   8.0000000e+00   8.0000000e+00   1.5000000e+01   5.1000000e+01   0.0000000e+00   0.0000000e+00
   2.0170000e+03   8.0000000e+00   8.0000000e+00   1.5000000e+01   5.2000000e+01   0.0000000e+00   0.0000000e+00
   2.0170000e+03   8.0000000e+00   8.0000000e+00   1.5000000e+01   5.3000000e+01   0.0000000e+00   0.0000000e+00
   2.0170000e+03   8.0000000e+00   8.0000000e+00   1.5000000e+01   5.4000000e+01   0.0000000e+00   0.0000000e+00
   2.0170000e+03   8.0000000e+00   8.0000000e+00   1.5000000e+01   5.5000000e+01   0.0000000e+00   0.0000000e+00
   2.0170000e+03   8.0000000e+00   8.0000000e+00   1.5000000e+01   5.6000000e+01   0.0000000e+00   3.0000000e-01
   2.0170000e+03   8.0000000e+00   8.0000000e+00   1.5000000e+01   5.7000000e+01   0.0000000e+00   2.9999996e-01
   2.0170000e+03   8.0000000e+00   8.0000000e+00   1.5000000e+01   5.8000000e+01   0.0000000e+00   0.0000000e+00
   2.0170000e+03   8.0000000e+00   8.0000000e+00   1.5000000e+01   5.9000000e+01   0.0000000e+00   0.0000000e+00
   2.0170000e+03   8.0000000e+00   8.0000000e+00   1.6000000e+01   0.0000000e+00   0.0000000e+00   0.0000000e+00