   2.0170000e+03   7.0000000e+00   2.4000000e+01   7.0000000e+00   0.0000000e+00   0.0000000e+00   0.0000000e+00
   2.0170000e+03   7.0000000e+00   2.4000000e+01   7.0000000e+00   1.0000000e+00   0.0000000e+00   0.0000000e+00
   2.0170000e+03   7.0000000e+00   2.4000000e+01   7.0000000e+00   2.0000000e+00   0.0000000e+00   0.0000000e+00
   2.0170000e+03   7.0000000e+00   2.4000000e+01   7.0000000e+00   3.0000000e+00   0.0000000e+00   1.4000000e-01
   2.0170000e+03   7.0000000e+00   2.4000000e+01   7.0000000e+00   4.0000000e+00   0.0000000e+00   4.6000002e-01
   2.0170000e+03   7.0000000e+00   2.4000000e+01   7.0000000e+00   5.0000000e+00   0.0000000e+00   0.0000000e+00
   2.0170000e+03   7.0000000e+00   2.4000000e+01   7.0000000e+00   6.0000000e+00   0.0000000e+00   0.0000000e+00
   2.0170000e+03   7.0000000e+00   2.4000000e+01   7.0000000e+00   7.0000000e+00   0.0000000e+00   0.0000000e+00
   2.0170000e+03   7.0000000e+00   2.4000000e+01   7.0000000e+00   8.0000000e+00   0.0000000e+00   0.0000000e+00
   2.0170000e+03   7.0000000e+00   2.4000000e+01   7.0000000e+00   9.0000000e+00   0.0000000e+00   0.0000000e+00
   2.0170000e+03   7.0000000e+00   2.4000000e+01   7.0000000e+00   1.0000000e+01   0.0000000e+00   0.0000000e+00
   2.0170000e+03   7.0000000e+00   2.4000000e+01   7.0000000e+00   1.1000000e+01   0.0000000e+00   1.4000000e-01
   2.0170000e+03   7.0000000e+00   2.4000000e+01   7.0000000e+00   1.2000000e+01   0.0000000e+00   4.5999998e-01
   2.0170000e+03   7.0000000e+00   2.4000000e+01   7.0000000e+00   1.3000000e+01   0.0000000e+00   0.0000000e+00
   2.0170000e+03   7.0000000e+00   2.4000000e+01   7.0000000e+00   1.4000000e+01   0.0000000e+00   0.0000000e+00
   2.0170000e+03   7.0000000e+00   2.4000000e+01   7.0000000e+00   1.5000000e+01   0.0000000e+00   0.0000000e+00
   2.0170000e+03   7.0000000e+00   2.4000000e+01   7.0000000e+00   1.6000000e+01   0.0000000e+00   0.0000000e+00
   2.0170000e+03   7.0000000e+00   2.4000000e+01   7.0000000e+00   1.7000000e+01   0.0000000e+00   0.0000000e+00
   2.0170000e+03   7.0000000e+00   2.4000000e+01   7.0000000e+00   1.8000000e+01   0.0000000e+00   0.0000000e+00
   2.0170000e+03   7.0000000e+00   2.4000000e+01   7.0000000e+00   1.9000000e+01   0.0000000e+00   0.0000000e+00
   2.0170000e+03   7.0000000e+00   2.4000000e+01   7.0000000e+00   2.0000000e+01   0.0000000e+00   1.4000000e-01
   2.0170000e+03   7.0000000e+00   2.4000000e+01   7.0000000e+00   2.1000000e+01   0.0000000e+00   4.6000002e-01
   2.0170000e+03   7.0000000e+00   2.4000000e+01   7.0000000e+00   2.2000000e+01   0.0000000e+00   0.0000000e+00
   2.0170000e+03   7.0000000e+00   2.4000000e+01   7.0000000e+00   2.3000000e+01   0.0000000e+00   0.0000000e+00
   2.0170000e+03   7.0000000e+00   2.4000000e+01   7.0000000e+00   2.4000000e+01   0.0000000e+00   0.0000000e+00
   2.0170000e+03   7.0000000e+00   2.4000000e+01   7.0000000e+00   2.5000000e+01   0.0000000e+00   0.0000000e+00
   2.0170000e+03   7.0000000e+00   2.4000000e+01   7.0000000e+00   2.6000000e+01   0.0000000e+00   0.0000000e+00
   2.0170000e+03   7.0000000e+00   2.4000000e+01   7.0000000e+00   2.7000000e+01   0.0000000e+00   0.0000000e+00
   2.0170000e+03   7.0000000e+00   2.4000000e+01   7.0000000e+00   2.8000000e+01   0.0000000e+00   0.0000000e+00
   2.0170000e+03   7.0000000e+00   2.4000000e+01   7.0000000e+00   2.9000000e+01   0.0000000e+00   0.0000000e+00
   2.0170000e+03   7.0000000e+00   2.4000000e+01   7.0000000e+00   3.0000000e+01   0.0000000e+00   0.0000000e+00
   2.0170000e+03   7.0000000e+00   2.4000000e+01   7.0000000e+00   3.1000000e+01   0.0000000e+00   1.4000000e-01
   2.0170000e+03   7.0000000e+00   2.4000000e+01   7.0000000e+00   3.2000000e+01   0.0000000e+00   4.6000002e-01
   2.0170000e+03   7.0000000e+00   2.4000000e+01   7.0000000e+00   3.3000000e+01   0.0000000e+00   0.0000000e+00
   2.0170000e+03   7.0000000e+00   2.4000000e+01   7.0000000e+00   3.4000000e+01   0.0000000e+00   0.0000000e+00
   2.0170000e+03   7.0000000e+00   2.4000000e+01   7.0000000e+00   3.5000000e+01   0.0000000e+00   0.0000000e+00
   2.0170000e+03   7.0000000e+00   2.4000000e+01   7.0000000e+00   3.6000000e+01   0.0000000e+00   0.0000000e+00
   2.0170000e+03   7.0000000e+00   2.4000000e+01   7.0000000e+00   3.7000000e+01   0.0000000e+00   0.0000000e+00
   2.0170000e+03   7.0000000e+00   2.4000000e+01   7.0000000e+00   3.8000000e+01   0.0000000e+00   0.0000000e+00
   2.0170000e+03   7.0000000e+00   2.4000000e+01   7.0000000e+00   3.9000000e+01   0.0000000e+00   0.0000000e+00
   2.0170000e+03   7.0000000e+00   2.4000000e+01   7.0000000e+00   4.0000000e+01   0.0000000e+00   0.0000000e+00
   2.0170000e+03   7.0000000e+00   2.4000000e+01   7.0000000e+00   4.1000000e+01   0.0000000e+00   0.0000000e+00
   2.0170000e+03   7.0000000e+00   2.4000000e+01   7.0000000e+00   4.2000000e+01   0.0000000e+00   0.0000000e+00
   2.0170000e+03   7.0000000e+00   2.4000000e+01   7.0000000e+00   4.3000000e+01   0.0000000e+00   0.0000000e+00
   2.0170000e+03   7.0000000e+00   2.4000000e+01   7.0000000e+00   4.4000000e+01   0.0000000e+00   0.0000000e+00
   2.0170000e+03   7.0000000e+00   2.4000000e+01   7.0000000e+00   4.5000000e+01   0.0000000e+00   1.4000000e-01
   2.0170000e+03   7.0000000e+00   2.4000000e+01   7.0000000e+00   4.6000000e+01   0.0000000e+00   4.5999998e-01
   2.0170000e+03   7.0000000e+00   2.4000000e+01   7.0000000e+00   4.7000000e+01   0.0000000e+00   0.0000000e+00
   2.0170000e+03   7.0000000e+00   2.4000000e+01   7.0000000e+00   4.8000000e+01   0.0000000e+00   5.6000000e-01
   2.0170000e+03   7.0000000e+00   2.4000000e+01   7.0000000e+00   4.9000000e+01   0.0000000e+00   1.9800001e+00
   2.0170000e+03   7.0000000e+00   2.4000000e+01   7.0000000e+00   5.0000000e+01   0.0000000e+00   7.3999994e-01
   2.0170000e+03   7.0000000e+00   2.4000000e+01   7.0000000e+00   5.1000000e+01   0.0000000e+00   1.0600000e+00
   2.0170000e+03   7.0000000e+00   2.4000000e+01   7.0000000e+00   5.2000000e+01   0.0000000e+00   1.0200000e+00
   2.0170000e+03   7.0000000e+00   2.4000000e+01   7.0000000e+00   5.3000000e+01   0.0000000e+00   2.4000000e+00
   2.0170000e+03   7.0000000e+00   2.4000000e+01   7.0000000e+00   5.4000000e+01   0.0000000e+00   2.4000000e+00
   2.0170000e+03   7.0000000e+00   2.4000000e+01   7.0000000e+00   5.5000000e+01   0.0000000e+00   2.1200000e+00
   2.0170000e+03   7.0000000e+00   2.4000000e+01   7.0000000e+00   5.6000000e+01   0.0000000e+00   1.2000000e+00
   2.0170000e+03   7.0000000e+00   2.4000000e+01   7.0000000e+00   5.7000000e+01   0.0000000e+00   1.2000000e+00
   2.0170000e+03   7.0000000e+00   2.4000000e+01   7.0000000e+00   5.8000000e+01   0.0000000e+00   1.2000000e+00
   2.0170000e+03   7.0000000e+00   2.4000000e+01   7.0000000e+00   5.9000000e+01   0.0000000e+00   1.0600000e+00
   2.0170000e+03   7.0000000e+00   2.4000000e+01   8.0000000e+00   0.0000000e+00   0.0000000e+00   6.0000000e-01
   2.0170000e+03   7.0000000e+00   2.4000000e+01   8.0000000e+00   1.0000000e+00   0.0000000e+00   6.0000000e-01
   2.0170000e+03   7.0000000e+00   2.4000000e+01   8.0000000e+00   2.0000000e+00   0.0000000e+00   4.6000000e-01
   2.0170000e+03   7.0000000e+00   2.4000000e+01   8.0000000e+00   3.0000000e+00   0.0000000e+00   2.7999996e-01
   2.0170000e+03   7.0000000e+00   2.4000000e+01   8.0000000e+00   4.0000000e+00   0.0000000e+00   1.7599998e+00
   2.0170000e+03   7.0000000e+00   2.4000000e+01   8.0000000e+00   5.0000000e+00   0.0000000e+00   4.0200000e+00
   2.0170000e+03   7.0000000e+00   2.4000000e+01   8.0000000e+00   6.0000000e+00   0.0000000e+00   4.9800001e+00
   2.0170000e+03   7.0000000e+00   2.4000000e+01   8.0000000e+00   7.0000000e+00   0.0000000e+00   3.0400002e+00
   2.0170000e+03   7.0000000e+00   2.4000000e+01   8.0000000e+00   8.0000000e+00   0.0000000e+00   1.0600000e+00
   2.0170000e+03   7.0000000e+00   2.4000000e+01   8.0000000e+00   9.0000000e+00   0.0000000e+00   6.0000000e-01
   2.0170000e+03   7.0000000e+00   2.4000000e+01   8.0000000e+00   1.0000000e+01   0.0000000e+00   4.6000000e-01
   2.0170000e+03   7.0000000e+00   2.4000000e+01   8.0000000e+00   1.1000000e+01   0.0000000e+00   1.4000002e-01
   2.0170000e+03   7.0000000e+00   2.4000000e+01   8.0000000e+00   1.2000000e+01   0.0000000e+00   4.5999994e-01
   2.0170000e+03   7.0000000e+00   2.4000000e+01   8.0000000e+00   1.3000000e+01   0.0000000e+00   0.0000000e+00
   2.0170000e+03   7.0000000e+00   2.4000000e+01   8.0000000e+00   1.4000000e+01   0.0000000e+00   1.4000002e-01
   2.0170000e+03   7.0000000e+00   2.4000000e+01   8.0000000e+00   1.5000000e+01   0.0000000e+00   4.5999994e-01
   2.0170000e+03   7.0000000e+00   2.4000000e+01   8.0000000e+00   1.6000000e+01   0.0000000e+00   0.0000000e+00
   2.0170000e+03   7.0000000e+00   2.4000000e+01   8.0000000e+00   1.7000000e+01   0.0000000e+00   0.0000000e+00
   2.0170000e+03   7.0000000e+00   2.4000000e+01   8.0000000e+00   1.8000000e+01   0.0000000e+00   1.3999994e-01
   2.0170000e+03   7.0000000e+00   2.4000000e+01   8.0000000e+00   1.9000000e+01   0.0000000e+00   4.6000000e-01
   2.0170000e+03   7.0000000e+00   2.4000000e+01   8.0000000e+00   2.0000000e+01   0.0000000e+00   0.0000000e+00
   2.0170000e+03   7.0000000e+00   2.4000000e+01   8.0000000e+00   2.1000000e+01   0.0000000e+00   1.3999994e-01
   2.0170000e+03   7.0000000e+00   2.4000000e+01   8.0000000e+00   2.2000000e+01   0.0000000e+00   6.0000000e-01
   2.0170000e+03   7.0000000e+00   2.4000000e+01   8.0000000e+00   2.3000000e+01   0.0000000e+00   6.0000000e-01
   2.0170000e+03   7.0000000e+00   2.4000000e+01   8.0000000e+00   2.4000000e+01   0.0000000e+00   7.4000000e-01
   2.0170000e+03   7.0000000e+00   2.4000000e+01   8.0000000e+00   2.5000000e+01   0.0000000e+00   1.0600000e+00
   2.0170000e+03   7.0000000e+00   2.4000000e+01   8.0000000e+00   2.6000000e+01   0.0000000e+00   7.4000000e-01
   2.0170000e+03   7.0000000e+00   2.4000000e+01   8.0000000e+00   2.7000000e+01   0.0000000e+00   1.0600000e+00
   2.0170000e+03   7.0000000e+00   2.4000000e+01   8.0000000e+00   2.8000000e+01   0.0000000e+00   4.5999998e-01
   2.0170000e+03   7.0000000e+00   2.4000000e+01   8.0000000e+00   2.9000000e+01   0.0000000e+00   1.4000006e-01
   2.0170000e+03   7.0000000e+00   2.4000000e+01   8.0000000e+00   3.0000000e+01   0.0000000e+00   6.0000000e-01
   2.0170000e+03   7.0000000e+00   2.4000000e+01   8.0000000e+00   3.1000000e+01   0.0000000e+00   4.5999998e-01
   2.0170000e+03   7.0000000e+00   2.4000000e+01   8.0000000e+00   3.2000000e+01   0.0000000e+00   0.0000000e+00
   2.0170000e+03   7.0000000e+00   2.4000000e+01   8.0000000e+00   3.3000000e+01   0.0000000e+00   1.4000000e-01
   2.0170000e+03   7.0000000e+00   2.4000000e+01   8.0000000e+00   3.4000000e+01   0.0000000e+00   4.6000002e-01
   2.0170000e+03   7.0000000e+00   2.4000000e+01   8.0000000e+00   3.5000000e+01   0.0000000e+00   0.0000000e+00
   2.0170000e+03   7.0000000e+00   2.4000000e+01   8.0000000e+00   3.6000000e+01   0.0000000e+00   0.0000000e+00
   2.0170000e+03   7.0000000e+00   2.4000000e+01   8.0000000e+00   3.7000000e+01   0.0000000e+00   1.4000000e-01
   2.0170000e+03   7.0000000e+00   2.4000000e+01   8.0000000e+00   3.8000000e+01   0.0000000e+00   4.6000000e-01
   2.0170000e+03   7.0000000e+00   2.4000000e+01   8.0000000e+00   3.9000000e+01   0.0000000e+00   0.0000000e+00
   2.0170000e+03   7.0000000e+00   2.4000000e+01   8.0000000e+00   4.0000000e+01   0.0000000e+00   0.0000000e+00
   2.0170000e+03   7.0000000e+00   2.4000000e+01   8.0000000e+00   4.1000000e+01   0.0000000e+00   0.0000000e+00
   2.0170000e+03   7.0000000e+00   2.4000000e+01   8.0000000e+00   4.2000000e+01   0.0000000e+00   0.0000000e+00
   2.0170000e+03   7.0000000e+00   2.4000000e+01   8.0000000e+00   4.3000000e+01   0.0000000e+00   0.0000000e+00
   2.0170000e+03   7.0000000e+00   2.4000000e+01   8.0000000e+00   4.4000000e+01   0.0000000e+00   1.4000000e-01
   2.0170000e+03   7.0000000e+00   2.4000000e+01   8.0000000e+00   4.5000000e+01   0.0000000e+00   4.5999998e-01
   2.0170000e+03   7.0000000e+00   2.4000000e+01   8.0000000e+00   4.6000000e+01   0.0000000e+00   0.0000000e+00
   2.0170000e+03   7.0000000e+00   2.4000000e+01   8.0000000e+00   4.7000000e+01   0.0000000e+00   0.0000000e+00
   2.0170000e+03   7.0000000e+00   2.4000000e+01   8.0000000e+00   4.8000000e+01   0.0000000e+00   0.0000000e+00
   2.0170000e+03   7.0000000e+00   2.4000000e+01   8.0000000e+00   4.9000000e+01   0.0000000e+00   0.0000000e+00
   2.0170000e+03   7.0000000e+00   2.4000000e+01   8.0000000e+00   5.0000000e+01   0.0000000e+00   2.8000000e-01
   2.0170000e+03   7.0000000e+00   2.4000000e+01   8.0000000e+00   5.1000000e+01   0.0000000e+00   1.3400000e+00
   2.0170000e+03   7.0000000e+00   2.4000000e+01   8.0000000e+00   5.2000000e+01   0.0000000e+00   2.2199998e+00
   2.0170000e+03   7.0000000e+00   2.4000000e+01   8.0000000e+00   5.3000000e+01   0.0000000e+00   4.3000000e+00
   2.0170000e+03   7.0000000e+00   2.4000000e+01   8.0000000e+00   5.4000000e+01   0.0000000e+00   6.6000000e+00
   2.0170000e+03   7.0000000e+00   2.4000000e+01   8.0000000e+00   5.5000000e+01   0.0000000e+00   6.1800000e+00
   2.0170000e+03   7.0000000e+00   2.4000000e+01   8.0000000e+00   5.6000000e+01   0.0000000e+00   4.9400000e+00
   2.0170000e+03   7.0000000e+00   2.4000000e+01   8.0000000e+00   5.7000000e+01   0.0000000e+00   5.2599999e+00
   2.0170000e+03   7.0000000e+00   2.4000000e+01   8.0000000e+00   5.8000000e+01   0.0000000e+00   4.6600000e+00
   2.0170000e+03   7.0000000e+00   2.4000000e+01   8.0000000e+00   5.9000000e+01   0.0000000e+00   4.9000001e+00
   2.0170000e+03   7.0000000e+00   2.4000000e+01   9.0000000e+00   0.0000000e+00   0.0000000e+00   6.7799998e+00
   2.0170000e+03   7.0000000e+00   2.4000000e+01   9.0000000e+00   1.0000000e+00   0.0000000e+00   5.1200000e+00
   2.0170000e+03   7.0000000e+00   2.4000000e+01   9.0000000e+00   2.0000000e+00   0.0000000e+00   3.6400001e+00
   2.0170000e+03   7.0000000e+00   2.4000000e+01   9.0000000e+00   3.0000000e+00   0.0000000e+00   1.5200001e+00
   2.0170000e+03   7.0000000e+00   2.4000000e+01   9.0000000e+00   4.0000000e+00   0.0000000e+00   7.4000000e-01
   2.0170000e+03   7.0000000e+00   2.4000000e+01   9.0000000e+00   5.0000000e+00   0.0000000e+00   1.2000000e+00
   2.0170000e+03   7.0000000e+00   2.4000000e+01   9.0000000e+00   6.0000000e+00   0.0000000e+00   2.1799996e+00
   2.0170000e+03   7.0000000e+00   2.4000000e+01   9.0000000e+00   7.0000000e+00   0.0000000e+00   5.2600000e+00
   2.0170000e+03   7.0000000e+00   2.4000000e+01   9.0000000e+00   8.0000000e+00   0.0000000e+00   4.8000000e+00
   2.0170000e+03   7.0000000e+00   2.4000000e+01   9.0000000e+00   9.0000000e+00   0.0000000e+00   4.5200000e+00
   2.0170000e+03   7.0000000e+00   2.4000000e+01   9.0000000e+00   1.0000000e+01   0.0000000e+00   3.3200000e+00
   2.0170000e+03   7.0000000e+00   2.4000000e+01   9.0000000e+00   1.1000000e+01   0.0000000e+00   2.4000000e+00
   2.0170000e+03   7.0000000e+00   2.4000000e+01   9.0000000e+00   1.2000000e+01   0.0000000e+00   2.6800000e+00
   2.0170000e+03   7.0000000e+00   2.4000000e+01   9.0000000e+00   1.3000000e+01   0.0000000e+00   4.0200001e+00
   2.0170000e+03   7.0000000e+00   2.4000000e+01   9.0000000e+00   1.4000000e+01   0.0000000e+00   4.9799998e+00
   2.0170000e+03   7.0000000e+00   2.4000000e+01   9.0000000e+00   1.5000000e+01   0.0000000e+00   3.3200000e+00
   2.0170000e+03   7.0000000e+00   2.4000000e+01   9.0000000e+00   1.6000000e+01   0.0000000e+00   1.9799999e+00
   2.0170000e+03   7.0000000e+00   2.4000000e+01   9.0000000e+00   1.7000000e+01   0.0000000e+00   7.4000006e-01
   2.0170000e+03   7.0000000e+00   2.4000000e+01   9.0000000e+00   1.8000000e+01   0.0000000e+00   1.2000000e+00
   2.0170000e+03   7.0000000e+00   2.4000000e+01   9.0000000e+00   1.9000000e+01   0.0000000e+00   1.6199999e+00
   2.0170000e+03   7.0000000e+00   2.4000000e+01   9.0000000e+00   2.0000000e+01   0.0000000e+00   2.8600001e+00
   2.0170000e+03   7.0000000e+00   2.4000000e+01   9.0000000e+00   2.1000000e+01   0.0000000e+00   2.8200000e+00
   2.0170000e+03   7.0000000e+00   2.4000000e+01   9.0000000e+00   2.2000000e+01   0.0000000e+00   4.0600000e+00
   2.0170000e+03   7.0000000e+00   2.4000000e+01   9.0000000e+00   2.3000000e+01   0.0000000e+00   3.3200000e+00
   2.0170000e+03   7.0000000e+00   2.4000000e+01   9.0000000e+00   2.4000000e+01   0.0000000e+00   2.1200000e+00
   2.0170000e+03   7.0000000e+00   2.4000000e+01   9.0000000e+00   2.5000000e+01   0.0000000e+00   1.0600000e+00
   2.0170000e+03   7.0000000e+00   2.4000000e+01   9.0000000e+00   2.6000000e+01   0.0000000e+00   6.0000000e-01
   2.0170000e+03   7.0000000e+00   2.4000000e+01   9.0000000e+00   2.7000000e+01   0.0000000e+00   8.8000004e-01
   2.0170000e+03   7.0000000e+00   2.4000000e+01   9.0000000e+00   2.8000000e+01   0.0000000e+00   1.8000000e+00
   2.0170000e+03   7.0000000e+00   2.4000000e+01   9.0000000e+00   2.9000000e+01   0.0000000e+00   1.8000000e+00
   2.0170000e+03   7.0000000e+00   2.4000000e+01   9.0000000e+00   3.0000000e+01   0.0000000e+00   1.6600000e+00
   2.0170000e+03   7.0000000e+00   2.4000000e+01   9.0000000e+00   3.1000000e+01   0.0000000e+00   1.2000000e+00
   2.0170000e+03   7.0000000e+00   2.4000000e+01   9.0000000e+00   3.2000000e+01   0.0000000e+00   1.2000000e+00
   2.0170000e+03   7.0000000e+00   2.4000000e+01   9.0000000e+00   3.3000000e+01   0.0000000e+00   1.0600000e+00
   2.0170000e+03   7.0000000e+00   2.4000000e+01   9.0000000e+00   3.4000000e+01   0.0000000e+00   6.0000000e-01
   2.0170000e+03   7.0000000e+00   2.4000000e+01   9.0000000e+00   3.5000000e+01   0.0000000e+00   4.6000000e-01
   2.0170000e+03   7.0000000e+00   2.4000000e+01   9.0000000e+00   3.6000000e+01   0.0000000e+00   1.3999998e-01
   2.0170000e+03   7.0000000e+00   2.4000000e+01   9.0000000e+00   3.7000000e+01   0.0000000e+00   4.6000006e-01
   2.0170000e+03   7.0000000e+00   2.4000000e+01   9.0000000e+00   3.8000000e+01   0.0000000e+00   1.4000000e-01
   2.0170000e+03   7.0000000e+00   2.4000000e+01   9.0000000e+00   3.9000000e+01   0.0000000e+00   4.6000000e-01
   2.0170000e+03   7.0000000e+00   2.4000000e+01   9.0000000e+00   4.0000000e+01   0.0000000e+00   0.0000000e+00
   2.0170000e+03   7.0000000e+00   2.4000000e+01   9.0000000e+00   4.1000000e+01   0.0000000e+00   1.4000002e-01
   2.0170000e+03   7.0000000e+00   2.4000000e+01   9.0000000e+00   4.2000000e+01   0.0000000e+00   4.5999994e-01
   2.0170000e+03   7.0000000e+00   2.4000000e+01   9.0000000e+00   4.3000000e+01   0.0000000e+00   0.0000000e+00
   2.0170000e+03   7.0000000e+00   2.4000000e+01   9.0000000e+00   4.4000000e+01   0.0000000e+00   1.4000002e-01
   2.0170000e+03   7.0000000e+00   2.4000000e+01   9.0000000e+00   4.5000000e+01   0.0000000e+00   4.5999994e-01
   2.0170000e+03   7.0000000e+00   2.4000000e+01   9.0000000e+00   4.6000000e+01   0.0000000e+00   1.4000000e-01
   2.0170000e+03   7.0000000e+00   2.4000000e+01   9.0000000e+00   4.7000000e+01   0.0000000e+00   4.6000002e-01
   2.0170000e+03   7.0000000e+00   2.4000000e+01   9.0000000e+00   4.8000000e+01   0.0000000e+00   1.3999994e-01
   2.0170000e+03   7.0000000e+00   2.4000000e+01   9.0000000e+00   4.9000000e+01   0.0000000e+00   4.6000000e-01
   2.0170000e+03   7.0000000e+00   2.4000000e+01   9.0000000e+00   5.0000000e+01   0.0000000e+00   0.0000000e+00
   2.0170000e+03   7.0000000e+00   2.4000000e+01   9.0000000e+00   5.1000000e+01   0.0000000e+00   0.0000000e+00
   2.0170000e+03   7.0000000e+00   2.4000000e+01   9.0000000e+00   5.2000000e+01   0.0000000e+00   1.4000000e-01
   2.0170000e+03   7.0000000e+00   2.4000000e+01   9.0000000e+00   5.3000000e+01   0.0000000e+00   4.6000000e-01
   2.0170000e+03   7.0000000e+00   2.4000000e+01   9.0000000e+00   5.4000000e+01   0.0000000e+00   0.0000000e+00
   2.0170000e+03   7.0000000e+00   2.4000000e+01   9.0000000e+00   5.5000000e+01   0.0000000e+00   0.0000000e+00
   2.0170000e+03   7.0000000e+00   2.4000000e+01   9.0000000e+00   5.6000000e+01   0.0000000e+00   0.0000000e+00
   2.0170000e+03   7.0000000e+00   2.4000000e+01   9.0000000e+00   5.7000000e+01   0.0000000e+00   0.0000000e+00
   2.0170000e+03   7.0000000e+00   2.4000000e+01   9.0000000e+00   5.8000000e+01   0.0000000e+00   1.4000002e-01
   2.0170000e+03   7.0000000e+00   2.4000000e+01   9.0000000e+00   5.9000000e+01   0.0000000e+00   4.5999994e-01
   2.0170000e+03   7.0000000e+00   2.4000000e+01   1.0000000e+01   0.0000000e+00   0.0000000e+00   0.0000000e+00
   2.0170000e+03   7.0000000e+00   2.4000000e+01   1.0000000e+01   1.0000000e+00   0.0000000e+00   0.0000000e+00
   2.0170000e+03   7.0000000e+00   2.4000000e+01   1.0000000e+01   2.0000000e+00   0.0000000e+00   0.0000000e+00
   2.0170000e+03   7.0000000e+00   2.4000000e+01   1.0000000e+01   3.0000000e+00   0.0000000e+00   0.0000000e+00
   2.0170000e+03   7.0000000e+00   2.4000000e+01   1.0000000e+01   4.0000000e+00   0.0000000e+00   0.0000000e+00
   2.0170000e+03   7.0000000e+00   2.4000000e+01   1.0000000e+01   5.0000000e+00   0.0000000e+00   1.3999994e-01
   2.0170000e+03   7.0000000e+00   2.4000000e+01   1.0000000e+01   6.0000000e+00   0.0000000e+00   4.6000000e-01
   2.0170000e+03   7.0000000e+00   2.4000000e+01   1.0000000e+01   7.0000000e+00   0.0000000e+00   0.0000000e+00
   2.0170000e+03   7.0000000e+00   2.4000000e+01   1.0000000e+01   8.0000000e+00   0.0000000e+00   0.0000000e+00
   2.0170000e+03   7.0000000e+00   2.4000000e+01   1.0000000e+01   9.0000000e+00   0.0000000e+00   0.0000000e+00
   2.0170000e+03   7.0000000e+00   2.4000000e+01   1.0000000e+01   1.0000000e+01   0.0000000e+00   1.4000000e-01
   2.0170000e+03   7.0000000e+00   2.4000000e+01   1.0000000e+01   1.1000000e+01   0.0000000e+00   4.6000000e-01
   2.0170000e+03   7.0000000e+00   2.4000000e+01   1.0000000e+01   1.2000000e+01   0.0000000e+00   1.4000002e-01
   2.0170000e+03   7.0000000e+00   2.4000000e+01   1.0000000e+01   1.3000000e+01   0.0000000e+00   6.0000000e-01
   2.0170000e+03   7.0000000e+00   2.4000000e+01   1.0000000e+01   1.4000000e+01   0.0000000e+00   4.6000000e-01
   2.0170000e+03   7.0000000e+00   2.4000000e+01   1.0000000e+01   1.5000000e+01   0.0000000e+00   1.4000002e-01
   2.0170000e+03   7.0000000e+00   2.4000000e+01   1.0000000e+01   1.6000000e+01   0.0000000e+00   6.0000000e-01
   2.0170000e+03   7.0000000e+00   2.4000000e+01   1.0000000e+01   1.7000000e+01   0.0000000e+00   4.6000000e-01
   2.0170000e+03   7.0000000e+00   2.4000000e+01   1.0000000e+01   1.8000000e+01   0.0000000e+00   0.0000000e+00
   2.0170000e+03   7.0000000e+00   2.4000000e+01   1.0000000e+01   1.9000000e+01   0.0000000e+00   1.3999994e-01
   2.0170000e+03   7.0000000e+00   2.4000000e+01   1.0000000e+01   2.0000000e+01   0.0000000e+00   6.0000000e-01
   2.0170000e+03   7.0000000e+00   2.4000000e+01   1.0000000e+01   2.1000000e+01   0.0000000e+00   7.3999998e-01
   2.0170000e+03   7.0000000e+00   2.4000000e+01   1.0000000e+01   2.2000000e+01   0.0000000e+00   1.4799999e+00
   2.0170000e+03   7.0000000e+00   2.4000000e+01   1.0000000e+01   2.3000000e+01   0.0000000e+00   2.2600000e+00
   2.0170000e+03   7.0000000e+00   2.4000000e+01   1.0000000e+01   2.4000000e+01   0.0000000e+00   1.9400000e+00
   2.0170000e+03   7.0000000e+00   2.4000000e+01   1.0000000e+01   2.5000000e+01   0.0000000e+00   2.8200000e+00
   2.0170000e+03   7.0000000e+00   2.4000000e+01   1.0000000e+01   2.6000000e+01   0.0000000e+00   3.4999999e+00
   2.0170000e+03   7.0000000e+00   2.4000000e+01   1.0000000e+01   2.7000000e+01   0.0000000e+00   1.2000000e+00
   2.0170000e+03   7.0000000e+00   2.4000000e+01   1.0000000e+01   2.8000000e+01   0.0000000e+00   1.2000000e+00
   2.0170000e+03   7.0000000e+00   2.4000000e+01   1.0000000e+01   2.9000000e+01   0.0000000e+00   1.0600000e+00
   2.0170000e+03   7.0000000e+00   2.4000000e+01   1.0000000e+01   3.0000000e+01   0.0000000e+00   6.0000000e-01
   2.0170000e+03   7.0000000e+00   2.4000000e+01   1.0000000e+01   3.1000000e+01   0.0000000e+00   7.4000000e-01
   2.0170000e+03   7.0000000e+00   2.4000000e+01   1.0000000e+01   3.2000000e+01   0.0000000e+00   1.3400000e+00
   2.0170000e+03   7.0000000e+00   2.4000000e+01   1.0000000e+01   3.3000000e+01   0.0000000e+00   1.5200001e+00
   2.0170000e+03   7.0000000e+00   2.4000000e+01   1.0000000e+01   3.4000000e+01   0.0000000e+00   6.0000000e-01
   2.0170000e+03   7.0000000e+00   2.4000000e+01   1.0000000e+01   3.5000000e+01   0.0000000e+00   6.0000000e-01
   2.0170000e+03   7.0000000e+00   2.4000000e+01   1.0000000e+01   3.6000000e+01   0.0000000e+00   4.6000006e-01
   2.0170000e+03   7.0000000e+00   2.4000000e+01   1.0000000e+01   3.7000000e+01   0.0000000e+00   1.4000000e-01
   2.0170000e+03   7.0000000e+00   2.4000000e+01   1.0000000e+01   3.8000000e+01   0.0000000e+00   4.6000000e-01
   2.0170000e+03   7.0000000e+00   2.4000000e+01   1.0000000e+01   3.9000000e+01   0.0000000e+00   1.4000000e-01
   2.0170000e+03   7.0000000e+00   2.4000000e+01   1.0000000e+01   4.0000000e+01   0.0000000e+00   4.6000000e-01
   2.0170000e+03   7.0000000e+00   2.4000000e+01   1.0000000e+01   4.1000000e+01   0.0000000e+00   2.8000000e-01
   2.0170000e+03   7.0000000e+00   2.4000000e+01   1.0000000e+01   4.2000000e+01   0.0000000e+00   1.2000000e+00
   2.0170000e+03   7.0000000e+00   2.4000000e+01   1.0000000e+01   4.3000000e+01   0.0000000e+00   1.2000000e+00
   2.0170000e+03   7.0000000e+00   2.4000000e+01   1.0000000e+01   4.4000000e+01   0.0000000e+00   1.2000000e+00
   2.0170000e+03   7.0000000e+00   2.4000000e+01   1.0000000e+01   4.5000000e+01   0.0000000e+00   1.0600000e+00
   2.0170000e+03   7.0000000e+00   2.4000000e+01   1.0000000e+01   4.6000000e+01   0.0000000e+00   7.4000002e-01
   2.0170000e+03   7.0000000e+00   2.4000000e+01   1.0000000e+01   4.7000000e+01   0.0000000e+00   9.1999988e-01
   2.0170000e+03   7.0000000e+00   2.4000000e+01   1.0000000e+01   4.8000000e+01   0.0000000e+00   1.4000000e-01
   2.0170000e+03   7.0000000e+00   2.4000000e+01   1.0000000e+01   4.9000000e+01   0.0000000e+00   6.0000000e-01
   2.0170000e+03   7.0000000e+00   2.4000000e+01   1.0000000e+01   5.0000000e+01   0.0000000e+00   4.6000006e-01
   2.0170000e+03   7.0000000e+00   2.4000000e+01   1.0000000e+01   5.1000000e+01   0.0000000e+00   0.0000000e+00
   2.0170000e+03   7.0000000e+00   2.4000000e+01   1.0000000e+01   5.2000000e+01   0.0000000e+00   1.4000000e-01
   2.0170000e+03   7.0000000e+00   2.4000000e+01   1.0000000e+01   5.3000000e+01   0.0000000e+00   4.6000000e-01
   2.0170000e+03   7.0000000e+00   2.4000000e+01   1.0000000e+01   5.4000000e+01   0.0000000e+00   0.0000000e+00
   2.0170000e+03   7.0000000e+00   2.4000000e+01   1.0000000e+01   5.5000000e+01   0.0000000e+00   0.0000000e+00
   2.0170000e+03   7.0000000e+00   2.4000000e+01   1.0000000e+01   5.6000000e+01   0.0000000e+00   1.4000000e-01
   2.0170000e+03   7.0000000e+00   2.4000000e+01   1.0000000e+01   5.7000000e+01   0.0000000e+00   4.5999998e-01
   2.0170000e+03   7.0000000e+00   2.4000000e+01   1.0000000e+01   5.8000000e+01   0.0000000e+00   0.0000000e+00
   2.0170000e+03   7.0000000e+00   2.4000000e+01   1.0000000e+01   5.9000000e+01   0.0000000e+00   4.2000000e-01
   2.0170000e+03   7.0000000e+00   2.4000000e+01   1.1000000e+01   0.0000000e+00   0.0000000e+00   1.8000000e+00
   2.0170000e+03   7.0000000e+00   2.4000000e+01   1.1000000e+01   1.0000000e+00   0.0000000e+00   1.6599999e+00
   2.0170000e+03   7.0000000e+00   2.4000000e+01   1.1000000e+01   2.0000000e+00   0.0000000e+00   1.3400000e+00
   2.0170000e+03   7.0000000e+00   2.4000000e+01   1.1000000e+01   3.0000000e+00   0.0000000e+00   1.6600000e+00
   2.0170000e+03   7.0000000e+00   2.4000000e+01   1.1000000e+01   4.0000000e+00   0.0000000e+00   1.2000000e+00
   2.0170000e+03   7.0000000e+00   2.4000000e+01   1.1000000e+01   5.0000000e+00   0.0000000e+00   9.2000000e-01
   2.0170000e+03   7.0000000e+00   2.4000000e+01   1.1000000e+01   6.0000000e+00   0.0000000e+00   1.3999998e-01
   2.0170000e+03   7.0000000e+00   2.4000000e+01   1.1000000e+01   7.0000000e+00   0.0000000e+00   6.0000000e-01
   2.0170000e+03   7.0000000e+00   2.4000000e+01   1.1000000e+01   8.0000000e+00   0.0000000e+00   1.4400000e+00
   2.0170000e+03   7.0000000e+00   2.4000000e+01   1.1000000e+01   9.0000000e+00   0.0000000e+00   4.6200000e+00
   2.0170000e+03   7.0000000e+00   2.4000000e+01   1.1000000e+01   1.0000000e+01   0.0000000e+00   5.7200000e+00
   2.0170000e+03   7.0000000e+00   2.4000000e+01   1.1000000e+01   1.1000000e+01   0.0000000e+00   4.2399999e+00
   2.0170000e+03   7.0000000e+00   2.4000000e+01   1.1000000e+01   1.2000000e+01   0.0000000e+00   2.1199999e+00
   2.0170000e+03   7.0000000e+00   2.4000000e+01   1.1000000e+01   1.3000000e+01   0.0000000e+00   1.7600000e+00
   2.0170000e+03   7.0000000e+00   2.4000000e+01   1.1000000e+01   1.4000000e+01   0.0000000e+00   4.3000001e+00
   2.0170000e+03   7.0000000e+00   2.4000000e+01   1.1000000e+01   1.5000000e+01   0.0000000e+00   7.5800004e+00
   2.0170000e+03   7.0000000e+00   2.4000000e+01   1.1000000e+01   1.6000000e+01   0.0000000e+00   1.1360000e+01
   2.0170000e+03   7.0000000e+00   2.4000000e+01   1.1000000e+01   1.7000000e+01   0.0000000e+00   1.3480000e+01
   2.0170000e+03   7.0000000e+00   2.4000000e+01   1.1000000e+01   1.8000000e+01   0.0000000e+00   1.4120000e+01
   2.0170000e+03   7.0000000e+00   2.4000000e+01   1.1000000e+01   1.9000000e+01   0.0000000e+00   1.2920000e+01
   2.0170000e+03   7.0000000e+00   2.4000000e+01   1.1000000e+01   2.0000000e+01   0.0000000e+00   1.1720000e+01
   2.0170000e+03   7.0000000e+00   2.4000000e+01   1.1000000e+01   2.1000000e+01   0.0000000e+00   1.1080000e+01
   2.0170000e+03   7.0000000e+00   2.4000000e+01   1.1000000e+01   2.2000000e+01   0.0000000e+00   1.0740000e+01
   2.0170000e+03   7.0000000e+00   2.4000000e+01   1.1000000e+01   2.3000000e+01   0.0000000e+00   5.4800000e+00
   2.0170000e+03   7.0000000e+00   2.4000000e+01   1.1000000e+01   2.4000000e+01   0.0000000e+00   1.8000000e+00
   2.0170000e+03   7.0000000e+00   2.4000000e+01   1.1000000e+01   2.5000000e+01   0.0000000e+00   2.0800000e+00
   2.0170000e+03   7.0000000e+00   2.4000000e+01   1.1000000e+01   2.6000000e+01   0.0000000e+00   3.2800000e+00
   2.0170000e+03   7.0000000e+00   2.4000000e+01   1.1000000e+01   2.7000000e+01   0.0000000e+00   3.9200000e+00
   2.0170000e+03   7.0000000e+00   2.4000000e+01   1.1000000e+01   2.8000000e+01   0.0000000e+00   2.7200000e+00
   2.0170000e+03   7.0000000e+00   2.4000000e+01   1.1000000e+01   2.9000000e+01   0.0000000e+00   1.6599999e+00
   2.0170000e+03   7.0000000e+00   2.4000000e+01   1.1000000e+01   3.0000000e+01   0.0000000e+00   1.7600000e+00
   2.0170000e+03   7.0000000e+00   2.4000000e+01   1.1000000e+01   3.1000000e+01   0.0000000e+00   4.8600002e+00
   2.0170000e+03   7.0000000e+00   2.4000000e+01   1.1000000e+01   3.2000000e+01   0.0000000e+00   1.0400001e+01
   2.0170000e+03   7.0000000e+00   2.4000000e+01   1.1000000e+01   3.3000000e+01   0.0000000e+00   1.7240000e+01
   2.0170000e+03   7.0000000e+00   2.4000000e+01   1.1000000e+01   3.4000000e+01   0.0000000e+00   2.1660000e+01
   2.0170000e+03   7.0000000e+00   2.4000000e+01   1.1000000e+01   3.5000000e+01   0.0000000e+00   1.0880000e+01
   2.0170000e+03   7.0000000e+00   2.4000000e+01   1.1000000e+01   3.6000000e+01   0.0000000e+00   6.3600000e+00
   2.0170000e+03   7.0000000e+00   2.4000000e+01   1.1000000e+01   3.7000000e+01   0.0000000e+00   4.7200000e+00
   2.0170000e+03   7.0000000e+00   2.4000000e+01   1.1000000e+01   3.8000000e+01   0.0000000e+00   9.3800000e+00
   2.0170000e+03   7.0000000e+00   2.4000000e+01   1.1000000e+01   3.9000000e+01   0.0000000e+00   1.2320000e+01
   2.0170000e+03   7.0000000e+00   2.4000000e+01   1.1000000e+01   4.0000000e+01   0.0000000e+00   9.7200000e+00
   2.0170000e+03   7.0000000e+00   2.4000000e+01   1.1000000e+01   4.1000000e+01   0.0000000e+00   4.6200000e+00
   2.0170000e+03   7.0000000e+00   2.4000000e+01   1.1000000e+01   4.2000000e+01   0.0000000e+00   6.5600001e+00
   2.0170000e+03   7.0000000e+00   2.4000000e+01   1.1000000e+01   4.3000000e+01   0.0000000e+00   9.1000003e+00
   2.0170000e+03   7.0000000e+00   2.4000000e+01   1.1000000e+01   4.4000000e+01   0.0000000e+00   1.0700000e+01
   2.0170000e+03   7.0000000e+00   2.4000000e+01   1.1000000e+01   4.5000000e+01   0.0000000e+00   7.2799999e+00
   2.0170000e+03   7.0000000e+00   2.4000000e+01   1.1000000e+01   4.6000000e+01   0.0000000e+00   3.3199999e+00
   2.0170000e+03   7.0000000e+00   2.4000000e+01   1.1000000e+01   4.7000000e+01   0.0000000e+00   2.4000000e+00
   2.0170000e+03   7.0000000e+00   2.4000000e+01   1.1000000e+01   4.8000000e+01   0.0000000e+00   2.2600000e+00
   2.0170000e+03   7.0000000e+00   2.4000000e+01   1.1000000e+01   4.9000000e+01   0.0000000e+00   1.6600001e+00
   2.0170000e+03   7.0000000e+00   2.4000000e+01   1.1000000e+01   5.0000000e+01   0.0000000e+00   1.3400000e+00
   2.0170000e+03   7.0000000e+00   2.4000000e+01   1.1000000e+01   5.1000000e+01   0.0000000e+00   2.0800000e+00
   2.0170000e+03   7.0000000e+00   2.4000000e+01   1.1000000e+01   5.2000000e+01   0.0000000e+00   3.9799996e+00
   2.0170000e+03   7.0000000e+00   2.4000000e+01   1.1000000e+01   5.3000000e+01   0.0000000e+00   8.3200000e+00
   2.0170000e+03   7.0000000e+00   2.4000000e+01   1.1000000e+01   5.4000000e+01   0.0000000e+00   1.1020000e+01
   2.0170000e+03   7.0000000e+00   2.4000000e+01   1.1000000e+01   5.5000000e+01   0.0000000e+00   8.5000000e+00
   2.0170000e+03   7.0000000e+00   2.4000000e+01   1.1000000e+01   5.6000000e+01   0.0000000e+00   1.1080000e+01
   2.0170000e+03   7.0000000e+00   2.4000000e+01   1.1000000e+01   5.7000000e+01   0.0000000e+00   1.1160000e+01
   2.0170000e+03   7.0000000e+00   2.4000000e+01   1.1000000e+01   5.8000000e+01   0.0000000e+00   7.8400000e+00
   2.0170000e+03   7.0000000e+00   2.4000000e+01   1.1000000e+01   5.9000000e+01   0.0000000e+00   6.1400000e+00
   2.0170000e+03   7.0000000e+00   2.4000000e+01   1.2000000e+01   0.0000000e+00   0.0000000e+00   7.3000003e+00
   2.0170000e+03   7.0000000e+00   2.4000000e+01   1.2000000e+01   1.0000000e+00   0.0000000e+00   9.1800000e+00
   2.0170000e+03   7.0000000e+00   2.4000000e+01   1.2000000e+01   2.0000000e+00   0.0000000e+00   6.6800001e+00
   2.0170000e+03   7.0000000e+00   2.4000000e+01   1.2000000e+01   3.0000000e+00   0.0000000e+00   2.7200001e+00
   2.0170000e+03   7.0000000e+00   2.4000000e+01   1.2000000e+01   4.0000000e+00   0.0000000e+00   1.8000000e+00
   2.0170000e+03   7.0000000e+00   2.4000000e+01   1.2000000e+01   5.0000000e+00   0.0000000e+00   2.4999999e+00
   2.0170000e+03   7.0000000e+00   2.4000000e+01   1.2000000e+01   6.0000000e+00   0.0000000e+00   4.3800002e+00
   2.0170000e+03   7.0000000e+00   2.4000000e+01   1.2000000e+01   7.0000000e+00   0.0000000e+00   3.1400000e+00
   2.0170000e+03   7.0000000e+00   2.4000000e+01   1.2000000e+01   8.0000000e+00   0.0000000e+00   3.8800000e+00
   2.0170000e+03   7.0000000e+00   2.4000000e+01   1.2000000e+01   9.0000000e+00   0.0000000e+00   4.8000000e+00
   2.0170000e+03   7.0000000e+00   2.4000000e+01   1.2000000e+01   1.0000000e+01   0.0000000e+00   5.0800000e+00
   2.0170000e+03   7.0000000e+00   2.4000000e+01   1.2000000e+01   1.1000000e+01   0.0000000e+00   5.5800000e+00
   2.0170000e+03   7.0000000e+00   2.4000000e+01   1.2000000e+01   1.2000000e+01   0.0000000e+00   3.9200000e+00
   2.0170000e+03   7.0000000e+00   2.4000000e+01   1.2000000e+01   1.3000000e+01   0.0000000e+00   3.7000001e+00
   2.0170000e+03   7.0000000e+00   2.4000000e+01   1.2000000e+01   1.4000000e+01   0.0000000e+00   5.8599999e+00
   2.0170000e+03   7.0000000e+00   2.4000000e+01   1.2000000e+01   1.5000000e+01   0.0000000e+00   4.9800000e+00
   2.0170000e+03   7.0000000e+00   2.4000000e+01   1.2000000e+01   1.6000000e+01   0.0000000e+00   3.3200000e+00
   2.0170000e+03   7.0000000e+00   2.4000000e+01   1.2000000e+01   1.7000000e+01   0.0000000e+00   2.2599999e+00
   2.0170000e+03   7.0000000e+00   2.4000000e+01   1.2000000e+01   1.8000000e+01   0.0000000e+00   1.6600000e+00
   2.0170000e+03   7.0000000e+00   2.4000000e+01   1.2000000e+01   1.9000000e+01   0.0000000e+00   1.4800000e+00
   2.0170000e+03   7.0000000e+00   2.4000000e+01   1.2000000e+01   2.0000000e+01   0.0000000e+00   2.5399999e+00
   2.0170000e+03   7.0000000e+00   2.4000000e+01   1.2000000e+01   2.1000000e+01   0.0000000e+00   2.7200000e+00
   2.0170000e+03   7.0000000e+00   2.4000000e+01   1.2000000e+01   2.2000000e+01   0.0000000e+00   1.9400000e+00
   2.0170000e+03   7.0000000e+00   2.4000000e+01   1.2000000e+01   2.3000000e+01   0.0000000e+00   2.1200000e+00
   2.0170000e+03   7.0000000e+00   2.4000000e+01   1.2000000e+01   2.4000000e+01   0.0000000e+00   1.4800000e+00
   2.0170000e+03   7.0000000e+00   2.4000000e+01   1.2000000e+01   2.5000000e+01   0.0000000e+00   2.4000000e+00
   2.0170000e+03   7.0000000e+00   2.4000000e+01   1.2000000e+01   2.6000000e+01   0.0000000e+00   2.1200000e+00
   2.0170000e+03   7.0000000e+00   2.4000000e+01   1.2000000e+01   2.7000000e+01   0.0000000e+00   1.2000000e+00
   2.0170000e+03   7.0000000e+00   2.4000000e+01   1.2000000e+01   2.8000000e+01   0.0000000e+00   1.2000000e+00
   2.0170000e+03   7.0000000e+00   2.4000000e+01   1.2000000e+01   2.9000000e+01   0.0000000e+00   1.6200000e+00
   2.0170000e+03   7.0000000e+00   2.4000000e+01   1.2000000e+01   3.0000000e+01   0.0000000e+00   3.1400000e+00
   2.0170000e+03   7.0000000e+00   2.4000000e+01   1.2000000e+01   3.1000000e+01   0.0000000e+00   3.4599999e+00
   2.0170000e+03   7.0000000e+00   2.4000000e+01   1.2000000e+01   3.2000000e+01   0.0000000e+00   2.8600000e+00
   2.0170000e+03   7.0000000e+00   2.4000000e+01   1.2000000e+01   3.3000000e+01   0.0000000e+00   2.4000000e+00
   2.0170000e+03   7.0000000e+00   2.4000000e+01   1.2000000e+01   3.4000000e+01   0.0000000e+00   3.3799996e+00
   2.0170000e+03   7.0000000e+00   2.4000000e+01   1.2000000e+01   3.5000000e+01   0.0000000e+00   5.9000000e+00
   2.0170000e+03   7.0000000e+00   2.4000000e+01   1.2000000e+01   3.6000000e+01   0.0000000e+00   3.1800001e+00
   2.0170000e+03   7.0000000e+00   2.4000000e+01   1.2000000e+01   3.7000000e+01   0.0000000e+00   2.3599998e+00
   2.0170000e+03   7.0000000e+00   2.4000000e+01   1.2000000e+01   3.8000000e+01   0.0000000e+00   3.7800000e+00
   2.0170000e+03   7.0000000e+00   2.4000000e+01   1.2000000e+01   3.9000000e+01   0.0000000e+00   2.5400000e+00
   2.0170000e+03   7.0000000e+00   2.4000000e+01   1.2000000e+01   4.0000000e+01   0.0000000e+00   3.0000000e+00
   2.0170000e+03   7.0000000e+00   2.4000000e+01   1.2000000e+01   4.1000000e+01   0.0000000e+00   2.8600000e+00
   2.0170000e+03   7.0000000e+00   2.4000000e+01   1.2000000e+01   4.2000000e+01   0.0000000e+00   2.4000000e+00
   2.0170000e+03   7.0000000e+00   2.4000000e+01   1.2000000e+01   4.3000000e+01   0.0000000e+00   2.8200000e+00
   2.0170000e+03   7.0000000e+00   2.4000000e+01   1.2000000e+01   4.4000000e+01   0.0000000e+00   4.4800000e+00
   2.0170000e+03   7.0000000e+00   2.4000000e+01   1.2000000e+01   4.5000000e+01   0.0000000e+00   4.5599996e+00
   2.0170000e+03   7.0000000e+00   2.4000000e+01   1.2000000e+01   4.6000000e+01   0.0000000e+00   1.5200000e+00
   2.0170000e+03   7.0000000e+00   2.4000000e+01   1.2000000e+01   4.7000000e+01   0.0000000e+00   6.0000000e-01
   2.0170000e+03   7.0000000e+00   2.4000000e+01   1.2000000e+01   4.8000000e+01   0.0000000e+00   1.4399996e+00
   2.0170000e+03   7.0000000e+00   2.4000000e+01   1.2000000e+01   4.9000000e+01   0.0000000e+00   5.7400000e+00
   2.0170000e+03   7.0000000e+00   2.4000000e+01   1.2000000e+01   5.0000000e+01   0.0000000e+00   9.4000002e+00
   2.0170000e+03   7.0000000e+00   2.4000000e+01   1.2000000e+01   5.1000000e+01   0.0000000e+00   5.0799999e+00
   2.0170000e+03   7.0000000e+00   2.4000000e+01   1.2000000e+01   5.2000000e+01   0.0000000e+00   6.0000000e+00
   2.0170000e+03   7.0000000e+00   2.4000000e+01   1.2000000e+01   5.3000000e+01   0.0000000e+00   5.5800000e+00
   2.0170000e+03   7.0000000e+00   2.4000000e+01   1.2000000e+01   5.4000000e+01   0.0000000e+00   4.9000000e+00
   2.0170000e+03   7.0000000e+00   2.4000000e+01   1.2000000e+01   5.5000000e+01   0.0000000e+00   6.9200000e+00
   2.0170000e+03   7.0000000e+00   2.4000000e+01   1.2000000e+01   5.6000000e+01   0.0000000e+00   5.7200000e+00
   2.0170000e+03   7.0000000e+00   2.4000000e+01   1.2000000e+01   5.7000000e+01   0.0000000e+00   5.0800000e+00
   2.0170000e+03   7.0000000e+00   2.4000000e+01   1.2000000e+01   5.8000000e+01   0.0000000e+00   5.7200000e+00
   2.0170000e+03   7.0000000e+00   2.4000000e+01   1.2000000e+01   5.9000000e+01   0.0000000e+00   5.0800001e+00
   2.0170000e+03   7.0000000e+00   2.4000000e+01   1.3000000e+01   0.0000000e+00   0.0000000e+00   5.1600000e+00
   2.0170000e+03   7.0000000e+00   2.4000000e+01   1.3000000e+01   1.0000000e+00   0.0000000e+00   2.2600000e+00
   2.0170000e+03   7.0000000e+00   2.4000000e+01   1.3000000e+01   2.0000000e+00   0.0000000e+00   1.6599999e+00
   2.0170000e+03   7.0000000e+00   2.4000000e+01   1.3000000e+01   3.0000000e+00   0.0000000e+00   1.2000000e+00
   2.0170000e+03   7.0000000e+00   2.4000000e+01   1.3000000e+01   4.0000000e+00   0.0000000e+00   1.0600000e+00
   2.0170000e+03   7.0000000e+00   2.4000000e+01   1.3000000e+01   5.0000000e+00   0.0000000e+00   7.3999994e-01
   2.0170000e+03   7.0000000e+00   2.4000000e+01   1.3000000e+01   6.0000000e+00   0.0000000e+00   1.0600000e+00
   2.0170000e+03   7.0000000e+00   2.4000000e+01   1.3000000e+01   7.0000000e+00   0.0000000e+00   6.0000000e-01
   2.0170000e+03   7.0000000e+00   2.4000000e+01   1.3000000e+01   8.0000000e+00   0.0000000e+00   6.0000000e-01
   2.0170000e+03   7.0000000e+00   2.4000000e+01   1.3000000e+01   9.0000000e+00   0.0000000e+00   6.0000000e-01
   2.0170000e+03   7.0000000e+00   2.4000000e+01   1.3000000e+01   1.0000000e+01   0.0000000e+00   6.0000000e-01
   2.0170000e+03   7.0000000e+00   2.4000000e+01   1.3000000e+01   1.1000000e+01   0.0000000e+00   4.6000000e-01
   2.0170000e+03   7.0000000e+00   2.4000000e+01   1.3000000e+01   1.2000000e+01   0.0000000e+00   1.4000002e-01
   2.0170000e+03   7.0000000e+00   2.4000000e+01   1.3000000e+01   1.3000000e+01   0.0000000e+00   6.0000000e-01
   2.0170000e+03   7.0000000e+00   2.4000000e+01   1.3000000e+01   1.4000000e+01   0.0000000e+00   7.4000000e-01
   2.0170000e+03   7.0000000e+00   2.4000000e+01   1.3000000e+01   1.5000000e+01   0.0000000e+00   1.0600000e+00
   2.0170000e+03   7.0000000e+00   2.4000000e+01   1.3000000e+01   1.6000000e+01   0.0000000e+00   6.0000000e-01
   2.0170000e+03   7.0000000e+00   2.4000000e+01   1.3000000e+01   1.7000000e+01   0.0000000e+00   6.0000000e-01
   2.0170000e+03   7.0000000e+00   2.4000000e+01   1.3000000e+01   1.8000000e+01   0.0000000e+00   7.3999998e-01
   2.0170000e+03   7.0000000e+00   2.4000000e+01   1.3000000e+01   1.9000000e+01   0.0000000e+00   1.4799999e+00
   2.0170000e+03   7.0000000e+00   2.4000000e+01   1.3000000e+01   2.0000000e+01   0.0000000e+00   2.5400000e+00
   2.0170000e+03   7.0000000e+00   2.4000000e+01   1.3000000e+01   2.1000000e+01   0.0000000e+00   2.8600000e+00
   2.0170000e+03   7.0000000e+00   2.4000000e+01   1.3000000e+01   2.2000000e+01   0.0000000e+00   2.2600001e+00
   2.0170000e+03   7.0000000e+00   2.4000000e+01   1.3000000e+01   2.3000000e+01   0.0000000e+00   1.6600000e+00
   2.0170000e+03   7.0000000e+00   2.4000000e+01   1.3000000e+01   2.4000000e+01   0.0000000e+00   1.2000000e+00
   2.0170000e+03   7.0000000e+00   2.4000000e+01   1.3000000e+01   2.5000000e+01   0.0000000e+00   1.0600000e+00
   2.0170000e+03   7.0000000e+00   2.4000000e+01   1.3000000e+01   2.6000000e+01   0.0000000e+00   6.0000000e-01
   2.0170000e+03   7.0000000e+00   2.4000000e+01   1.3000000e+01   2.7000000e+01   0.0000000e+00   6.0000000e-01
   2.0170000e+03   7.0000000e+00   2.4000000e+01   1.3000000e+01   2.8000000e+01   0.0000000e+00   6.0000000e-01
   2.0170000e+03   7.0000000e+00   2.4000000e+01   1.3000000e+01   2.9000000e+01   0.0000000e+00   6.0000000e-01
   2.0170000e+03   7.0000000e+00   2.4000000e+01   1.3000000e+01   3.0000000e+01   0.0000000e+00   6.0000000e-01
   2.0170000e+03   7.0000000e+00   2.4000000e+01   1.3000000e+01   3.1000000e+01   0.0000000e+00   4.6000000e-01
   2.0170000e+03   7.0000000e+00   2.4000000e+01   1.3000000e+01   3.2000000e+01   0.0000000e+00   1.3999998e-01
   2.0170000e+03   7.0000000e+00   2.4000000e+01   1.3000000e+01   3.3000000e+01   0.0000000e+00   6.0000000e-01
   2.0170000e+03   7.0000000e+00   2.4000000e+01   1.3000000e+01   3.4000000e+01   0.0000000e+00   6.0000000e-01
   2.0170000e+03   7.0000000e+00   2.4000000e+01   1.3000000e+01   3.5000000e+01   0.0000000e+00   6.0000000e-01
   2.0170000e+03   7.0000000e+00   2.4000000e+01   1.3000000e+01   3.6000000e+01   0.0000000e+00   6.0000000e-01
   2.0170000e+03   7.0000000e+00   2.4000000e+01   1.3000000e+01   3.7000000e+01   0.0000000e+00   4.6000000e-01
   2.0170000e+03   7.0000000e+00   2.4000000e+01   1.3000000e+01   3.8000000e+01   0.0000000e+00   1.4000000e-01
   2.0170000e+03   7.0000000e+00   2.4000000e+01   1.3000000e+01   3.9000000e+01   0.0000000e+00   4.6000000e-01
   2.0170000e+03   7.0000000e+00   2.4000000e+01   1.3000000e+01   4.0000000e+01   0.0000000e+00   1.4000000e-01
   2.0170000e+03   7.0000000e+00   2.4000000e+01   1.3000000e+01   4.1000000e+01   0.0000000e+00   6.0000000e-01
   2.0170000e+03   7.0000000e+00   2.4000000e+01   1.3000000e+01   4.2000000e+01   0.0000000e+00   6.0000000e-01
   2.0170000e+03   7.0000000e+00   2.4000000e+01   1.3000000e+01   4.3000000e+01   0.0000000e+00   1.0200001e+00
   2.0170000e+03   7.0000000e+00   2.4000000e+01   1.3000000e+01   4.4000000e+01   0.0000000e+00   2.8200002e+00
   2.0170000e+03   7.0000000e+00   2.4000000e+01   1.3000000e+01   4.5000000e+01   0.0000000e+00   3.9200000e+00
   2.0170000e+03   7.0000000e+00   2.4000000e+01   1.3000000e+01   4.6000000e+01   0.0000000e+00   2.5799999e+00
   2.0170000e+03   7.0000000e+00   2.4000000e+01   1.3000000e+01   4.7000000e+01   0.0000000e+00   1.0599999e+00
   2.0170000e+03   7.0000000e+00   2.4000000e+01   1.3000000e+01   4.8000000e+01   0.0000000e+00   6.0000000e-01
   2.0170000e+03   7.0000000e+00   2.4000000e+01   1.3000000e+01   4.9000000e+01   0.0000000e+00   7.3999998e-01
   2.0170000e+03   7.0000000e+00   2.4000000e+01   1.3000000e+01   5.0000000e+01   0.0000000e+00   1.3399999e+00
   2.0170000e+03   7.0000000e+00   2.4000000e+01   1.3000000e+01   5.1000000e+01   0.0000000e+00   2.2200000e+00
   2.0170000e+03   7.0000000e+00   2.4000000e+01   1.3000000e+01   5.2000000e+01   0.0000000e+00   4.4400000e+00
   2.0170000e+03   7.0000000e+00   2.4000000e+01   1.3000000e+01   5.3000000e+01   0.0000000e+00   6.6400000e+00
   2.0170000e+03   7.0000000e+00   2.4000000e+01   1.3000000e+01   5.4000000e+01   0.0000000e+00   4.3800000e+00
   2.0170000e+03   7.0000000e+00   2.4000000e+01   1.3000000e+01   5.5000000e+01   0.0000000e+00   2.8600000e+00
   2.0170000e+03   7.0000000e+00   2.4000000e+01   1.3000000e+01   5.6000000e+01   0.0000000e+00   2.4000000e+00
   2.0170000e+03   7.0000000e+00   2.4000000e+01   1.3000000e+01   5.7000000e+01   0.0000000e+00   2.1200000e+00
   2.0170000e+03   7.0000000e+00   2.4000000e+01   1.3000000e+01   5.8000000e+01   0.0000000e+00   1.0599999e+00
   2.0170000e+03   7.0000000e+00   2.4000000e+01   1.3000000e+01   5.9000000e+01   0.0000000e+00   6.0000000e-01
   2.0170000e+03   7.0000000e+00   2.4000000e+01   1.4000000e+01   0.0000000e+00   0.0000000e+00   6.0000000e-01
   2.0170000e+03   7.0000000e+00   2.4000000e+01   1.4000000e+01   1.0000000e+00   0.0000000e+00   6.0000000e-01
   2.0170000e+03   7.0000000e+00   2.4000000e+01   1.4000000e+01   2.0000000e+00   0.0000000e+00   4.6000000e-01
   2.0170000e+03   7.0000000e+00   2.4000000e+01   1.4000000e+01   3.0000000e+00   0.0000000e+00   1.3999998e-01
   2.0170000e+03   7.0000000e+00   2.4000000e+01   1.4000000e+01   4.0000000e+00   0.0000000e+00   6.0000000e-01
   2.0170000e+03   7.0000000e+00   2.4000000e+01   1.4000000e+01   5.0000000e+00   0.0000000e+00   4.6000000e-01
   2.0170000e+03   7.0000000e+00   2.4000000e+01   1.4000000e+01   6.0000000e+00   0.0000000e+00   1.3999998e-01
   2.0170000e+03   7.0000000e+00   2.4000000e+01   1.4000000e+01   7.0000000e+00   0.0000000e+00   4.6000006e-01
   2.0170000e+03   7.0000000e+00   2.4000000e+01   1.4000000e+01   8.0000000e+00   0.0000000e+00   0.0000000e+00
   2.0170000e+03   7.0000000e+00   2.4000000e+01   1.4000000e+01   9.0000000e+00   0.0000000e+00   1.4000000e-01
   2.0170000e+03   7.0000000e+00   2.4000000e+01   1.4000000e+01   1.0000000e+01   0.0000000e+00   4.6000000e-01
   2.0170000e+03   7.0000000e+00   2.4000000e+01   1.4000000e+01   1.1000000e+01   0.0000000e+00   1.4000002e-01
   2.0170000e+03   7.0000000e+00   2.4000000e+01   1.4000000e+01   1.2000000e+01   0.0000000e+00   4.5999994e-01
   2.0170000e+03   7.0000000e+00   2.4000000e+01   1.4000000e+01   1.3000000e+01   0.0000000e+00   1.4000000e-01
   2.0170000e+03   7.0000000e+00   2.4000000e+01   1.4000000e+01   1.4000000e+01   0.0000000e+00   4.5999998e-01
   2.0170000e+03   7.0000000e+00   2.4000000e+01   1.4000000e+01   1.5000000e+01   0.0000000e+00   0.0000000e+00
   2.0170000e+03   7.0000000e+00   2.4000000e+01   1.4000000e+01   1.6000000e+01   0.0000000e+00   1.4000000e-01
   2.0170000e+03   7.0000000e+00   2.4000000e+01   1.4000000e+01   1.7000000e+01   0.0000000e+00   4.6000002e-01
   2.0170000e+03   7.0000000e+00   2.4000000e+01   1.4000000e+01   1.8000000e+01   0.0000000e+00   0.0000000e+00
   2.0170000e+03   7.0000000e+00   2.4000000e+01   1.4000000e+01   1.9000000e+01   0.0000000e+00   1.4000000e-01
   2.0170000e+03   7.0000000e+00   2.4000000e+01   1.4000000e+01   2.0000000e+01   0.0000000e+00   4.6000002e-01
   2.0170000e+03   7.0000000e+00   2.4000000e+01   1.4000000e+01   2.1000000e+01   0.0000000e+00   1.3999994e-01
   2.0170000e+03   7.0000000e+00   2.4000000e+01   1.4000000e+01   2.2000000e+01   0.0000000e+00   4.6000000e-01
   2.0170000e+03   7.0000000e+00   2.4000000e+01   1.4000000e+01   2.3000000e+01   0.0000000e+00   0.0000000e+00
   2.0170000e+03   7.0000000e+00   2.4000000e+01   1.4000000e+01   2.4000000e+01   0.0000000e+00   1.4000000e-01
   2.0170000e+03   7.0000000e+00   2.4000000e+01   1.4000000e+01   2.5000000e+01   0.0000000e+00   4.6000000e-01
   2.0170000e+03   7.0000000e+00   2.4000000e+01   1.4000000e+01   2.6000000e+01   0.0000000e+00   0.0000000e+00
   2.0170000e+03   7.0000000e+00   2.4000000e+01   1.4000000e+01   2.7000000e+01   0.0000000e+00   1.4000000e-01
   2.0170000e+03   7.0000000e+00   2.4000000e+01   1.4000000e+01   2.8000000e+01   0.0000000e+00   4.5999998e-01
   2.0170000e+03   7.0000000e+00   2.4000000e+01   1.4000000e+01   2.9000000e+01   0.0000000e+00   0.0000000e+00
   2.0170000e+03   7.0000000e+00   2.4000000e+01   1.4000000e+01   3.0000000e+01   0.0000000e+00   0.0000000e+00
   2.0170000e+03   7.0000000e+00   2.4000000e+01   1.4000000e+01   3.1000000e+01   0.0000000e+00   1.4000002e-01
   2.0170000e+03   7.0000000e+00   2.4000000e+01   1.4000000e+01   3.2000000e+01   0.0000000e+00   4.5999994e-01
   2.0170000e+03   7.0000000e+00   2.4000000e+01   1.4000000e+01   3.3000000e+01   0.0000000e+00   0.0000000e+00
   2.0170000e+03   7.0000000e+00   2.4000000e+01   1.4000000e+01   3.4000000e+01   0.0000000e+00   0.0000000e+00
   2.0170000e+03   7.0000000e+00   2.4000000e+01   1.4000000e+01   3.5000000e+01   0.0000000e+00   0.0000000e+00
   2.0170000e+03   7.0000000e+00   2.4000000e+01   1.4000000e+01   3.6000000e+01   0.0000000e+00   1.4000000e-01
   2.0170000e+03   7.0000000e+00   2.4000000e+01   1.4000000e+01   3.7000000e+01   0.0000000e+00   4.6000000e-01
   2.0170000e+03   7.0000000e+00   2.4000000e+01   1.4000000e+01   3.8000000e+01   0.0000000e+00   0.0000000e+00
   2.0170000e+03   7.0000000e+00   2.4000000e+01   1.4000000e+01   3.9000000e+01   0.0000000e+00   0.0000000e+00
   2.0170000e+03   7.0000000e+00   2.4000000e+01   1.4000000e+01   4.0000000e+01   0.0000000e+00   0.0000000e+00
   2.0170000e+03   7.0000000e+00   2.4000000e+01   1.4000000e+01   4.1000000e+01   0.0000000e+00   0.0000000e+00
   2.0170000e+03   7.0000000e+00   2.4000000e+01   1.4000000e+01   4.2000000e+01   0.0000000e+00   0.0000000e+00
   2.0170000e+03   7.0000000e+00   2.4000000e+01   1.4000000e+01   4.3000000e+01   0.0000000e+00   0.0000000e+00
   2.0170000e+03   7.0000000e+00   2.4000000e+01   1.4000000e+01   4.4000000e+01   0.0000000e+00   0.0000000e+00
   2.0170000e+03   7.0000000e+00   2.4000000e+01   1.4000000e+01   4.5000000e+01   0.0000000e+00   1.4000002e-01
   2.0170000e+03   7.0000000e+00   2.4000000e+01   1.4000000e+01   4.6000000e+01   0.0000000e+00   4.5999994e-01
   2.0170000e+03   7.0000000e+00   2.4000000e+01   1.4000000e+01   4.7000000e+01   0.0000000e+00   0.0000000e+00
   2.0170000e+03   7.0000000e+00   2.4000000e+01   1.4000000e+01   4.8000000e+01   0.0000000e+00   0.0000000e+00
   2.0170000e+03   7.0000000e+00   2.4000000e+01   1.4000000e+01   4.9000000e+01   0.0000000e+00   0.0000000e+00
   2.0170000e+03   7.0000000e+00   2.4000000e+01   1.4000000e+01   5.0000000e+01   0.0000000e+00   0.0000000e+00
   2.0170000e+03   7.0000000e+00   2.4000000e+01   1.4000000e+01   5.1000000e+01   0.0000000e+00   0.0000000e+00
   2.0170000e+03   7.0000000e+00   2.4000000e+01   1.4000000e+01   5.2000000e+01   0.0000000e+00   0.0000000e+00
   2.0170000e+03   7.0000000e+00   2.4000000e+01   1.4000000e+01   5.3000000e+01   0.0000000e+00   0.0000000e+00
   2.0170000e+03   7.0000000e+00   2.4000000e+01   1.4000000e+01   5.4000000e+01   0.0000000e+00   0.0000000e+00
   2.0170000e+03   7.0000000e+00   2.4000000e+01   1.4000000e+01   5.5000000e+01   0.0000000e+00   0.0000000e+00
   2.0170000e+03   7.0000000e+00   2.4000000e+01   1.4000000e+01   5.6000000e+01   0.0000000e+00   0.0000000e+00
   2.0170000e+03   7.0000000e+00   2.4000000e+01   1.4000000e+01   5.7000000e+01   0.0000000e+00   0.0000000e+00
   2.0170000e+03   7.0000000e+00   2.4000000e+01   1.4000000e+01   5.8000000e+01   0.0000000e+00   0.0000000e+00
   2.0170000e+03   7.0000000e+00   2.4000000e+01   1.4000000e+01   5.9000000e+01   0.0000000e+00   1.4000002e-01
   2.0170000e+03   7.0000000e+00   2.4000000e+01   1.5000000e+01   0.0000000e+00   0.0000000e+00   4.5999994e-01
   2.0170000e+03   7.0000000e+00   2.4000000e+01   1.5000000e+01   1.0000000e+00   0.0000000e+00   0.0000000e+00
   2.0170000e+03   7.0000000e+00   2.4000000e+01   1.5000000e+01   2.0000000e+00   0.0000000e+00   0.0000000e+00
   2.0170000e+03   7.0000000e+00   2.4000000e+01   1.5000000e+01   3.0000000e+00   0.0000000e+00   0.0000000e+00
   2.0170000e+03   7.0000000e+00   2.4000000e+01   1.5000000e+01   4.0000000e+00   0.0000000e+00   0.0000000e+00
   2.0170000e+03   7.0000000e+00   2.4000000e+01   1.5000000e+01   5.0000000e+00   0.0000000e+00   0.0000000e+00
   2.0170000e+03   7.0000000e+00   2.4000000e+01   1.5000000e+01   6.0000000e+00   0.0000000e+00   0.0000000e+00
   2.0170000e+03   7.0000000e+00   2.4000000e+01   1.5000000e+01   7.0000000e+00   0.0000000e+00   0.0000000e+00
   2.0170000e+03   7.0000000e+00   2.4000000e+01   1.5000000e+01   8.0000000e+00   0.0000000e+00   0.0000000e+00
   2.0170000e+03   7.0000000e+00   2.4000000e+01   1.5000000e+01   9.0000000e+00   0.0000000e+00   0.0000000e+00
   2.0170000e+03   7.0000000e+00   2.4000000e+01   1.5000000e+01   1.0000000e+01   0.0000000e+00   0.0000000e+00
   2.0170000e+03   7.0000000e+00   2.4000000e+01   1.5000000e+01   1.1000000e+01   0.0000000e+00   1.4000000e-01
   2.0170000e+03   7.0000000e+00   2.4000000e+01   1.5000000e+01   1.2000000e+01   0.0000000e+00   4.6000000e-01
   2.0170000e+03   7.0000000e+00   2.4000000e+01   1.5000000e+01   1.3000000e+01   0.0000000e+00   0.0000000e+00
   2.0170000e+03   7.0000000e+00   2.4000000e+01   1.5000000e+01   1.4000000e+01   0.0000000e+00   0.0000000e+00
   2.0170000e+03   7.0000000e+00   2.4000000e+01   1.5000000e+01   1.5000000e+01   0.0000000e+00   0.0000000e+00
   2.0170000e+03   7.0000000e+00   2.4000000e+01   1.5000000e+01   1.6000000e+01   0.0000000e+00   0.0000000e+00
   2.0170000e+03   7.0000000e+00   2.4000000e+01   1.5000000e+01   1.7000000e+01   0.0000000e+00   0.0000000e+00
   2.0170000e+03   7.0000000e+00   2.4000000e+01   1.5000000e+01   1.8000000e+01   0.0000000e+00   0.0000000e+00
   2.0170000e+03   7.0000000e+00   2.4000000e+01   1.5000000e+01   1.9000000e+01   0.0000000e+00   0.0000000e+00
   2.0170000e+03   7.0000000e+00   2.4000000e+01   1.5000000e+01   2.0000000e+01   0.0000000e+00   0.0000000e+00
   2.0170000e+03   7.0000000e+00   2.4000000e+01   1.5000000e+01   2.1000000e+01   0.0000000e+00   0.0000000e+00
   2.0170000e+03   7.0000000e+00   2.4000000e+01   1.5000000e+01   2.2000000e+01   0.0000000e+00   0.0000000e+00
   2.0170000e+03   7.0000000e+00   2.4000000e+01   1.5000000e+01   2.3000000e+01   0.0000000e+00   0.0000000e+00
   2.0170000e+03   7.0000000e+00   2.4000000e+01   1.5000000e+01   2.4000000e+01   0.0000000e+00   0.0000000e+00
   2.0170000e+03   7.0000000e+00   2.4000000e+01   1.5000000e+01   2.5000000e+01   0.0000000e+00   0.0000000e+00
   2.0170000e+03   7.0000000e+00   2.4000000e+01   1.5000000e+01   2.6000000e+01   0.0000000e+00   0.0000000e+00
   2.0170000e+03   7.0000000e+00   2.4000000e+01   1.5000000e+01   2.7000000e+01   0.0000000e+00   0.0000000e+00
   2.0170000e+03   7.0000000e+00   2.4000000e+01   1.5000000e+01   2.8000000e+01   0.0000000e+00   0.0000000e+00
   2.0170000e+03   7.0000000e+00   2.4000000e+01   1.5000000e+01   2.9000000e+01   0.0000000e+00   0.0000000e+00
   2.0170000e+03   7.0000000e+00   2.4000000e+01   1.5000000e+01   3.0000000e+01   0.0000000e+00   0.0000000e+00
   2.0170000e+03   7.0000000e+00   2.4000000e+01   1.5000000e+01   3.1000000e+01   0.0000000e+00   0.0000000e+00
   2.0170000e+03   7.0000000e+00   2.4000000e+01   1.5000000e+01   3.2000000e+01   0.0000000e+00   0.0000000e+00
   2.0170000e+03   7.0000000e+00   2.4000000e+01   1.5000000e+01   3.3000000e+01   0.0000000e+00   0.0000000e+00
   2.0170000e+03   7.0000000e+00   2.4000000e+01   1.5000000e+01   3.4000000e+01   0.0000000e+00   0.0000000e+00
   2.0170000e+03   7.0000000e+00   2.4000000e+01   1.5000000e+01   3.5000000e+01   0.0000000e+00   0.0000000e+00
   2.0170000e+03   7.0000000e+00   2.4000000e+01   1.5000000e+01   3.6000000e+01   0.0000000e+00   0.0000000e+00
   2.0170000e+03   7.0000000e+00   2.4000000e+01   1.5000000e+01   3.7000000e+01   0.0000000e+00   1.3999994e-01
   2.0170000e+03   7.0000000e+00   2.4000000e+01   1.5000000e+01   3.8000000e+01   0.0000000e+00   4.6000000e-01
   2.0170000e+03   7.0000000e+00   2.4000000e+01   1.5000000e+01   3.9000000e+01   0.0000000e+00   0.0000000e+00
   2.0170000e+03   7.0000000e+00   2.4000000e+01   1.5000000e+01   4.0000000e+01   0.0000000e+00   1.4000000e-01
   2.0170000e+03   7.0000000e+00   2.4000000e+01   1.5000000e+01   4.1000000e+01   0.0000000e+00   6.0000000e-01
   2.0170000e+03   7.0000000e+00   2.4000000e+01   1.5000000e+01   4.2000000e+01   0.0000000e+00   6.0000000e-01
   2.0170000e+03   7.0000000e+00   2.4000000e+01   1.5000000e+01   4.3000000e+01   0.0000000e+00   7.4000000e-01
   2.0170000e+03   7.0000000e+00   2.4000000e+01   1.5000000e+01   4.4000000e+01   0.0000000e+00   1.0600000e+00
   2.0170000e+03   7.0000000e+00   2.4000000e+01   1.5000000e+01   4.5000000e+01   0.0000000e+00   8.8000012e-01
   2.0170000e+03   7.0000000e+00   2.4000000e+01   1.5000000e+01   4.6000000e+01   0.0000000e+00   1.9400000e+00
   2.0170000e+03   7.0000000e+00   2.4000000e+01   1.5000000e+01   4.7000000e+01   0.0000000e+00   2.8199999e+00
   2.0170000e+03   7.0000000e+00   2.4000000e+01   1.5000000e+01   4.8000000e+01   0.0000000e+00   4.2000000e+00
   2.0170000e+03   7.0000000e+00   2.4000000e+01   1.5000000e+01   4.9000000e+01   0.0000000e+00   4.0600000e+00
   2.0170000e+03   7.0000000e+00   2.4000000e+01   1.5000000e+01   5.0000000e+01   0.0000000e+00   3.6000000e+00
   2.0170000e+03   7.0000000e+00   2.4000000e+01   1.5000000e+01   5.1000000e+01   0.0000000e+00   3.7399999e+00
   2.0170000e+03   7.0000000e+00   2.4000000e+01   1.5000000e+01   5.2000000e+01   0.0000000e+00   4.0600000e+00
   2.0170000e+03   7.0000000e+00   2.4000000e+01   1.5000000e+01   5.3000000e+01   0.0000000e+00   4.3000000e+00
   2.0170000e+03   7.0000000e+00   2.4000000e+01   1.5000000e+01   5.4000000e+01   0.0000000e+00   6.4600000e+00
   2.0170000e+03   7.0000000e+00   2.4000000e+01   1.5000000e+01   5.5000000e+01   0.0000000e+00   5.1600000e+00
   2.0170000e+03   7.0000000e+00   2.4000000e+01   1.5000000e+01   5.6000000e+01   0.0000000e+00   2.4000000e+00
   2.0170000e+03   7.0000000e+00   2.4000000e+01   1.5000000e+01   5.7000000e+01   0.0000000e+00   2.6800000e+00
   2.0170000e+03   7.0000000e+00   2.4000000e+01   1.5000000e+01   5.8000000e+01   0.0000000e+00   3.4600000e+00
   2.0170000e+03   7.0000000e+00   2.4000000e+01   1.5000000e+01   5.9000000e+01   0.0000000e+00   3.0000000e+00
   2.0170000e+03   7.0000000e+00   2.4000000e+01   1.6000000e+01   0.0000000e+00   0.0000000e+00   3.1400000e+00
   2.0170000e+03   7.0000000e+00   2.4000000e+01   1.6000000e+01   1.0000000e+00   0.0000000e+00   4.1600001e+00
   2.0170000e+03   7.0000000e+00   2.4000000e+01   1.6000000e+01   2.0000000e+00   0.0000000e+00   6.1400001e+00
   2.0170000e+03   7.0000000e+00   2.4000000e+01   1.6000000e+01   3.0000000e+00   0.0000000e+00   6.7400000e+00
   2.0170000e+03   7.0000000e+00   2.4000000e+01   1.6000000e+01   4.0000000e+00   0.0000000e+00   7.7599999e+00
   2.0170000e+03   7.0000000e+00   2.4000000e+01   1.6000000e+01   5.0000000e+00   0.0000000e+00   9.7399999e+00
   2.0170000e+03   7.0000000e+00   2.4000000e+01   1.6000000e+01   6.0000000e+00   0.0000000e+00   9.5000000e+00
   2.0170000e+03   7.0000000e+00   2.4000000e+01   1.6000000e+01   7.0000000e+00   0.0000000e+00   7.0600000e+00
   2.0170000e+03   7.0000000e+00   2.4000000e+01   1.6000000e+01   8.0000000e+00   0.0000000e+00   7.0200000e+00
   2.0170000e+03   7.0000000e+00   2.4000000e+01   1.6000000e+01   9.0000000e+00   0.0000000e+00   8.8200000e+00
   2.0170000e+03   7.0000000e+00   2.4000000e+01   1.6000000e+01   1.0000000e+01   0.0000000e+00   9.9200000e+00
   2.0170000e+03   7.0000000e+00   2.4000000e+01   1.6000000e+01   1.1000000e+01   0.0000000e+00   7.7400000e+00
   2.0170000e+03   7.0000000e+00   2.4000000e+01   1.6000000e+01   1.2000000e+01   0.0000000e+00   3.6000000e+00
   2.0170000e+03   7.0000000e+00   2.4000000e+01   1.6000000e+01   1.3000000e+01   0.0000000e+00   4.0200002e+00
   2.0170000e+03   7.0000000e+00   2.4000000e+01   1.6000000e+01   1.4000000e+01   0.0000000e+00   5.5400000e+00
   2.0170000e+03   7.0000000e+00   2.4000000e+01   1.6000000e+01   1.5000000e+01   0.0000000e+00   5.8600000e+00
   2.0170000e+03   7.0000000e+00   2.4000000e+01   1.6000000e+01   1.6000000e+01   0.0000000e+00   5.1199999e+00
   2.0170000e+03   7.0000000e+00   2.4000000e+01   1.6000000e+01   1.7000000e+01   0.0000000e+00   4.2000000e+00
   2.0170000e+03   7.0000000e+00   2.4000000e+01   1.6000000e+01   1.8000000e+01   0.0000000e+00   4.4800000e+00
   2.0170000e+03   7.0000000e+00   2.4000000e+01   1.6000000e+01   1.9000000e+01   0.0000000e+00   5.4000000e+00
   2.0170000e+03   7.0000000e+00   2.4000000e+01   1.6000000e+01   2.0000000e+01   0.0000000e+00   5.4000000e+00
   2.0170000e+03   7.0000000e+00   2.4000000e+01   1.6000000e+01   2.1000000e+01   0.0000000e+00   5.6800000e+00
   2.0170000e+03   7.0000000e+00   2.4000000e+01   1.6000000e+01   2.2000000e+01   0.0000000e+00   6.6000000e+00
   2.0170000e+03   7.0000000e+00   2.4000000e+01   1.6000000e+01   2.3000000e+01   0.0000000e+00   6.4600000e+00
   2.0170000e+03   7.0000000e+00   2.4000000e+01   1.6000000e+01   2.4000000e+01   0.0000000e+00   5.8600000e+00
   2.0170000e+03   7.0000000e+00   2.4000000e+01   1.6000000e+01   2.5000000e+01   0.0000000e+00   5.4000000e+00
   2.0170000e+03   7.0000000e+00   2.4000000e+01   1.6000000e+01   2.6000000e+01   0.0000000e+00   5.2600000e+00
   2.0170000e+03   7.0000000e+00   2.4000000e+01   1.6000000e+01   2.7000000e+01   0.0000000e+00   4.6599999e+00
   2.0170000e+03   7.0000000e+00   2.4000000e+01   1.6000000e+01   2.8000000e+01   0.0000000e+00   4.6200000e+00
   2.0170000e+03   7.0000000e+00   2.4000000e+01   1.6000000e+01   2.9000000e+01   0.0000000e+00   6.0000000e+00
   2.0170000e+03   7.0000000e+00   2.4000000e+01   1.6000000e+01   3.0000000e+01   0.0000000e+00   5.5799998e+00
   2.0170000e+03   7.0000000e+00   2.4000000e+01   1.6000000e+01   3.1000000e+01   0.0000000e+00   4.0600000e+00
   2.0170000e+03   7.0000000e+00   2.4000000e+01   1.6000000e+01   3.2000000e+01   0.0000000e+00   3.4600000e+00
   2.0170000e+03   7.0000000e+00   2.4000000e+01   1.6000000e+01   3.3000000e+01   0.0000000e+00   3.0000000e+00
   2.0170000e+03   7.0000000e+00   2.4000000e+01   1.6000000e+01   3.4000000e+01   0.0000000e+00   3.2800000e+00
   2.0170000e+03   7.0000000e+00   2.4000000e+01   1.6000000e+01   3.5000000e+01   0.0000000e+00   4.2000000e+00
   2.0170000e+03   7.0000000e+00   2.4000000e+01   1.6000000e+01   3.6000000e+01   0.0000000e+00   3.9200001e+00
   2.0170000e+03   7.0000000e+00   2.4000000e+01   1.6000000e+01   3.7000000e+01   0.0000000e+00   2.7200000e+00
   2.0170000e+03   7.0000000e+00   2.4000000e+01   1.6000000e+01   3.8000000e+01   0.0000000e+00   1.9400000e+00
   2.0170000e+03   7.0000000e+00   2.4000000e+01   1.6000000e+01   3.9000000e+01   0.0000000e+00   2.6800000e+00
   2.0170000e+03   7.0000000e+00   2.4000000e+01   1.6000000e+01   4.0000000e+01   0.0000000e+00   3.4600000e+00
   2.0170000e+03   7.0000000e+00   2.4000000e+01   1.6000000e+01   4.1000000e+01   0.0000000e+00   3.0000000e+00
   2.0170000e+03   7.0000000e+00   2.4000000e+01   1.6000000e+01   4.2000000e+01   0.0000000e+00   2.7200000e+00
   2.0170000e+03   7.0000000e+00   2.4000000e+01   1.6000000e+01   4.3000000e+01   0.0000000e+00   1.6600000e+00
   2.0170000e+03   7.0000000e+00   2.4000000e+01   1.6000000e+01   4.4000000e+01   0.0000000e+00   1.2000000e+00
   2.0170000e+03   7.0000000e+00   2.4000000e+01   1.6000000e+01   4.5000000e+01   0.0000000e+00   1.2000000e+00
   2.0170000e+03   7.0000000e+00   2.4000000e+01   1.6000000e+01   4.6000000e+01   0.0000000e+00   1.0600000e+00
   2.0170000e+03   7.0000000e+00   2.4000000e+01   1.6000000e+01   4.7000000e+01   0.0000000e+00   8.8000012e-01
   2.0170000e+03   7.0000000e+00   2.4000000e+01   1.6000000e+01   4.8000000e+01   0.0000000e+00   2.0800000e+00
   2.0170000e+03   7.0000000e+00   2.4000000e+01   1.6000000e+01   4.9000000e+01   0.0000000e+00   3.0000000e+00
   2.0170000e+03   7.0000000e+00   2.4000000e+01   1.6000000e+01   5.0000000e+01   0.0000000e+00   3.2799999e+00
   2.0170000e+03   7.0000000e+00   2.4000000e+01   1.6000000e+01   5.1000000e+01   0.0000000e+00   4.2000000e+00
   2.0170000e+03   7.0000000e+00   2.4000000e+01   1.6000000e+01   5.2000000e+01   0.0000000e+00   4.4800000e+00
   2.0170000e+03   7.0000000e+00   2.4000000e+01   1.6000000e+01   5.3000000e+01   0.0000000e+00   5.4000000e+00
   2.0170000e+03   7.0000000e+00   2.4000000e+01   1.6000000e+01   5.4000000e+01   0.0000000e+00   5.5400000e+00
   2.0170000e+03   7.0000000e+00   2.4000000e+01   1.6000000e+01   5.5000000e+01   0.0000000e+00   5.7200000e+00
   2.0170000e+03   7.0000000e+00   2.4000000e+01   1.6000000e+01   5.6000000e+01   0.0000000e+00   4.6600000e+00
   2.0170000e+03   7.0000000e+00   2.4000000e+01   1.6000000e+01   5.7000000e+01   0.0000000e+00   4.7600001e+00
   2.0170000e+03   7.0000000e+00   2.4000000e+01   1.6000000e+01   5.8000000e+01   0.0000000e+00   6.6000000e+00
   2.0170000e+03   7.0000000e+00   2.4000000e+01   1.6000000e+01   5.9000000e+01   0.0000000e+00   6.3200000e+00
   2.0170000e+03   7.0000000e+00   2.4000000e+01   1.7000000e+01   0.0000000e+00   0.0000000e+00   5.5400000e+00
   2.0170000e+03   7.0000000e+00   2.4000000e+01   1.7000000e+01   1.0000000e+00   0.0000000e+00   6.9800004e+00
   2.0170000e+03   7.0000000e+00   2.4000000e+01   1.7000000e+01   2.0000000e+00   0.0000000e+00   1.0060000e+01
   2.0170000e+03   7.0000000e+00   2.4000000e+01   1.7000000e+01   3.0000000e+00   0.0000000e+00   9.4600000e+00
   2.0170000e+03   7.0000000e+00   2.4000000e+01   1.7000000e+01   4.0000000e+00   0.0000000e+00   8.7200001e+00
   2.0170000e+03   7.0000000e+00   2.4000000e+01   1.7000000e+01   5.0000000e+00   0.0000000e+00   8.3600000e+00
   2.0170000e+03   7.0000000e+00   2.4000000e+01   1.7000000e+01   6.0000000e+00   0.0000000e+00   9.9200000e+00
   2.0170000e+03   7.0000000e+00   2.4000000e+01   1.7000000e+01   7.0000000e+00   0.0000000e+00   8.3000003e+00
   2.0170000e+03   7.0000000e+00   2.4000000e+01   1.7000000e+01   8.0000000e+00   0.0000000e+00   6.2800000e+00
   2.0170000e+03   7.0000000e+00   2.4000000e+01   1.7000000e+01   9.0000000e+00   0.0000000e+00   7.2000000e+00
   2.0170000e+03   7.0000000e+00   2.4000000e+01   1.7000000e+01   1.0000000e+01   0.0000000e+00   7.0600000e+00
   2.0170000e+03   7.0000000e+00   2.4000000e+01   1.7000000e+01   1.1000000e+01   0.0000000e+00   5.7599999e+00
   2.0170000e+03   7.0000000e+00   2.4000000e+01   1.7000000e+01   1.2000000e+01   0.0000000e+00   3.1400001e+00
   2.0170000e+03   7.0000000e+00   2.4000000e+01   1.7000000e+01   1.3000000e+01   0.0000000e+00   4.0200000e+00
   2.0170000e+03   7.0000000e+00   2.4000000e+01   1.7000000e+01   1.4000000e+01   0.0000000e+00   4.9799999e+00
   2.0170000e+03   7.0000000e+00   2.4000000e+01   1.7000000e+01   1.5000000e+01   0.0000000e+00   3.0399998e+00
   2.0170000e+03   7.0000000e+00   2.4000000e+01   1.7000000e+01   1.6000000e+01   0.0000000e+00   1.2000000e+00
   2.0170000e+03   7.0000000e+00   2.4000000e+01   1.7000000e+01   1.7000000e+01   0.0000000e+00   1.7599999e+00
   2.0170000e+03   7.0000000e+00   2.4000000e+01   1.7000000e+01   1.8000000e+01   0.0000000e+00   3.4600001e+00
   2.0170000e+03   7.0000000e+00   2.4000000e+01   1.7000000e+01   1.9000000e+01   0.0000000e+00   2.8600000e+00
   2.0170000e+03   7.0000000e+00   2.4000000e+01   1.7000000e+01   2.0000000e+01   0.0000000e+00   2.4000000e+00
   2.0170000e+03   7.0000000e+00   2.4000000e+01   1.7000000e+01   2.1000000e+01   0.0000000e+00   2.9599998e+00
   2.0170000e+03   7.0000000e+00   2.4000000e+01   1.7000000e+01   2.2000000e+01   0.0000000e+00   5.0800000e+00
   2.0170000e+03   7.0000000e+00   2.4000000e+01   1.7000000e+01   2.3000000e+01   0.0000000e+00   6.0000000e+00
   2.0170000e+03   7.0000000e+00   2.4000000e+01   1.7000000e+01   2.4000000e+01   0.0000000e+00   6.1400000e+00
   2.0170000e+03   7.0000000e+00   2.4000000e+01   1.7000000e+01   2.5000000e+01   0.0000000e+00   6.0400000e+00
   2.0170000e+03   7.0000000e+00   2.4000000e+01   1.7000000e+01   2.6000000e+01   0.0000000e+00   4.2000000e+00
   2.0170000e+03   7.0000000e+00   2.4000000e+01   1.7000000e+01   2.7000000e+01   0.0000000e+00   3.9200000e+00
   2.0170000e+03   7.0000000e+00   2.4000000e+01   1.7000000e+01   2.8000000e+01   0.0000000e+00   2.7200000e+00
   2.0170000e+03   7.0000000e+00   2.4000000e+01   1.7000000e+01   2.9000000e+01   0.0000000e+00   1.5199999e+00
   2.0170000e+03   7.0000000e+00   2.4000000e+01   1.7000000e+01   3.0000000e+01   0.0000000e+00   4.6000000e-01
   2.0170000e+03   7.0000000e+00   2.4000000e+01   1.7000000e+01   3.1000000e+01   0.0000000e+00   1.4000002e-01
   2.0170000e+03   7.0000000e+00   2.4000000e+01   1.7000000e+01   3.2000000e+01   0.0000000e+00   6.0000000e-01
   2.0170000e+03   7.0000000e+00   2.4000000e+01   1.7000000e+01   3.3000000e+01   0.0000000e+00   4.6000000e-01
   2.0170000e+03   7.0000000e+00   2.4000000e+01   1.7000000e+01   3.4000000e+01   0.0000000e+00   1.3999998e-01
   2.0170000e+03   7.0000000e+00   2.4000000e+01   1.7000000e+01   3.5000000e+01   0.0000000e+00   4.6000006e-01
   2.0170000e+03   7.0000000e+00   2.4000000e+01   1.7000000e+01   3.6000000e+01   0.0000000e+00   0.0000000e+00
   2.0170000e+03   7.0000000e+00   2.4000000e+01   1.7000000e+01   3.7000000e+01   0.0000000e+00   1.4000000e-01
   2.0170000e+03   7.0000000e+00   2.4000000e+01   1.7000000e+01   3.8000000e+01   0.0000000e+00   4.6000000e-01
   2.0170000e+03   7.0000000e+00   2.4000000e+01   1.7000000e+01   3.9000000e+01   0.0000000e+00   0.0000000e+00
   2.0170000e+03   7.0000000e+00   2.4000000e+01   1.7000000e+01   4.0000000e+01   0.0000000e+00   1.4000000e-01
   2.0170000e+03   7.0000000e+00   2.4000000e+01   1.7000000e+01   4.1000000e+01   0.0000000e+00   4.6000000e-01
   2.0170000e+03   7.0000000e+00   2.4000000e+01   1.7000000e+01   4.2000000e+01   0.0000000e+00   1.4000002e-01
   2.0170000e+03   7.0000000e+00   2.4000000e+01   1.7000000e+01   4.3000000e+01   0.0000000e+00   6.0000000e-01
   2.0170000e+03   7.0000000e+00   2.4000000e+01   1.7000000e+01   4.4000000e+01   0.0000000e+00   6.0000000e-01
   2.0170000e+03   7.0000000e+00   2.4000000e+01   1.7000000e+01   4.5000000e+01   0.0000000e+00   4.5999998e-01
   2.0170000e+03   7.0000000e+00   2.4000000e+01   1.7000000e+01   4.6000000e+01   0.0000000e+00   1.4000006e-01
   2.0170000e+03   7.0000000e+00   2.4000000e+01   1.7000000e+01   4.7000000e+01   0.0000000e+00   6.0000000e-01
   2.0170000e+03   7.0000000e+00   2.4000000e+01   1.7000000e+01   4.8000000e+01   0.0000000e+00   4.6000002e-01
   2.0170000e+03   7.0000000e+00   2.4000000e+01   1.7000000e+01   4.9000000e+01   0.0000000e+00   0.0000000e+00
   2.0170000e+03   7.0000000e+00   2.4000000e+01   1.7000000e+01   5.0000000e+01   0.0000000e+00   1.4000000e-01
   2.0170000e+03   7.0000000e+00   2.4000000e+01   1.7000000e+01   5.1000000e+01   0.0000000e+00   4.6000002e-01
   2.0170000e+03   7.0000000e+00   2.4000000e+01   1.7000000e+01   5.2000000e+01   0.0000000e+00   1.3999994e-01
   2.0170000e+03   7.0000000e+00   2.4000000e+01   1.7000000e+01   5.3000000e+01   0.0000000e+00   4.6000000e-01
   2.0170000e+03   7.0000000e+00   2.4000000e+01   1.7000000e+01   5.4000000e+01   0.0000000e+00   0.0000000e+00
   2.0170000e+03   7.0000000e+00   2.4000000e+01   1.7000000e+01   5.5000000e+01   0.0000000e+00   1.4000000e-01
   2.0170000e+03   7.0000000e+00   2.4000000e+01   1.7000000e+01   5.6000000e+01   0.0000000e+00   4.5999998e-01
   2.0170000e+03   7.0000000e+00   2.4000000e+01   1.7000000e+01   5.7000000e+01   0.0000000e+00   0.0000000e+00
   2.0170000e+03   7.0000000e+00   2.4000000e+01   1.7000000e+01   5.8000000e+01   0.0000000e+00   1.4000000e-01
   2.0170000e+03   7.0000000e+00   2.4000000e+01   1.7000000e+01   5.9000000e+01   0.0000000e+00   6.0000000e-01
   2.0170000e+03   7.0000000e+00   2.4000000e+01   1.8000000e+01   0.0000000e+00   0.0000000e+00   6.0000000e-01
   2.0170000e+03   7.0000000e+00   2.4000000e+01   1.8000000e+01   1.0000000e+00   0.0000000e+00   6.0000000e-01
   2.0170000e+03   7.0000000e+00   2.4000000e+01   1.8000000e+01   2.0000000e+00   0.0000000e+00   6.0000000e-01
   2.0170000e+03   7.0000000e+00   2.4000000e+01   1.8000000e+01   3.0000000e+00   0.0000000e+00   6.0000000e-01
   2.0170000e+03   7.0000000e+00   2.4000000e+01   1.8000000e+01   4.0000000e+00   0.0000000e+00   4.6000000e-01
   2.0170000e+03   7.0000000e+00   2.4000000e+01   1.8000000e+01   5.0000000e+00   0.0000000e+00   1.3999998e-01
   2.0170000e+03   7.0000000e+00   2.4000000e+01   1.8000000e+01   6.0000000e+00   0.0000000e+00   4.6000006e-01
   2.0170000e+03   7.0000000e+00   2.4000000e+01   1.8000000e+01   7.0000000e+00   0.0000000e+00   1.4000000e-01
   2.0170000e+03   7.0000000e+00   2.4000000e+01   1.8000000e+01   8.0000000e+00   0.0000000e+00   4.6000000e-01
   2.0170000e+03   7.0000000e+00   2.4000000e+01   1.8000000e+01   9.0000000e+00   0.0000000e+00   0.0000000e+00
   2.0170000e+03   7.0000000e+00   2.4000000e+01   1.8000000e+01   1.0000000e+01   0.0000000e+00   0.0000000e+00
   2.0170000e+03   7.0000000e+00   2.4000000e+01   1.8000000e+01   1.1000000e+01   0.0000000e+00   1.4000000e-01
   2.0170000e+03   7.0000000e+00   2.4000000e+01   1.8000000e+01   1.2000000e+01   0.0000000e+00   4.6000000e-01
   2.0170000e+03   7.0000000e+00   2.4000000e+01   1.8000000e+01   1.3000000e+01   0.0000000e+00   0.0000000e+00
   2.0170000e+03   7.0000000e+00   2.4000000e+01   1.8000000e+01   1.4000000e+01   0.0000000e+00   0.0000000e+00
   2.0170000e+03   7.0000000e+00   2.4000000e+01   1.8000000e+01   1.5000000e+01   0.0000000e+00   0.0000000e+00
   2.0170000e+03   7.0000000e+00   2.4000000e+01   1.8000000e+01   1.6000000e+01   0.0000000e+00   1.4000002e-01
   2.0170000e+03   7.0000000e+00   2.4000000e+01   1.8000000e+01   1.7000000e+01   0.0000000e+00   4.5999994e-01
   2.0170000e+03   7.0000000e+00   2.4000000e+01   1.8000000e+01   1.8000000e+01   0.0000000e+00   0.0000000e+00
   2.0170000e+03   7.0000000e+00   2.4000000e+01   1.8000000e+01   1.9000000e+01   0.0000000e+00   0.0000000e+00
   2.0170000e+03   7.0000000e+00   2.4000000e+01   1.8000000e+01   2.0000000e+01   0.0000000e+00   0.0000000e+00
   2.0170000e+03   7.0000000e+00   2.4000000e+01   1.8000000e+01   2.1000000e+01   0.0000000e+00   0.0000000e+00
   2.0170000e+03   7.0000000e+00   2.4000000e+01   1.8000000e+01   2.2000000e+01   0.0000000e+00   0.0000000e+00
   2.0170000e+03   7.0000000e+00   2.4000000e+01   1.8000000e+01   2.3000000e+01   0.0000000e+00   1.4000000e-01
   2.0170000e+03   7.0000000e+00   2.4000000e+01   1.8000000e+01   2.4000000e+01   0.0000000e+00   4.6000000e-01
   2.0170000e+03   7.0000000e+00   2.4000000e+01   1.8000000e+01   2.5000000e+01   0.0000000e+00   0.0000000e+00
   2.0170000e+03   7.0000000e+00   2.4000000e+01   1.8000000e+01   2.6000000e+01   0.0000000e+00   0.0000000e+00
   2.0170000e+03   7.0000000e+00   2.4000000e+01   1.8000000e+01   2.7000000e+01   0.0000000e+00   0.0000000e+00
   2.0170000e+03   7.0000000e+00   2.4000000e+01   1.8000000e+01   2.8000000e+01   0.0000000e+00   0.0000000e+00
   2.0170000e+03   7.0000000e+00   2.4000000e+01   1.8000000e+01   2.9000000e+01   0.0000000e+00   0.0000000e+00
   2.0170000e+03   7.0000000e+00   2.4000000e+01   1.8000000e+01   3.0000000e+01   0.0000000e+00   0.0000000e+00
   2.0170000e+03   7.0000000e+00   2.4000000e+01   1.8000000e+01   3.1000000e+01   0.0000000e+00   0.0000000e+00
   2.0170000e+03   7.0000000e+00   2.4000000e+01   1.8000000e+01   3.2000000e+01   0.0000000e+00   1.4000000e-01
   2.0170000e+03   7.0000000e+00   2.4000000e+01   1.8000000e+01   3.3000000e+01   0.0000000e+00   4.6000002e-01
   2.0170000e+03   7.0000000e+00   2.4000000e+01   1.8000000e+01   3.4000000e+01   0.0000000e+00   1.2599995e+00
   2.0170000e+03   7.0000000e+00   2.4000000e+01   1.8000000e+01   3.5000000e+01   0.0000000e+00   6.3800000e+00
   2.0170000e+03   7.0000000e+00   2.4000000e+01   1.8000000e+01   3.6000000e+01   0.0000000e+00   1.0440000e+01
   2.0170000e+03   7.0000000e+00   2.4000000e+01   1.8000000e+01   3.7000000e+01   0.0000000e+00   1.2220000e+01
   2.0170000e+03   7.0000000e+00   2.4000000e+01   1.8000000e+01   3.8000000e+01   0.0000000e+00   8.0200000e+00
   2.0170000e+03   7.0000000e+00   2.4000000e+01   1.8000000e+01   3.9000000e+01   0.0000000e+00   4.1000000e+00
   2.0170000e+03   7.0000000e+00   2.4000000e+01   1.8000000e+01   4.0000000e+01   0.0000000e+00   1.5200000e+00
   2.0170000e+03   7.0000000e+00   2.4000000e+01   1.8000000e+01   4.1000000e+01   0.0000000e+00   7.4000002e-01
   2.0170000e+03   7.0000000e+00   2.4000000e+01   1.8000000e+01   4.2000000e+01   0.0000000e+00   1.2000000e+00
   2.0170000e+03   7.0000000e+00   2.4000000e+01   1.8000000e+01   4.3000000e+01   0.0000000e+00   1.6200000e+00
   2.0170000e+03   7.0000000e+00   2.4000000e+01   1.8000000e+01   4.4000000e+01   0.0000000e+00   3.0000000e+00
   2.0170000e+03   7.0000000e+00   2.4000000e+01   1.8000000e+01   4.5000000e+01   0.0000000e+00   2.7199999e+00
   2.0170000e+03   7.0000000e+00   2.4000000e+01   1.8000000e+01   4.6000000e+01   0.0000000e+00   1.6600000e+00
   2.0170000e+03   7.0000000e+00   2.4000000e+01   1.8000000e+01   4.7000000e+01   0.0000000e+00   1.2000000e+00
   2.0170000e+03   7.0000000e+00   2.4000000e+01   1.8000000e+01   4.8000000e+01   0.0000000e+00   1.2000000e+00
   2.0170000e+03   7.0000000e+00   2.4000000e+01   1.8000000e+01   4.9000000e+01   0.0000000e+00   1.0600000e+00
   2.0170000e+03   7.0000000e+00   2.4000000e+01   1.8000000e+01   5.0000000e+01   0.0000000e+00   1.1599999e+00
   2.0170000e+03   7.0000000e+00   2.4000000e+01   1.8000000e+01   5.1000000e+01   0.0000000e+00   2.5800002e+00
   2.0170000e+03   7.0000000e+00   2.4000000e+01   1.8000000e+01   5.2000000e+01   0.0000000e+00   1.2000000e+00
   2.0170000e+03   7.0000000e+00   2.4000000e+01   1.8000000e+01   5.3000000e+01   0.0000000e+00   1.7600000e+00
   2.0170000e+03   7.0000000e+00   2.4000000e+01   1.8000000e+01   5.4000000e+01   0.0000000e+00   3.4600000e+00
   2.0170000e+03   7.0000000e+00   2.4000000e+01   1.8000000e+01   5.5000000e+01   0.0000000e+00   3.7000000e+00
   2.0170000e+03   7.0000000e+00   2.4000000e+01   1.8000000e+01   5.6000000e+01   0.0000000e+00   6.4200000e+00
   2.0170000e+03   7.0000000e+00   2.4000000e+01   1.8000000e+01   5.7000000e+01   0.0000000e+00   6.4000000e+00
   2.0170000e+03   7.0000000e+00   2.4000000e+01   1.8000000e+01   5.8000000e+01   0.0000000e+00   1.5200000e+00
   2.0170000e+03   7.0000000e+00   2.4000000e+01   1.8000000e+01   5.9000000e+01   0.0000000e+00   6.0000000e-01
   2.0170000e+03   7.0000000e+00   2.4000000e+01   1.9000000e+01   0.0000000e+00   0.0000000e+00   6.0000000e-01
   2.0170000e+03   7.0000000e+00   2.4000000e+01   1.9000000e+01   1.0000000e+00   0.0000000e+00   4.5999998e-01
   2.0170000e+03   7.0000000e+00   2.4000000e+01   1.9000000e+01   2.0000000e+00   0.0000000e+00   1.4000006e-01
   2.0170000e+03   7.0000000e+00   2.4000000e+01   1.9000000e+01   3.0000000e+00   0.0000000e+00   4.6000000e-01
   2.0170000e+03   7.0000000e+00   2.4000000e+01   1.9000000e+01   4.0000000e+00   0.0000000e+00   1.3999998e-01
   2.0170000e+03   7.0000000e+00   2.4000000e+01   1.9000000e+01   5.0000000e+00   0.0000000e+00   4.6000006e-01
   2.0170000e+03   7.0000000e+00   2.4000000e+01   1.9000000e+01   6.0000000e+00   0.0000000e+00   1.4000000e-01
   2.0170000e+03   7.0000000e+00   2.4000000e+01   1.9000000e+01   7.0000000e+00   0.0000000e+00   4.6000000e-01
   2.0170000e+03   7.0000000e+00   2.4000000e+01   1.9000000e+01   8.0000000e+00   0.0000000e+00   0.0000000e+00
   2.0170000e+03   7.0000000e+00   2.4000000e+01   1.9000000e+01   9.0000000e+00   0.0000000e+00   1.4000000e-01
   2.0170000e+03   7.0000000e+00   2.4000000e+01   1.9000000e+01   1.0000000e+01   0.0000000e+00   4.6000000e-01
   2.0170000e+03   7.0000000e+00   2.4000000e+01   1.9000000e+01   1.1000000e+01   0.0000000e+00   0.0000000e+00
   2.0170000e+03   7.0000000e+00   2.4000000e+01   1.9000000e+01   1.2000000e+01   0.0000000e+00   0.0000000e+00
   2.0170000e+03   7.0000000e+00   2.4000000e+01   1.9000000e+01   1.3000000e+01   0.0000000e+00   1.4000006e-01
   2.0170000e+03   7.0000000e+00   2.4000000e+01   1.9000000e+01   1.4000000e+01   0.0000000e+00   4.6000000e-01
   2.0170000e+03   7.0000000e+00   2.4000000e+01   1.9000000e+01   1.5000000e+01   0.0000000e+00   0.0000000e+00
   2.0170000e+03   7.0000000e+00   2.4000000e+01   1.9000000e+01   1.6000000e+01   0.0000000e+00   0.0000000e+00
   2.0170000e+03   7.0000000e+00   2.4000000e+01   1.9000000e+01   1.7000000e+01   0.0000000e+00   0.0000000e+00
   2.0170000e+03   7.0000000e+00   2.4000000e+01   1.9000000e+01   1.8000000e+01   0.0000000e+00   1.3999998e-01
   2.0170000e+03   7.0000000e+00   2.4000000e+01   1.9000000e+01   1.9000000e+01   0.0000000e+00   4.6000006e-01
   2.0170000e+03   7.0000000e+00   2.4000000e+01   1.9000000e+01   2.0000000e+01   0.0000000e+00   0.0000000e+00
   2.0170000e+03   7.0000000e+00   2.4000000e+01   1.9000000e+01   2.1000000e+01   0.0000000e+00   0.0000000e+00
   2.0170000e+03   7.0000000e+00   2.4000000e+01   1.9000000e+01   2.2000000e+01   0.0000000e+00   0.0000000e+00
   2.0170000e+03   7.0000000e+00   2.4000000e+01   1.9000000e+01   2.3000000e+01   0.0000000e+00   1.4000000e-01
   2.0170000e+03   7.0000000e+00   2.4000000e+01   1.9000000e+01   2.4000000e+01   0.0000000e+00   4.6000000e-01
   2.0170000e+03   7.0000000e+00   2.4000000e+01   1.9000000e+01   2.5000000e+01   0.0000000e+00   0.0000000e+00
   2.0170000e+03   7.0000000e+00   2.4000000e+01   1.9000000e+01   2.6000000e+01   0.0000000e+00   0.0000000e+00
   2.0170000e+03   7.0000000e+00   2.4000000e+01   1.9000000e+01   2.7000000e+01   0.0000000e+00   0.0000000e+00
   2.0170000e+03   7.0000000e+00   2.4000000e+01   1.9000000e+01   2.8000000e+01   0.0000000e+00   0.0000000e+00
   2.0170000e+03   7.0000000e+00   2.4000000e+01   1.9000000e+01   2.9000000e+01   0.0000000e+00   0.0000000e+00
   2.0170000e+03   7.0000000e+00   2.4000000e+01   1.9000000e+01   3.0000000e+01   0.0000000e+00   0.0000000e+00