   2.0170000e+03   7.0000000e+00   2.4000000e+01   7.0000000e+00   0.0000000e+00   0.0000000e+00   0.0000000e+00
   2.0170000e+03   7.0000000e+00   2.4000000e+01   7.0000000e+00   1.0000000e+00   0.0000000e+00   0.0000000e+00
   2.0170000e+03   7.0000000e+00   2.4000000e+01   7.0000000e+00   2.0000000e+00   0.0000000e+00   0.0000000e+00
   2.0170000e+03   7.0000000e+00   2.4000000e+01   7.0000000e+00   3.0000000e+00   0.0000000e+00   0.0000000e+00
   2.0170000e+03   7.0000000e+00   2.4000000e+01   7.0000000e+00   4.0000000e+00   0.0000000e+00   0.0000000e+00
   2.0170000e+03   7.0000000e+00   2.4000000e+01   7.0000000e+00   5.0000000e+00   0.0000000e+00   0.0000000e+00
   2.0170000e+03   7.0000000e+00   2.4000000e+01   7.0000000e+00   6.0000000e+00   0.0000000e+00   0.0000000e+00
   2.0170000e+03   7.0000000e+00   2.4000000e+01   7.0000000e+00   7.0000000e+00   0.0000000e+00   0.0000000e+00
   2.0170000e+03   7.0000000e+00   2.4000000e+01   7.0000000e+00   8.0000000e+00   0.0000000e+00   0.0000000e+00
   2.0170000e+03   7.0000000e+00   2.4000000e+01   7.0000000e+00   9.0000000e+00   0.0000000e+00   9.0000000e-02
   2.0170000e+03   7.0000000e+00   2.4000000e+01   7.0000000e+00   1.0000000e+01   0.0000000e+00   5.0999999e-01
   2.0170000e+03   7.0000000e+00   2.4000000e+01   7.0000000e+00   1.1000000e+01   0.0000000e+00   0.0000000e+00
   2.0170000e+03   7.0000000e+00   2.4000000e+01   7.0000000e+00   1.2000000e+01   0.0000000e+00   0.0000000e+00
   2.0170000e+03   7.0000000e+00   2.4000000e+01   7.0000000e+00   1.3000000e+01   0.0000000e+00   0.0000000e+00
   2.0170000e+03   7.0000000e+00   2.4000000e+01   7.0000000e+00   1.4000000e+01   0.0000000e+00   0.0000000e+00
   2.0170000e+03   7.0000000e+00   2.4000000e+01   7.0000000e+00   1.5000000e+01   0.0000000e+00   0.0000000e+00
   2.0170000e+03   7.0000000e+00   2.4000000e+01   7.0000000e+00   1.6000000e+01   0.0000000e+00   0.0000000e+00
   2.0170000e+03   7.0000000e+00   2.4000000e+01   7.0000000e+00   1.7000000e+01   0.0000000e+00   0.0000000e+00
   2.0170000e+03   7.0000000e+00   2.4000000e+01   7.0000000e+00   1.8000000e+01   0.0000000e+00   0.0000000e+00
   2.0170000e+03   7.0000000e+00   2.4000000e+01   7.0000000e+00   1.9000000e+01   0.0000000e+00   0.0000000e+00
   2.0170000e+03   7.0000000e+00   2.4000000e+01   7.0000000e+00   2.0000000e+01   0.0000000e+00   0.0000000e+00
   2.0170000e+03   7.0000000e+00   2.4000000e+01   7.0000000e+00   2.1000000e+01   0.0000000e+00   0.0000000e+00
   2.0170000e+03   7.0000000e+00   2.4000000e+01   7.0000000e+00   2.2000000e+01   0.0000000e+00   0.0000000e+00
   2.0170000e+03   7.0000000e+00   2.4000000e+01   7.0000000e+00   2.3000000e+01   0.0000000e+00   0.0000000e+00
   2.0170000e+03   7.0000000e+00   2.4000000e+01   7.0000000e+00   2.4000000e+01   0.0000000e+00   0.0000000e+00
   2.0170000e+03   7.0000000e+00   2.4000000e+01   7.0000000e+00   2.5000000e+01   0.0000000e+00   0.0000000e+00
   2.0170000e+03   7.0000000e+00   2.4000000e+01   7.0000000e+00   2.6000000e+01   0.0000000e+00   0.0000000e+00
   2.0170000e+03   7.0000000e+00   2.4000000e+01   7.0000000e+00   2.7000000e+01   0.0000000e+00   0.0000000e+00
   2.0170000e+03   7.0000000e+00   2.4000000e+01   7.0000000e+00   2.8000000e+01   0.0000000e+00   0.0000000e+00
   2.0170000e+03   7.0000000e+00   2.4000000e+01   7.0000000e+00   2.9000000e+01   0.0000000e+00   0.0000000e+00
   2.0170000e+03   7.0000000e+00   2.4000000e+01   7.0000000e+00   3.0000000e+01   0.0000000e+00   8.9999989e-02
   2.0170000e+03   7.0000000e+00   2.4000000e+01   7.0000000e+00   3.1000000e+01   0.0000000e+00   5.1000006e-01
   2.0170000e+03   7.0000000e+00   2.4000000e+01   7.0000000e+00   3.2000000e+01   0.0000000e+00   0.0000000e+00
   2.0170000e+03   7.0000000e+00   2.4000000e+01   7.0000000e+00   3.3000000e+01   0.0000000e+00   0.0000000e+00
   2.0170000e+03   7.0000000e+00   2.4000000e+01   7.0000000e+00   3.4000000e+01   0.0000000e+00   0.0000000e+00
   2.0170000e+03   7.0000000e+00   2.4000000e+01   7.0000000e+00   3.5000000e+01   0.0000000e+00   0.0000000e+00
   2.0170000e+03   7.0000000e+00   2.4000000e+01   7.0000000e+00   3.6000000e+01   0.0000000e+00   0.0000000e+00
   2.0170000e+03   7.0000000e+00   2.4000000e+01   7.0000000e+00   3.7000000e+01   0.0000000e+00   0.0000000e+00
   2.0170000e+03   7.0000000e+00   2.4000000e+01   7.0000000e+00   3.8000000e+01   0.0000000e+00   0.0000000e+00
   2.0170000e+03   7.0000000e+00   2.4000000e+01   7.0000000e+00   3.9000000e+01   0.0000000e+00   0.0000000e+00
   2.0170000e+03   7.0000000e+00   2.4000000e+01   7.0000000e+00   4.0000000e+01   0.0000000e+00   0.0000000e+00
   2.0170000e+03   7.0000000e+00   2.4000000e+01   7.0000000e+00   4.1000000e+01   0.0000000e+00   0.0000000e+00
   2.0170000e+03   7.0000000e+00   2.4000000e+01   7.0000000e+00   4.2000000e+01   0.0000000e+00   0.0000000e+00
   2.0170000e+03   7.0000000e+00   2.4000000e+01   7.0000000e+00   4.3000000e+01   0.0000000e+00   0.0000000e+00
   2.0170000e+03   7.0000000e+00   2.4000000e+01   7.0000000e+00   4.4000000e+01   0.0000000e+00   0.0000000e+00
   2.0170000e+03   7.0000000e+00   2.4000000e+01   7.0000000e+00   4.5000000e+01   0.0000000e+00   0.0000000e+00
   2.0170000e+03   7.0000000e+00   2.4000000e+01   7.0000000e+00   4.6000000e+01   0.0000000e+00   1.8000000e-01
   2.0170000e+03   7.0000000e+00   2.4000000e+01   7.0000000e+00   4.7000000e+01   0.0000000e+00   1.2000000e+00
   2.0170000e+03   7.0000000e+00   2.4000000e+01   7.0000000e+00   4.8000000e+01   0.0000000e+00   1.1100001e+00
   2.0170000e+03   7.0000000e+00   2.4000000e+01   7.0000000e+00   4.9000000e+01   0.0000000e+00   7.8000000e-01
   2.0170000e+03   7.0000000e+00   2.4000000e+01   7.0000000e+00   5.0000000e+01   0.0000000e+00   1.6200000e+00
   2.0170000e+03   7.0000000e+00   2.4000000e+01   7.0000000e+00   5.1000000e+01   0.0000000e+00   7.7999987e-01
   2.0170000e+03   7.0000000e+00   2.4000000e+01   7.0000000e+00   5.2000000e+01   0.0000000e+00   1.8000000e+00
   2.0170000e+03   7.0000000e+00   2.4000000e+01   7.0000000e+00   5.3000000e+01   0.0000000e+00   1.7100000e+00
   2.0170000e+03   7.0000000e+00   2.4000000e+01   7.0000000e+00   5.4000000e+01   0.0000000e+00   1.2900000e+00
   2.0170000e+03   7.0000000e+00   2.4000000e+01   7.0000000e+00   5.5000000e+01   0.0000000e+00   1.7100000e+00
   2.0170000e+03   7.0000000e+00   2.4000000e+01   7.0000000e+00   5.6000000e+01   0.0000000e+00   1.1099999e+00
   2.0170000e+03   7.0000000e+00   2.4000000e+01   7.0000000e+00   5.7000000e+01   0.0000000e+00   6.0000000e-01
   2.0170000e+03   7.0000000e+00   2.4000000e+01   7.0000000e+00   5.8000000e+01   0.0000000e+00   6.0000000e-01
   2.0170000e+03   7.0000000e+00   2.4000000e+01   7.0000000e+00   5.9000000e+01   0.0000000e+00   5.0999994e-01
   2.0170000e+03   7.0000000e+00   2.4000000e+01   8.0000000e+00   0.0000000e+00   0.0000000e+00   9.0000000e-02
   2.0170000e+03   7.0000000e+00   2.4000000e+01   8.0000000e+00   1.0000000e+00   0.0000000e+00   5.1000001e-01
   2.0170000e+03   7.0000000e+00   2.4000000e+01   8.0000000e+00   2.0000000e+00   0.0000000e+00   8.9999935e-02
   2.0170000e+03   7.0000000e+00   2.4000000e+01   8.0000000e+00   3.0000000e+00   0.0000000e+00   6.0000000e-01
   2.0170000e+03   7.0000000e+00   2.4000000e+01   8.0000000e+00   4.0000000e+00   0.0000000e+00   6.0000000e-01
   2.0170000e+03   7.0000000e+00   2.4000000e+01   8.0000000e+00   5.0000000e+00   0.0000000e+00   6.0000000e-01
   2.0170000e+03   7.0000000e+00   2.4000000e+01   8.0000000e+00   6.0000000e+00   0.0000000e+00   5.1000000e-01
   2.0170000e+03   7.0000000e+00   2.4000000e+01   8.0000000e+00   7.0000000e+00   0.0000000e+00   9.0000000e-02
   2.0170000e+03   7.0000000e+00   2.4000000e+01   8.0000000e+00   8.0000000e+00   0.0000000e+00   5.1000000e-01
   2.0170000e+03   7.0000000e+00   2.4000000e+01   8.0000000e+00   9.0000000e+00   0.0000000e+00   0.0000000e+00
   2.0170000e+03   7.0000000e+00   2.4000000e+01   8.0000000e+00   1.0000000e+01   0.0000000e+00   9.0000000e-02
   2.0170000e+03   7.0000000e+00   2.4000000e+01   8.0000000e+00   1.1000000e+01   0.0000000e+00   5.1000000e-01
   2.0170000e+03   7.0000000e+00   2.4000000e+01   8.0000000e+00   1.2000000e+01   0.0000000e+00   0.0000000e+00
   2.0170000e+03   7.0000000e+00   2.4000000e+01   8.0000000e+00   1.3000000e+01   0.0000000e+00   0.0000000e+00
   2.0170000e+03   7.0000000e+00   2.4000000e+01   8.0000000e+00   1.4000000e+01   0.0000000e+00   0.0000000e+00
   2.0170000e+03   7.0000000e+00   2.4000000e+01   8.0000000e+00   1.5000000e+01   0.0000000e+00   0.0000000e+00
   2.0170000e+03   7.0000000e+00   2.4000000e+01   8.0000000e+00   1.6000000e+01   0.0000000e+00   8.9999935e-02
   2.0170000e+03   7.0000000e+00   2.4000000e+01   8.0000000e+00   1.7000000e+01   0.0000000e+00   5.1000000e-01
   2.0170000e+03   7.0000000e+00   2.4000000e+01   8.0000000e+00   1.8000000e+01   0.0000000e+00   0.0000000e+00
   2.0170000e+03   7.0000000e+00   2.4000000e+01   8.0000000e+00   1.9000000e+01   0.0000000e+00   0.0000000e+00
   2.0170000e+03   7.0000000e+00   2.4000000e+01   8.0000000e+00   2.0000000e+01   0.0000000e+00   9.0000000e-02
   2.0170000e+03   7.0000000e+00   2.4000000e+01   8.0000000e+00   2.1000000e+01   0.0000000e+00   6.0000000e-01
   2.0170000e+03   7.0000000e+00   2.4000000e+01   8.0000000e+00   2.2000000e+01   0.0000000e+00   6.0000000e-01
   2.0170000e+03   7.0000000e+00   2.4000000e+01   8.0000000e+00   2.3000000e+01   0.0000000e+00   6.0000000e-01
   2.0170000e+03   7.0000000e+00   2.4000000e+01   8.0000000e+00   2.4000000e+01   0.0000000e+00   6.0000000e-01
   2.0170000e+03   7.0000000e+00   2.4000000e+01   8.0000000e+00   2.5000000e+01   0.0000000e+00   6.9000000e-01
   2.0170000e+03   7.0000000e+00   2.4000000e+01   8.0000000e+00   2.6000000e+01   0.0000000e+00   1.1100000e+00
   2.0170000e+03   7.0000000e+00   2.4000000e+01   8.0000000e+00   2.7000000e+01   0.0000000e+00   7.8000013e-01
   2.0170000e+03   7.0000000e+00   2.4000000e+01   8.0000000e+00   2.8000000e+01   0.0000000e+00   1.6200000e+00
   2.0170000e+03   7.0000000e+00   2.4000000e+01   8.0000000e+00   2.9000000e+01   0.0000000e+00   6.0000000e-01
   2.0170000e+03   7.0000000e+00   2.4000000e+01   8.0000000e+00   3.0000000e+01   0.0000000e+00   5.0999994e-01
   2.0170000e+03   7.0000000e+00   2.4000000e+01   8.0000000e+00   3.1000000e+01   0.0000000e+00   9.0000000e-02
   2.0170000e+03   7.0000000e+00   2.4000000e+01   8.0000000e+00   3.2000000e+01   0.0000000e+00   6.0000000e-01
   2.0170000e+03   7.0000000e+00   2.4000000e+01   8.0000000e+00   3.3000000e+01   0.0000000e+00   5.1000006e-01
   2.0170000e+03   7.0000000e+00   2.4000000e+01   8.0000000e+00   3.4000000e+01   0.0000000e+00   9.0000000e-02
   2.0170000e+03   7.0000000e+00   2.4000000e+01   8.0000000e+00   3.5000000e+01   0.0000000e+00   5.1000001e-01
   2.0170000e+03   7.0000000e+00   2.4000000e+01   8.0000000e+00   3.6000000e+01   0.0000000e+00   0.0000000e+00
   2.0170000e+03   7.0000000e+00   2.4000000e+01   8.0000000e+00   3.7000000e+01   0.0000000e+00   9.0000000e-02
   2.0170000e+03   7.0000000e+00   2.4000000e+01   8.0000000e+00   3.8000000e+01   0.0000000e+00   5.1000000e-01
   2.0170000e+03   7.0000000e+00   2.4000000e+01   8.0000000e+00   3.9000000e+01   0.0000000e+00   0.0000000e+00
   2.0170000e+03   7.0000000e+00   2.4000000e+01   8.0000000e+00   4.0000000e+01   0.0000000e+00   9.0000011e-02
   2.0170000e+03   7.0000000e+00   2.4000000e+01   8.0000000e+00   4.1000000e+01   0.0000000e+00   5.0999994e-01
   2.0170000e+03   7.0000000e+00   2.4000000e+01   8.0000000e+00   4.2000000e+01   0.0000000e+00   0.0000000e+00
   2.0170000e+03   7.0000000e+00   2.4000000e+01   8.0000000e+00   4.3000000e+01   0.0000000e+00   0.0000000e+00
   2.0170000e+03   7.0000000e+00   2.4000000e+01   8.0000000e+00   4.4000000e+01   0.0000000e+00   0.0000000e+00
   2.0170000e+03   7.0000000e+00   2.4000000e+01   8.0000000e+00   4.5000000e+01   0.0000000e+00   9.0000000e-02
   2.0170000e+03   7.0000000e+00   2.4000000e+01   8.0000000e+00   4.6000000e+01   0.0000000e+00   5.1000001e-01
   2.0170000e+03   7.0000000e+00   2.4000000e+01   8.0000000e+00   4.7000000e+01   0.0000000e+00   8.9999935e-02
   2.0170000e+03   7.0000000e+00   2.4000000e+01   8.0000000e+00   4.8000000e+01   0.0000000e+00   6.0000000e-01
   2.0170000e+03   7.0000000e+00   2.4000000e+01   8.0000000e+00   4.9000000e+01   0.0000000e+00   6.0000000e-01
   2.0170000e+03   7.0000000e+00   2.4000000e+01   8.0000000e+00   5.0000000e+01   0.0000000e+00   7.7999987e-01
   2.0170000e+03   7.0000000e+00   2.4000000e+01   8.0000000e+00   5.1000000e+01   0.0000000e+00   1.8900000e+00
   2.0170000e+03   7.0000000e+00   2.4000000e+01   8.0000000e+00   5.2000000e+01   0.0000000e+00   2.8500000e+00
   2.0170000e+03   7.0000000e+00   2.4000000e+01   8.0000000e+00   5.3000000e+01   0.0000000e+00   5.2200000e+00
   2.0170000e+03   7.0000000e+00   2.4000000e+01   8.0000000e+00   5.4000000e+01   0.0000000e+00   4.1100000e+00
   2.0170000e+03   7.0000000e+00   2.4000000e+01   8.0000000e+00   5.5000000e+01   0.0000000e+00   3.6900000e+00
   2.0170000e+03   7.0000000e+00   2.4000000e+01   8.0000000e+00   5.6000000e+01   0.0000000e+00   4.2000000e+00
   2.0170000e+03   7.0000000e+00   2.4000000e+01   8.0000000e+00   5.7000000e+01   0.0000000e+00   4.3800000e+00
   2.0170000e+03   7.0000000e+00   2.4000000e+01   8.0000000e+00   5.8000000e+01   0.0000000e+00   5.4000000e+00
   2.0170000e+03   7.0000000e+00   2.4000000e+01   8.0000000e+00   5.9000000e+01   0.0000000e+00   5.0400000e+00
   2.0170000e+03   7.0000000e+00   2.4000000e+01   9.0000000e+00   0.0000000e+00   0.0000000e+00   2.9100000e+00
   2.0170000e+03   7.0000000e+00   2.4000000e+01   9.0000000e+00   1.0000000e+00   0.0000000e+00   2.2200001e+00
   2.0170000e+03   7.0000000e+00   2.4000000e+01   9.0000000e+00   2.0000000e+00   0.0000000e+00   1.2000000e+00
   2.0170000e+03   7.0000000e+00   2.4000000e+01   9.0000000e+00   3.0000000e+00   0.0000000e+00   1.2000000e+00
   2.0170000e+03   7.0000000e+00   2.4000000e+01   9.0000000e+00   4.0000000e+00   0.0000000e+00   1.5599997e+00
   2.0170000e+03   7.0000000e+00   2.4000000e+01   9.0000000e+00   5.0000000e+00   0.0000000e+00   3.9600000e+00
   2.0170000e+03   7.0000000e+00   2.4000000e+01   9.0000000e+00   6.0000000e+00   0.0000000e+00   5.6400000e+00
   2.0170000e+03   7.0000000e+00   2.4000000e+01   9.0000000e+00   7.0000000e+00   0.0000000e+00   3.6000000e+00
   2.0170000e+03   7.0000000e+00   2.4000000e+01   9.0000000e+00   8.0000000e+00   0.0000000e+00   3.5100000e+00
   2.0170000e+03   7.0000000e+00   2.4000000e+01   9.0000000e+00   9.0000000e+00   0.0000000e+00   3.1800000e+00
   2.0170000e+03   7.0000000e+00   2.4000000e+01   9.0000000e+00   1.0000000e+01   0.0000000e+00   4.0200000e+00
   2.0170000e+03   7.0000000e+00   2.4000000e+01   9.0000000e+00   1.1000000e+01   0.0000000e+00   3.0900000e+00
   2.0170000e+03   7.0000000e+00   2.4000000e+01   9.0000000e+00   1.2000000e+01   0.0000000e+00   3.6000000e+00
   2.0170000e+03   7.0000000e+00   2.4000000e+01   9.0000000e+00   1.3000000e+01   0.0000000e+00   3.2400000e+00
   2.0170000e+03   7.0000000e+00   2.4000000e+01   9.0000000e+00   1.4000000e+01   0.0000000e+00   1.2000000e+00
   2.0170000e+03   7.0000000e+00   2.4000000e+01   9.0000000e+00   1.5000000e+01   0.0000000e+00   1.2900001e+00
   2.0170000e+03   7.0000000e+00   2.4000000e+01   9.0000000e+00   1.6000000e+01   0.0000000e+00   1.8000000e+00
   2.0170000e+03   7.0000000e+00   2.4000000e+01   9.0000000e+00   1.7000000e+01   0.0000000e+00   1.7100000e+00
   2.0170000e+03   7.0000000e+00   2.4000000e+01   9.0000000e+00   1.8000000e+01   0.0000000e+00   1.2000000e+00
   2.0170000e+03   7.0000000e+00   2.4000000e+01   9.0000000e+00   1.9000000e+01   0.0000000e+00   1.2900000e+00
   2.0170000e+03   7.0000000e+00   2.4000000e+01   9.0000000e+00   2.0000000e+01   0.0000000e+00   1.9800000e+00
   2.0170000e+03   7.0000000e+00   2.4000000e+01   9.0000000e+00   2.1000000e+01   0.0000000e+00   3.2699998e+00
   2.0170000e+03   7.0000000e+00   2.4000000e+01   9.0000000e+00   2.2000000e+01   0.0000000e+00   4.6200000e+00
   2.0170000e+03   7.0000000e+00   2.4000000e+01   9.0000000e+00   2.3000000e+01   0.0000000e+00   3.6900000e+00
   2.0170000e+03   7.0000000e+00   2.4000000e+01   9.0000000e+00   2.4000000e+01   0.0000000e+00   4.1100000e+00
   2.0170000e+03   7.0000000e+00   2.4000000e+01   9.0000000e+00   2.5000000e+01   0.0000000e+00   3.4200000e+00
   2.0170000e+03   7.0000000e+00   2.4000000e+01   9.0000000e+00   2.6000000e+01   0.0000000e+00   2.4000000e+00
   2.0170000e+03   7.0000000e+00   2.4000000e+01   9.0000000e+00   2.7000000e+01   0.0000000e+00   2.4900000e+00
   2.0170000e+03   7.0000000e+00   2.4000000e+01   9.0000000e+00   2.8000000e+01   0.0000000e+00   3.1800000e+00
   2.0170000e+03   7.0000000e+00   2.4000000e+01   9.0000000e+00   2.9000000e+01   0.0000000e+00   3.8399997e+00
   2.0170000e+03   7.0000000e+00   2.4000000e+01   9.0000000e+00   3.0000000e+01   0.0000000e+00   1.8000000e+00
   2.0170000e+03   7.0000000e+00   2.4000000e+01   9.0000000e+00   3.1000000e+01   0.0000000e+00   1.6200000e+00
   2.0170000e+03   7.0000000e+00   2.4000000e+01   9.0000000e+00   3.2000000e+01   0.0000000e+00   6.8999994e-01
   2.0170000e+03   7.0000000e+00   2.4000000e+01   9.0000000e+00   3.3000000e+01   0.0000000e+00   1.1100000e+00
   2.0170000e+03   7.0000000e+00   2.4000000e+01   9.0000000e+00   3.4000000e+01   0.0000000e+00   6.0000000e-01
   2.0170000e+03   7.0000000e+00   2.4000000e+01   9.0000000e+00   3.5000000e+01   0.0000000e+00   6.0000000e-01
   2.0170000e+03   7.0000000e+00   2.4000000e+01   9.0000000e+00   3.6000000e+01   0.0000000e+00   6.0000000e-01
   2.0170000e+03   7.0000000e+00   2.4000000e+01   9.0000000e+00   3.7000000e+01   0.0000000e+00   5.1000000e-01
   2.0170000e+03   7.0000000e+00   2.4000000e+01   9.0000000e+00   3.8000000e+01   0.0000000e+00   9.0000000e-02
   2.0170000e+03   7.0000000e+00   2.4000000e+01   9.0000000e+00   3.9000000e+01   0.0000000e+00   6.0000000e-01
   2.0170000e+03   7.0000000e+00   2.4000000e+01   9.0000000e+00   4.0000000e+01   0.0000000e+00   6.9000000e-01
   2.0170000e+03   7.0000000e+00   2.4000000e+01   9.0000000e+00   4.1000000e+01   0.0000000e+00   1.0200000e+00
   2.0170000e+03   7.0000000e+00   2.4000000e+01   9.0000000e+00   4.2000000e+01   0.0000000e+00   9.0000011e-02
   2.0170000e+03   7.0000000e+00   2.4000000e+01   9.0000000e+00   4.3000000e+01   0.0000000e+00   5.0999994e-01
   2.0170000e+03   7.0000000e+00   2.4000000e+01   9.0000000e+00   4.4000000e+01   0.0000000e+00   9.0000000e-02
   2.0170000e+03   7.0000000e+00   2.4000000e+01   9.0000000e+00   4.5000000e+01   0.0000000e+00   5.1000001e-01
   2.0170000e+03   7.0000000e+00   2.4000000e+01   9.0000000e+00   4.6000000e+01   0.0000000e+00   8.9999935e-02
   2.0170000e+03   7.0000000e+00   2.4000000e+01   9.0000000e+00   4.7000000e+01   0.0000000e+00   5.1000000e-01
   2.0170000e+03   7.0000000e+00   2.4000000e+01   9.0000000e+00   4.8000000e+01   0.0000000e+00   0.0000000e+00
   2.0170000e+03   7.0000000e+00   2.4000000e+01   9.0000000e+00   4.9000000e+01   0.0000000e+00   8.9999935e-02
   2.0170000e+03   7.0000000e+00   2.4000000e+01   9.0000000e+00   5.0000000e+01   0.0000000e+00   5.1000000e-01
   2.0170000e+03   7.0000000e+00   2.4000000e+01   9.0000000e+00   5.1000000e+01   0.0000000e+00   0.0000000e+00
   2.0170000e+03   7.0000000e+00   2.4000000e+01   9.0000000e+00   5.2000000e+01   0.0000000e+00   0.0000000e+00
   2.0170000e+03   7.0000000e+00   2.4000000e+01   9.0000000e+00   5.3000000e+01   0.0000000e+00   0.0000000e+00
   2.0170000e+03   7.0000000e+00   2.4000000e+01   9.0000000e+00   5.4000000e+01   0.0000000e+00   0.0000000e+00
   2.0170000e+03   7.0000000e+00   2.4000000e+01   9.0000000e+00   5.5000000e+01   0.0000000e+00   0.0000000e+00
   2.0170000e+03   7.0000000e+00   2.4000000e+01   9.0000000e+00   5.6000000e+01   0.0000000e+00   9.0000011e-02
   2.0170000e+03   7.0000000e+00   2.4000000e+01   9.0000000e+00   5.7000000e+01   0.0000000e+00   5.0999994e-01
   2.0170000e+03   7.0000000e+00   2.4000000e+01   9.0000000e+00   5.8000000e+01   0.0000000e+00   0.0000000e+00
   2.0170000e+03   7.0000000e+00   2.4000000e+01   9.0000000e+00   5.9000000e+01   0.0000000e+00   0.0000000e+00
   2.0170000e+03   7.0000000e+00   2.4000000e+01   1.0000000e+01   0.0000000e+00   0.0000000e+00   0.0000000e+00
   2.0170000e+03   7.0000000e+00   2.4000000e+01   1.0000000e+01   1.0000000e+00   0.0000000e+00   0.0000000e+00
   2.0170000e+03   7.0000000e+00   2.4000000e+01   1.0000000e+01   2.0000000e+00   0.0000000e+00   0.0000000e+00
   2.0170000e+03   7.0000000e+00   2.4000000e+01   1.0000000e+01   3.0000000e+00   0.0000000e+00   0.0000000e+00
   2.0170000e+03   7.0000000e+00   2.4000000e+01   1.0000000e+01   4.0000000e+00   0.0000000e+00   0.0000000e+00
   2.0170000e+03   7.0000000e+00   2.4000000e+01   1.0000000e+01   5.0000000e+00   0.0000000e+00   0.0000000e+00
   2.0170000e+03   7.0000000e+00   2.4000000e+01   1.0000000e+01   6.0000000e+00   0.0000000e+00   8.9999935e-02
   2.0170000e+03   7.0000000e+00   2.4000000e+01   1.0000000e+01   7.0000000e+00   0.0000000e+00   5.1000000e-01
   2.0170000e+03   7.0000000e+00   2.4000000e+01   1.0000000e+01   8.0000000e+00   0.0000000e+00   0.0000000e+00
   2.0170000e+03   7.0000000e+00   2.4000000e+01   1.0000000e+01   9.0000000e+00   0.0000000e+00   0.0000000e+00
   2.0170000e+03   7.0000000e+00   2.4000000e+01   1.0000000e+01   1.0000000e+01   0.0000000e+00   0.0000000e+00
   2.0170000e+03   7.0000000e+00   2.4000000e+01   1.0000000e+01   1.1000000e+01   0.0000000e+00   9.0000065e-02
   2.0170000e+03   7.0000000e+00   2.4000000e+01   1.0000000e+01   1.2000000e+01   0.0000000e+00   5.1000000e-01
   2.0170000e+03   7.0000000e+00   2.4000000e+01   1.0000000e+01   1.3000000e+01   0.0000000e+00   9.0000011e-02
   2.0170000e+03   7.0000000e+00   2.4000000e+01   1.0000000e+01   1.4000000e+01   0.0000000e+00   5.0999994e-01
   2.0170000e+03   7.0000000e+00   2.4000000e+01   1.0000000e+01   1.5000000e+01   0.0000000e+00   9.0000000e-02
   2.0170000e+03   7.0000000e+00   2.4000000e+01   1.0000000e+01   1.6000000e+01   0.0000000e+00   5.1000001e-01
   2.0170000e+03   7.0000000e+00   2.4000000e+01   1.0000000e+01   1.7000000e+01   0.0000000e+00   8.9999935e-02
   2.0170000e+03   7.0000000e+00   2.4000000e+01   1.0000000e+01   1.8000000e+01   0.0000000e+00   6.0000000e-01
   2.0170000e+03   7.0000000e+00   2.4000000e+01   1.0000000e+01   1.9000000e+01   0.0000000e+00   5.1000001e-01
   2.0170000e+03   7.0000000e+00   2.4000000e+01   1.0000000e+01   2.0000000e+01   0.0000000e+00   1.7999987e-01
   2.0170000e+03   7.0000000e+00   2.4000000e+01   1.0000000e+01   2.1000000e+01   0.0000000e+00   1.2900000e+00
   2.0170000e+03   7.0000000e+00   2.4000000e+01   1.0000000e+01   2.2000000e+01   0.0000000e+00   1.9800000e+00
   2.0170000e+03   7.0000000e+00   2.4000000e+01   1.0000000e+01   2.3000000e+01   0.0000000e+00   2.9100000e+00
   2.0170000e+03   7.0000000e+00   2.4000000e+01   1.0000000e+01   2.4000000e+01   0.0000000e+00   2.4000000e+00
   2.0170000e+03   7.0000000e+00   2.4000000e+01   1.0000000e+01   2.5000000e+01   0.0000000e+00   2.4000000e+00
   2.0170000e+03   7.0000000e+00   2.4000000e+01   1.0000000e+01   2.6000000e+01   0.0000000e+00   2.4000000e+00
   2.0170000e+03   7.0000000e+00   2.4000000e+01   1.0000000e+01   2.7000000e+01   0.0000000e+00   2.2200000e+00
   2.0170000e+03   7.0000000e+00   2.4000000e+01   1.0000000e+01   2.8000000e+01   0.0000000e+00   1.1099999e+00
   2.0170000e+03   7.0000000e+00   2.4000000e+01   1.0000000e+01   2.9000000e+01   0.0000000e+00   6.9000000e-01
   2.0170000e+03   7.0000000e+00   2.4000000e+01   1.0000000e+01   3.0000000e+01   0.0000000e+00   1.2000000e+00
   2.0170000e+03   7.0000000e+00   2.4000000e+01   1.0000000e+01   3.1000000e+01   0.0000000e+00   1.1100001e+00
   2.0170000e+03   7.0000000e+00   2.4000000e+01   1.0000000e+01   3.2000000e+01   0.0000000e+00   6.0000000e-01
   2.0170000e+03   7.0000000e+00   2.4000000e+01   1.0000000e+01   3.3000000e+01   0.0000000e+00   6.8999999e-01
   2.0170000e+03   7.0000000e+00   2.4000000e+01   1.0000000e+01   3.4000000e+01   0.0000000e+00   1.1100001e+00
   2.0170000e+03   7.0000000e+00   2.4000000e+01   1.0000000e+01   3.5000000e+01   0.0000000e+00   5.1000000e-01
   2.0170000e+03   7.0000000e+00   2.4000000e+01   1.0000000e+01   3.6000000e+01   0.0000000e+00   9.0000000e-02
   2.0170000e+03   7.0000000e+00   2.4000000e+01   1.0000000e+01   3.7000000e+01   0.0000000e+00   6.0000000e-01
   2.0170000e+03   7.0000000e+00   2.4000000e+01   1.0000000e+01   3.8000000e+01   0.0000000e+00   6.0000000e-01
   2.0170000e+03   7.0000000e+00   2.4000000e+01   1.0000000e+01   3.9000000e+01   0.0000000e+00   6.0000000e-01
   2.0170000e+03   7.0000000e+00   2.4000000e+01   1.0000000e+01   4.0000000e+01   0.0000000e+00   5.1000000e-01
   2.0170000e+03   7.0000000e+00   2.4000000e+01   1.0000000e+01   4.1000000e+01   0.0000000e+00   1.8000002e-01
   2.0170000e+03   7.0000000e+00   2.4000000e+01   1.0000000e+01   4.2000000e+01   0.0000000e+00   1.1099999e+00
   2.0170000e+03   7.0000000e+00   2.4000000e+01   1.0000000e+01   4.3000000e+01   0.0000000e+00   6.9000000e-01
   2.0170000e+03   7.0000000e+00   2.4000000e+01   1.0000000e+01   4.4000000e+01   0.0000000e+00   1.2000000e+00
   2.0170000e+03   7.0000000e+00   2.4000000e+01   1.0000000e+01   4.5000000e+01   0.0000000e+00   1.1099999e+00
   2.0170000e+03   7.0000000e+00   2.4000000e+01   1.0000000e+01   4.6000000e+01   0.0000000e+00   6.9000000e-01
   2.0170000e+03   7.0000000e+00   2.4000000e+01   1.0000000e+01   4.7000000e+01   0.0000000e+00   1.0200000e+00
   2.0170000e+03   7.0000000e+00   2.4000000e+01   1.0000000e+01   4.8000000e+01   0.0000000e+00   0.0000000e+00
   2.0170000e+03   7.0000000e+00   2.4000000e+01   1.0000000e+01   4.9000000e+01   0.0000000e+00   9.0000000e-02
   2.0170000e+03   7.0000000e+00   2.4000000e+01   1.0000000e+01   5.0000000e+01   0.0000000e+00   5.1000001e-01
   2.0170000e+03   7.0000000e+00   2.4000000e+01   1.0000000e+01   5.1000000e+01   0.0000000e+00   8.9999935e-02
   2.0170000e+03   7.0000000e+00   2.4000000e+01   1.0000000e+01   5.2000000e+01   0.0000000e+00   5.1000000e-01
   2.0170000e+03   7.0000000e+00   2.4000000e+01   1.0000000e+01   5.3000000e+01   0.0000000e+00   0.0000000e+00
   2.0170000e+03   7.0000000e+00   2.4000000e+01   1.0000000e+01   5.4000000e+01   0.0000000e+00   9.0000000e-02
   2.0170000e+03   7.0000000e+00   2.4000000e+01   1.0000000e+01   5.5000000e+01   0.0000000e+00   6.0000000e-01
   2.0170000e+03   7.0000000e+00   2.4000000e+01   1.0000000e+01   5.6000000e+01   0.0000000e+00   5.0999994e-01
   2.0170000e+03   7.0000000e+00   2.4000000e+01   1.0000000e+01   5.7000000e+01   0.0000000e+00   9.0000000e-02
   2.0170000e+03   7.0000000e+00   2.4000000e+01   1.0000000e+01   5.8000000e+01   0.0000000e+00   6.9000001e-01
   2.0170000e+03   7.0000000e+00   2.4000000e+01   1.0000000e+01   5.9000000e+01   0.0000000e+00   1.2000000e+00
   2.0170000e+03   7.0000000e+00   2.4000000e+01   1.1000000e+01   0.0000000e+00   0.0000000e+00   1.1100000e+00
   2.0170000e+03   7.0000000e+00   2.4000000e+01   1.1000000e+01   1.0000000e+00   0.0000000e+00   6.8999999e-01
   2.0170000e+03   7.0000000e+00   2.4000000e+01   1.1000000e+01   2.0000000e+00   0.0000000e+00   1.1100001e+00
   2.0170000e+03   7.0000000e+00   2.4000000e+01   1.1000000e+01   3.0000000e+00   0.0000000e+00   6.0000000e-01
   2.0170000e+03   7.0000000e+00   2.4000000e+01   1.1000000e+01   4.0000000e+00   0.0000000e+00   6.0000000e-01
   2.0170000e+03   7.0000000e+00   2.4000000e+01   1.1000000e+01   5.0000000e+00   0.0000000e+00   6.0000000e-01
   2.0170000e+03   7.0000000e+00   2.4000000e+01   1.1000000e+01   6.0000000e+00   0.0000000e+00   6.0000000e-01
   2.0170000e+03   7.0000000e+00   2.4000000e+01   1.1000000e+01   7.0000000e+00   0.0000000e+00   1.0500000e+00
   2.0170000e+03   7.0000000e+00   2.4000000e+01   1.1000000e+01   8.0000000e+00   0.0000000e+00   3.8700000e+00
   2.0170000e+03   7.0000000e+00   2.4000000e+01   1.1000000e+01   9.0000000e+00   0.0000000e+00   5.1300000e+00
   2.0170000e+03   7.0000000e+00   2.4000000e+01   1.1000000e+01   1.0000000e+01   0.0000000e+00   3.6000000e+00
   2.0170000e+03   7.0000000e+00   2.4000000e+01   1.1000000e+01   1.1000000e+01   0.0000000e+00   3.3300000e+00
   2.0170000e+03   7.0000000e+00   2.4000000e+01   1.1000000e+01   1.2000000e+01   0.0000000e+00   2.2500001e+00
   2.0170000e+03   7.0000000e+00   2.4000000e+01   1.1000000e+01   1.3000000e+01   0.0000000e+00   5.5200005e+00
   2.0170000e+03   7.0000000e+00   2.4000000e+01   1.1000000e+01   1.4000000e+01   0.0000000e+00   9.8700000e+00
   2.0170000e+03   7.0000000e+00   2.4000000e+01   1.1000000e+01   1.5000000e+01   0.0000000e+00   1.2570000e+01
   2.0170000e+03   7.0000000e+00   2.4000000e+01   1.1000000e+01   1.6000000e+01   0.0000000e+00   1.9830000e+01
   2.0170000e+03   7.0000000e+00   2.4000000e+01   1.1000000e+01   1.7000000e+01   0.0000000e+00   2.2680000e+01
   2.0170000e+03   7.0000000e+00   2.4000000e+01   1.1000000e+01   1.8000000e+01   0.0000000e+00   1.7610000e+01
   2.0170000e+03   7.0000000e+00   2.4000000e+01   1.1000000e+01   1.9000000e+01   0.0000000e+00   1.1730000e+01
   2.0170000e+03   7.0000000e+00   2.4000000e+01   1.1000000e+01   2.0000000e+01   0.0000000e+00   1.0020000e+01
   2.0170000e+03   7.0000000e+00   2.4000000e+01   1.1000000e+01   2.1000000e+01   0.0000000e+00   8.6400000e+00
   2.0170000e+03   7.0000000e+00   2.4000000e+01   1.1000000e+01   2.2000000e+01   0.0000000e+00   6.3300000e+00
   2.0170000e+03   7.0000000e+00   2.4000000e+01   1.1000000e+01   2.3000000e+01   0.0000000e+00   4.6200000e+00
   2.0170000e+03   7.0000000e+00   2.4000000e+01   1.1000000e+01   2.4000000e+01   0.0000000e+00   3.5100000e+00
   2.0170000e+03   7.0000000e+00   2.4000000e+01   1.1000000e+01   2.5000000e+01   0.0000000e+00   3.1800000e+00
   2.0170000e+03   7.0000000e+00   2.4000000e+01   1.1000000e+01   2.6000000e+01   0.0000000e+00   4.1100000e+00
   2.0170000e+03   7.0000000e+00   2.4000000e+01   1.1000000e+01   2.7000000e+01   0.0000000e+00   3.5099999e+00
   2.0170000e+03   7.0000000e+00   2.4000000e+01   1.1000000e+01   2.8000000e+01   0.0000000e+00   2.8200000e+00
   2.0170000e+03   7.0000000e+00   2.4000000e+01   1.1000000e+01   2.9000000e+01   0.0000000e+00   1.8000000e+00
   2.0170000e+03   7.0000000e+00   2.4000000e+01   1.1000000e+01   3.0000000e+01   0.0000000e+00   2.4300005e+00
   2.0170000e+03   7.0000000e+00   2.4000000e+01   1.1000000e+01   3.1000000e+01   0.0000000e+00   7.0800000e+00
   2.0170000e+03   7.0000000e+00   2.4000000e+01   1.1000000e+01   3.2000000e+01   0.0000000e+00   1.5090000e+01
   2.0170000e+03   7.0000000e+00   2.4000000e+01   1.1000000e+01   3.3000000e+01   0.0000000e+00   2.4180001e+01
   2.0170000e+03   7.0000000e+00   2.4000000e+01   1.1000000e+01   3.4000000e+01   0.0000000e+00   1.3290000e+01
   2.0170000e+03   7.0000000e+00   2.4000000e+01   1.1000000e+01   3.5000000e+01   0.0000000e+00   3.6000000e+00
   2.0170000e+03   7.0000000e+00   2.4000000e+01   1.1000000e+01   3.6000000e+01   0.0000000e+00   3.8699998e+00
   2.0170000e+03   7.0000000e+00   2.4000000e+01   1.1000000e+01   3.7000000e+01   0.0000000e+00   6.1200000e+00
   2.0170000e+03   7.0000000e+00   2.4000000e+01   1.1000000e+01   3.8000000e+01   0.0000000e+00   9.5700000e+00
   2.0170000e+03   7.0000000e+00   2.4000000e+01   1.1000000e+01   3.9000000e+01   0.0000000e+00   5.3700000e+00
   2.0170000e+03   7.0000000e+00   2.4000000e+01   1.1000000e+01   4.0000000e+01   0.0000000e+00   1.7100000e+00
   2.0170000e+03   7.0000000e+00   2.4000000e+01   1.1000000e+01   4.1000000e+01   0.0000000e+00   1.3800001e+00
   2.0170000e+03   7.0000000e+00   2.4000000e+01   1.1000000e+01   4.2000000e+01   0.0000000e+00   3.3000000e+00
   2.0170000e+03   7.0000000e+00   2.4000000e+01   1.1000000e+01   4.3000000e+01   0.0000000e+00   7.4099999e+00
   2.0170000e+03   7.0000000e+00   2.4000000e+01   1.1000000e+01   4.4000000e+01   0.0000000e+00   1.7099999e+00
   2.0170000e+03   7.0000000e+00   2.4000000e+01   1.1000000e+01   4.5000000e+01   0.0000000e+00   1.1100000e+00
   2.0170000e+03   7.0000000e+00   2.4000000e+01   1.1000000e+01   4.6000000e+01   0.0000000e+00   6.8999999e-01
   2.0170000e+03   7.0000000e+00   2.4000000e+01   1.1000000e+01   4.7000000e+01   0.0000000e+00   1.1100001e+00
   2.0170000e+03   7.0000000e+00   2.4000000e+01   1.1000000e+01   4.8000000e+01   0.0000000e+00   6.0000000e-01
   2.0170000e+03   7.0000000e+00   2.4000000e+01   1.1000000e+01   4.9000000e+01   0.0000000e+00   6.8999999e-01
   2.0170000e+03   7.0000000e+00   2.4000000e+01   1.1000000e+01   5.0000000e+01   0.0000000e+00   1.4699998e+00
   2.0170000e+03   7.0000000e+00   2.4000000e+01   1.1000000e+01   5.1000000e+01   0.0000000e+00   4.6200000e+00
   2.0170000e+03   7.0000000e+00   2.4000000e+01   1.1000000e+01   5.2000000e+01   0.0000000e+00   1.2990000e+01
   2.0170000e+03   7.0000000e+00   2.4000000e+01   1.1000000e+01   5.3000000e+01   0.0000000e+00   8.0400000e+00
   2.0170000e+03   7.0000000e+00   2.4000000e+01   1.1000000e+01   5.4000000e+01   0.0000000e+00   5.9100000e+00
   2.0170000e+03   7.0000000e+00   2.4000000e+01   1.1000000e+01   5.5000000e+01   0.0000000e+00   5.4000000e+00
   2.0170000e+03   7.0000000e+00   2.4000000e+01   1.1000000e+01   5.6000000e+01   0.0000000e+00   5.5800000e+00
   2.0170000e+03   7.0000000e+00   2.4000000e+01   1.1000000e+01   5.7000000e+01   0.0000000e+00   6.6000000e+00
   2.0170000e+03   7.0000000e+00   2.4000000e+01   1.1000000e+01   5.8000000e+01   0.0000000e+00   6.4199999e+00
   2.0170000e+03   7.0000000e+00   2.4000000e+01   1.1000000e+01   5.9000000e+01   0.0000000e+00   5.5800000e+00
   2.0170000e+03   7.0000000e+00   2.4000000e+01   1.2000000e+01   0.0000000e+00   0.0000000e+00   6.1500001e+00
   2.0170000e+03   7.0000000e+00   2.4000000e+01   1.2000000e+01   1.0000000e+00   0.0000000e+00   3.4200001e+00
   2.0170000e+03   7.0000000e+00   2.4000000e+01   1.2000000e+01   2.0000000e+00   0.0000000e+00   2.7600000e+00
   2.0170000e+03   7.0000000e+00   2.4000000e+01   1.2000000e+01   3.0000000e+00   0.0000000e+00   4.7100000e+00
   2.0170000e+03   7.0000000e+00   2.4000000e+01   1.2000000e+01   4.0000000e+00   0.0000000e+00   4.0200001e+00
   2.0170000e+03   7.0000000e+00   2.4000000e+01   1.2000000e+01   5.0000000e+00   0.0000000e+00   3.0900000e+00
   2.0170000e+03   7.0000000e+00   2.4000000e+01   1.2000000e+01   6.0000000e+00   0.0000000e+00   3.7800000e+00
   2.0170000e+03   7.0000000e+00   2.4000000e+01   1.2000000e+01   7.0000000e+00   0.0000000e+00   4.9800000e+00
   2.0170000e+03   7.0000000e+00   2.4000000e+01   1.2000000e+01   8.0000000e+00   0.0000000e+00   6.5400000e+00
   2.0170000e+03   7.0000000e+00   2.4000000e+01   1.2000000e+01   9.0000000e+00   0.0000000e+00   9.7800000e+00
   2.0170000e+03   7.0000000e+00   2.4000000e+01   1.2000000e+01   1.0000000e+01   0.0000000e+00   1.0350000e+01
   2.0170000e+03   7.0000000e+00   2.4000000e+01   1.2000000e+01   1.1000000e+01   0.0000000e+00   7.3499999e+00
   2.0170000e+03   7.0000000e+00   2.4000000e+01   1.2000000e+01   1.2000000e+01   0.0000000e+00   4.9800001e+00
   2.0170000e+03   7.0000000e+00   2.4000000e+01   1.2000000e+01   1.3000000e+01   0.0000000e+00   5.8200000e+00
   2.0170000e+03   7.0000000e+00   2.4000000e+01   1.2000000e+01   1.4000000e+01   0.0000000e+00   4.3499999e+00
   2.0170000e+03   7.0000000e+00   2.4000000e+01   1.2000000e+01   1.5000000e+01   0.0000000e+00   1.7099999e+00
   2.0170000e+03   7.0000000e+00   2.4000000e+01   1.2000000e+01   1.6000000e+01   0.0000000e+00   1.1100000e+00
   2.0170000e+03   7.0000000e+00   2.4000000e+01   1.2000000e+01   1.7000000e+01   0.0000000e+00   6.8999999e-01
   2.0170000e+03   7.0000000e+00   2.4000000e+01   1.2000000e+01   1.8000000e+01   0.0000000e+00   1.1100001e+00
   2.0170000e+03   7.0000000e+00   2.4000000e+01   1.2000000e+01   1.9000000e+01   0.0000000e+00   6.9000000e-01
   2.0170000e+03   7.0000000e+00   2.4000000e+01   1.2000000e+01   2.0000000e+01   0.0000000e+00   1.2000000e+00
   2.0170000e+03   7.0000000e+00   2.4000000e+01   1.2000000e+01   2.1000000e+01   0.0000000e+00   1.2000000e+00
   2.0170000e+03   7.0000000e+00   2.4000000e+01   1.2000000e+01   2.2000000e+01   0.0000000e+00   1.2900000e+00
   2.0170000e+03   7.0000000e+00   2.4000000e+01   1.2000000e+01   2.3000000e+01   0.0000000e+00   1.6200000e+00
   2.0170000e+03   7.0000000e+00   2.4000000e+01   1.2000000e+01   2.4000000e+01   0.0000000e+00   6.0000000e-01
   2.0170000e+03   7.0000000e+00   2.4000000e+01   1.2000000e+01   2.5000000e+01   0.0000000e+00   6.0000000e-01
   2.0170000e+03   7.0000000e+00   2.4000000e+01   1.2000000e+01   2.6000000e+01   0.0000000e+00   6.0000000e-01
   2.0170000e+03   7.0000000e+00   2.4000000e+01   1.2000000e+01   2.7000000e+01   0.0000000e+00   6.9000000e-01
   2.0170000e+03   7.0000000e+00   2.4000000e+01   1.2000000e+01   2.8000000e+01   0.0000000e+00   1.4700000e+00
   2.0170000e+03   7.0000000e+00   2.4000000e+01   1.2000000e+01   2.9000000e+01   0.0000000e+00   3.7200005e+00
   2.0170000e+03   7.0000000e+00   2.4000000e+01   1.2000000e+01   3.0000000e+01   0.0000000e+00   7.6200000e+00
   2.0170000e+03   7.0000000e+00   2.4000000e+01   1.2000000e+01   3.1000000e+01   0.0000000e+00   6.0600001e+00
   2.0170000e+03   7.0000000e+00   2.4000000e+01   1.2000000e+01   3.2000000e+01   0.0000000e+00   2.8200001e+00
   2.0170000e+03   7.0000000e+00   2.4000000e+01   1.2000000e+01   3.3000000e+01   0.0000000e+00   2.1600000e+00
   2.0170000e+03   7.0000000e+00   2.4000000e+01   1.2000000e+01   3.4000000e+01   0.0000000e+00   4.5600000e+00
   2.0170000e+03   7.0000000e+00   2.4000000e+01   1.2000000e+01   3.5000000e+01   0.0000000e+00   6.1500003e+00
   2.0170000e+03   7.0000000e+00   2.4000000e+01   1.2000000e+01   3.6000000e+01   0.0000000e+00   3.6000000e+00
   2.0170000e+03   7.0000000e+00   2.4000000e+01   1.2000000e+01   3.7000000e+01   0.0000000e+00   3.5100000e+00
   2.0170000e+03   7.0000000e+00   2.4000000e+01   1.2000000e+01   3.8000000e+01   0.0000000e+00   3.0000000e+00
   2.0170000e+03   7.0000000e+00   2.4000000e+01   1.2000000e+01   3.9000000e+01   0.0000000e+00   2.9100000e+00
   2.0170000e+03   7.0000000e+00   2.4000000e+01   1.2000000e+01   4.0000000e+01   0.0000000e+00   2.3100000e+00
   2.0170000e+03   7.0000000e+00   2.4000000e+01   1.2000000e+01   4.1000000e+01   0.0000000e+00   1.8000000e+00
   2.0170000e+03   7.0000000e+00   2.4000000e+01   1.2000000e+01   4.2000000e+01   0.0000000e+00   2.3400001e+00
   2.0170000e+03   7.0000000e+00   2.4000000e+01   1.2000000e+01   4.3000000e+01   0.0000000e+00   5.4000000e+00
   2.0170000e+03   7.0000000e+00   2.4000000e+01   1.2000000e+01   4.4000000e+01   0.0000000e+00   4.8600000e+00
   2.0170000e+03   7.0000000e+00   2.4000000e+01   1.2000000e+01   4.5000000e+01   0.0000000e+00   1.6200000e+00
   2.0170000e+03   7.0000000e+00   2.4000000e+01   1.2000000e+01   4.6000000e+01   0.0000000e+00   7.7999987e-01
   2.0170000e+03   7.0000000e+00   2.4000000e+01   1.2000000e+01   4.7000000e+01   0.0000000e+00   3.6900000e+00
   2.0170000e+03   7.0000000e+00   2.4000000e+01   1.2000000e+01   4.8000000e+01   0.0000000e+00   1.3680000e+01
   2.0170000e+03   7.0000000e+00   2.4000000e+01   1.2000000e+01   4.9000000e+01   0.0000000e+00   8.7900006e+00
   2.0170000e+03   7.0000000e+00   2.4000000e+01   1.2000000e+01   5.0000000e+01   0.0000000e+00   4.2000000e+00
   2.0170000e+03   7.0000000e+00   2.4000000e+01   1.2000000e+01   5.1000000e+01   0.0000000e+00   4.2000000e+00
   2.0170000e+03   7.0000000e+00   2.4000000e+01   1.2000000e+01   5.2000000e+01   0.0000000e+00   4.5600000e+00
   2.0170000e+03   7.0000000e+00   2.4000000e+01   1.2000000e+01   5.3000000e+01   0.0000000e+00   7.1400000e+00
   2.0170000e+03   7.0000000e+00   2.4000000e+01   1.2000000e+01   5.4000000e+01   0.0000000e+00   1.0290000e+01
   2.0170000e+03   7.0000000e+00   2.4000000e+01   1.2000000e+01   5.5000000e+01   0.0000000e+00   1.0710000e+01
   2.0170000e+03   7.0000000e+00   2.4000000e+01   1.2000000e+01   5.6000000e+01   0.0000000e+00   1.0380000e+01
   2.0170000e+03   7.0000000e+00   2.4000000e+01   1.2000000e+01   5.7000000e+01   0.0000000e+00   1.0679999e+01
   2.0170000e+03   7.0000000e+00   2.4000000e+01   1.2000000e+01   5.8000000e+01   0.0000000e+00   5.9700000e+00
   2.0170000e+03   7.0000000e+00   2.4000000e+01   1.2000000e+01   5.9000000e+01   0.0000000e+00   2.2200000e+00
   2.0170000e+03   7.0000000e+00   2.4000000e+01   1.3000000e+01   0.0000000e+00   0.0000000e+00   1.2000000e+00
   2.0170000e+03   7.0000000e+00   2.4000000e+01   1.3000000e+01   1.0000000e+00   0.0000000e+00   1.2000000e+00
   2.0170000e+03   7.0000000e+00   2.4000000e+01   1.3000000e+01   2.0000000e+00   0.0000000e+00   1.3800000e+00
   2.0170000e+03   7.0000000e+00   2.4000000e+01   1.3000000e+01   3.0000000e+00   0.0000000e+00   2.4000000e+00
   2.0170000e+03   7.0000000e+00   2.4000000e+01   1.3000000e+01   4.0000000e+00   0.0000000e+00   2.4000000e+00
   2.0170000e+03   7.0000000e+00   2.4000000e+01   1.3000000e+01   5.0000000e+00   0.0000000e+00   2.3100000e+00
   2.0170000e+03   7.0000000e+00   2.4000000e+01   1.3000000e+01   6.0000000e+00   0.0000000e+00   1.7100001e+00
   2.0170000e+03   7.0000000e+00   2.4000000e+01   1.3000000e+01   7.0000000e+00   0.0000000e+00   1.2000000e+00
   2.0170000e+03   7.0000000e+00   2.4000000e+01   1.3000000e+01   8.0000000e+00   0.0000000e+00   1.1100000e+00
   2.0170000e+03   7.0000000e+00   2.4000000e+01   1.3000000e+01   9.0000000e+00   0.0000000e+00   6.9000000e-01
   2.0170000e+03   7.0000000e+00   2.4000000e+01   1.3000000e+01   1.0000000e+01   0.0000000e+00   1.2000000e+00
   2.0170000e+03   7.0000000e+00   2.4000000e+01   1.3000000e+01   1.1000000e+01   0.0000000e+00   1.2000000e+00
   2.0170000e+03   7.0000000e+00   2.4000000e+01   1.3000000e+01   1.2000000e+01   0.0000000e+00   1.2000000e+00
   2.0170000e+03   7.0000000e+00   2.4000000e+01   1.3000000e+01   1.3000000e+01   0.0000000e+00   1.2000000e+00
   2.0170000e+03   7.0000000e+00   2.4000000e+01   1.3000000e+01   1.4000000e+01   0.0000000e+00   1.2000000e+00
   2.0170000e+03   7.0000000e+00   2.4000000e+01   1.3000000e+01   1.5000000e+01   0.0000000e+00   1.2900000e+00
   2.0170000e+03   7.0000000e+00   2.4000000e+01   1.3000000e+01   1.6000000e+01   0.0000000e+00   1.9800000e+00
   2.0170000e+03   7.0000000e+00   2.4000000e+01   1.3000000e+01   1.7000000e+01   0.0000000e+00   3.0899999e+00
   2.0170000e+03   7.0000000e+00   2.4000000e+01   1.3000000e+01   1.8000000e+01   0.0000000e+00   3.6900000e+00
   2.0170000e+03   7.0000000e+00   2.4000000e+01   1.3000000e+01   1.9000000e+01   0.0000000e+00   4.0200000e+00
   2.0170000e+03   7.0000000e+00   2.4000000e+01   1.3000000e+01   2.0000000e+01   0.0000000e+00   2.8200001e+00
   2.0170000e+03   7.0000000e+00   2.4000000e+01   1.3000000e+01   2.1000000e+01   0.0000000e+00   1.7100000e+00
   2.0170000e+03   7.0000000e+00   2.4000000e+01   1.3000000e+01   2.2000000e+01   0.0000000e+00   1.2900000e+00
   2.0170000e+03   7.0000000e+00   2.4000000e+01   1.3000000e+01   2.3000000e+01   0.0000000e+00   1.7100000e+00
   2.0170000e+03   7.0000000e+00   2.4000000e+01   1.3000000e+01   2.4000000e+01   0.0000000e+00   1.1100000e+00
   2.0170000e+03   7.0000000e+00   2.4000000e+01   1.3000000e+01   2.5000000e+01   0.0000000e+00   6.9000000e-01
   2.0170000e+03   7.0000000e+00   2.4000000e+01   1.3000000e+01   2.6000000e+01   0.0000000e+00   1.1100000e+00
   2.0170000e+03   7.0000000e+00   2.4000000e+01   1.3000000e+01   2.7000000e+01   0.0000000e+00   6.9000001e-01
   2.0170000e+03   7.0000000e+00   2.4000000e+01   1.3000000e+01   2.8000000e+01   0.0000000e+00   1.1099999e+00
   2.0170000e+03   7.0000000e+00   2.4000000e+01   1.3000000e+01   2.9000000e+01   0.0000000e+00   6.0000000e-01
   2.0170000e+03   7.0000000e+00   2.4000000e+01   1.3000000e+01   3.0000000e+01   0.0000000e+00   6.0000000e-01
   2.0170000e+03   7.0000000e+00   2.4000000e+01   1.3000000e+01   3.1000000e+01   0.0000000e+00   6.8999994e-01
   2.0170000e+03   7.0000000e+00   2.4000000e+01   1.3000000e+01   3.2000000e+01   0.0000000e+00   1.2000000e+00
   2.0170000e+03   7.0000000e+00   2.4000000e+01   1.3000000e+01   3.3000000e+01   0.0000000e+00   1.0200000e+00
   2.0170000e+03   7.0000000e+00   2.4000000e+01   1.3000000e+01   3.4000000e+01   0.0000000e+00   8.9999935e-02
   2.0170000e+03   7.0000000e+00   2.4000000e+01   1.3000000e+01   3.5000000e+01   0.0000000e+00   6.0000000e-01
   2.0170000e+03   7.0000000e+00   2.4000000e+01   1.3000000e+01   3.6000000e+01   0.0000000e+00   5.1000000e-01
   2.0170000e+03   7.0000000e+00   2.4000000e+01   1.3000000e+01   3.7000000e+01   0.0000000e+00   9.0000000e-02
   2.0170000e+03   7.0000000e+00   2.4000000e+01   1.3000000e+01   3.8000000e+01   0.0000000e+00   5.1000000e-01
   2.0170000e+03   7.0000000e+00   2.4000000e+01   1.3000000e+01   3.9000000e+01   0.0000000e+00   9.0000000e-02
   2.0170000e+03   7.0000000e+00   2.4000000e+01   1.3000000e+01   4.0000000e+01   0.0000000e+00   5.1000000e-01
   2.0170000e+03   7.0000000e+00   2.4000000e+01   1.3000000e+01   4.1000000e+01   0.0000000e+00   9.0000011e-02
   2.0170000e+03   7.0000000e+00   2.4000000e+01   1.3000000e+01   4.2000000e+01   0.0000000e+00   7.8000013e-01
   2.0170000e+03   7.0000000e+00   2.4000000e+01   1.3000000e+01   4.3000000e+01   0.0000000e+00   1.8000000e+00
   2.0170000e+03   7.0000000e+00   2.4000000e+01   1.3000000e+01   4.4000000e+01   0.0000000e+00   1.8000000e+00
   2.0170000e+03   7.0000000e+00   2.4000000e+01   1.3000000e+01   4.5000000e+01   0.0000000e+00   1.6199999e+00
   2.0170000e+03   7.0000000e+00   2.4000000e+01   1.3000000e+01   4.6000000e+01   0.0000000e+00   6.9000000e-01
   2.0170000e+03   7.0000000e+00   2.4000000e+01   1.3000000e+01   4.7000000e+01   0.0000000e+00   1.1100000e+00
   2.0170000e+03   7.0000000e+00   2.4000000e+01   1.3000000e+01   4.8000000e+01   0.0000000e+00   8.6999981e-01
   2.0170000e+03   7.0000000e+00   2.4000000e+01   1.3000000e+01   4.9000000e+01   0.0000000e+00   2.5800000e+00
   2.0170000e+03   7.0000000e+00   2.4000000e+01   1.3000000e+01   5.0000000e+01   0.0000000e+00   3.6000000e+00
   2.0170000e+03   7.0000000e+00   2.4000000e+01   1.3000000e+01   5.1000000e+01   0.0000000e+00   4.4099994e+00
   2.0170000e+03   7.0000000e+00   2.4000000e+01   1.3000000e+01   5.2000000e+01   0.0000000e+00   8.0100000e+00
   2.0170000e+03   7.0000000e+00   2.4000000e+01   1.3000000e+01   5.3000000e+01   0.0000000e+00   2.4000000e+00
   2.0170000e+03   7.0000000e+00   2.4000000e+01   1.3000000e+01   5.4000000e+01   0.0000000e+00   2.4000000e+00
   2.0170000e+03   7.0000000e+00   2.4000000e+01   1.3000000e+01   5.5000000e+01   0.0000000e+00   2.5800000e+00
   2.0170000e+03   7.0000000e+00   2.4000000e+01   1.3000000e+01   5.6000000e+01   0.0000000e+00   3.3299998e+00
   2.0170000e+03   7.0000000e+00   2.4000000e+01   1.3000000e+01   5.7000000e+01   0.0000000e+00   1.6200000e+00
   2.0170000e+03   7.0000000e+00   2.4000000e+01   1.3000000e+01   5.8000000e+01   0.0000000e+00   6.9000001e-01
   2.0170000e+03   7.0000000e+00   2.4000000e+01   1.3000000e+01   5.9000000e+01   0.0000000e+00   1.1099999e+00
   2.0170000e+03   7.0000000e+00   2.4000000e+01   1.4000000e+01   0.0000000e+00   0.0000000e+00   6.0000000e-01
   2.0170000e+03   7.0000000e+00   2.4000000e+01   1.4000000e+01   1.0000000e+00   0.0000000e+00   6.0000000e-01
   2.0170000e+03   7.0000000e+00   2.4000000e+01   1.4000000e+01   2.0000000e+00   0.0000000e+00   6.0000000e-01
   2.0170000e+03   7.0000000e+00   2.4000000e+01   1.4000000e+01   3.0000000e+00   0.0000000e+00   6.0000000e-01
   2.0170000e+03   7.0000000e+00   2.4000000e+01   1.4000000e+01   4.0000000e+00   0.0000000e+00   6.0000000e-01
   2.0170000e+03   7.0000000e+00   2.4000000e+01   1.4000000e+01   5.0000000e+00   0.0000000e+00   6.0000000e-01
   2.0170000e+03   7.0000000e+00   2.4000000e+01   1.4000000e+01   6.0000000e+00   0.0000000e+00   5.1000000e-01
   2.0170000e+03   7.0000000e+00   2.4000000e+01   1.4000000e+01   7.0000000e+00   0.0000000e+00   9.0000000e-02
   2.0170000e+03   7.0000000e+00   2.4000000e+01   1.4000000e+01   8.0000000e+00   0.0000000e+00   5.1000000e-01
   2.0170000e+03   7.0000000e+00   2.4000000e+01   1.4000000e+01   9.0000000e+00   0.0000000e+00   9.0000000e-02
   2.0170000e+03   7.0000000e+00   2.4000000e+01   1.4000000e+01   1.0000000e+01   0.0000000e+00   5.1000000e-01
   2.0170000e+03   7.0000000e+00   2.4000000e+01   1.4000000e+01   1.1000000e+01   0.0000000e+00   9.0000000e-02
   2.0170000e+03   7.0000000e+00   2.4000000e+01   1.4000000e+01   1.2000000e+01   0.0000000e+00   5.0999999e-01
   2.0170000e+03   7.0000000e+00   2.4000000e+01   1.4000000e+01   1.3000000e+01   0.0000000e+00   0.0000000e+00
   2.0170000e+03   7.0000000e+00   2.4000000e+01   1.4000000e+01   1.4000000e+01   0.0000000e+00   9.0000000e-02
   2.0170000e+03   7.0000000e+00   2.4000000e+01   1.4000000e+01   1.5000000e+01   0.0000000e+00   5.1000001e-01
   2.0170000e+03   7.0000000e+00   2.4000000e+01   1.4000000e+01   1.6000000e+01   0.0000000e+00   0.0000000e+00
   2.0170000e+03   7.0000000e+00   2.4000000e+01   1.4000000e+01   1.7000000e+01   0.0000000e+00   0.0000000e+00
   2.0170000e+03   7.0000000e+00   2.4000000e+01   1.4000000e+01   1.8000000e+01   0.0000000e+00   8.9999989e-02
   2.0170000e+03   7.0000000e+00   2.4000000e+01   1.4000000e+01   1.9000000e+01   0.0000000e+00   5.1000006e-01
   2.0170000e+03   7.0000000e+00   2.4000000e+01   1.4000000e+01   2.0000000e+01   0.0000000e+00   0.0000000e+00
   2.0170000e+03   7.0000000e+00   2.4000000e+01   1.4000000e+01   2.1000000e+01   0.0000000e+00   9.0000000e-02
   2.0170000e+03   7.0000000e+00   2.4000000e+01   1.4000000e+01   2.2000000e+01   0.0000000e+00   5.1000000e-01
   2.0170000e+03   7.0000000e+00   2.4000000e+01   1.4000000e+01   2.3000000e+01   0.0000000e+00   0.0000000e+00
   2.0170000e+03   7.0000000e+00   2.4000000e+01   1.4000000e+01   2.4000000e+01   0.0000000e+00   9.0000000e-02
   2.0170000e+03   7.0000000e+00   2.4000000e+01   1.4000000e+01   2.5000000e+01   0.0000000e+00   5.1000000e-01
   2.0170000e+03   7.0000000e+00   2.4000000e+01   1.4000000e+01   2.6000000e+01   0.0000000e+00   0.0000000e+00
   2.0170000e+03   7.0000000e+00   2.4000000e+01   1.4000000e+01   2.7000000e+01   0.0000000e+00   0.0000000e+00
   2.0170000e+03   7.0000000e+00   2.4000000e+01   1.4000000e+01   2.8000000e+01   0.0000000e+00   0.0000000e+00
   2.0170000e+03   7.0000000e+00   2.4000000e+01   1.4000000e+01   2.9000000e+01   0.0000000e+00   9.0000011e-02
   2.0170000e+03   7.0000000e+00   2.4000000e+01   1.4000000e+01   3.0000000e+01   0.0000000e+00   5.0999994e-01
   2.0170000e+03   7.0000000e+00   2.4000000e+01   1.4000000e+01   3.1000000e+01   0.0000000e+00   0.0000000e+00
   2.0170000e+03   7.0000000e+00   2.4000000e+01   1.4000000e+01   3.2000000e+01   0.0000000e+00   0.0000000e+00
   2.0170000e+03   7.0000000e+00   2.4000000e+01   1.4000000e+01   3.3000000e+01   0.0000000e+00   0.0000000e+00
   2.0170000e+03   7.0000000e+00   2.4000000e+01   1.4000000e+01   3.4000000e+01   0.0000000e+00   0.0000000e+00
   2.0170000e+03   7.0000000e+00   2.4000000e+01   1.4000000e+01   3.5000000e+01   0.0000000e+00   0.0000000e+00
   2.0170000e+03   7.0000000e+00   2.4000000e+01   1.4000000e+01   3.6000000e+01   0.0000000e+00   8.9999935e-02
   2.0170000e+03   7.0000000e+00   2.4000000e+01   1.4000000e+01   3.7000000e+01   0.0000000e+00   5.1000000e-01
   2.0170000e+03   7.0000000e+00   2.4000000e+01   1.4000000e+01   3.8000000e+01   0.0000000e+00   0.0000000e+00
   2.0170000e+03   7.0000000e+00   2.4000000e+01   1.4000000e+01   3.9000000e+01   0.0000000e+00   0.0000000e+00
   2.0170000e+03   7.0000000e+00   2.4000000e+01   1.4000000e+01   4.0000000e+01   0.0000000e+00   0.0000000e+00
   2.0170000e+03   7.0000000e+00   2.4000000e+01   1.4000000e+01   4.1000000e+01   0.0000000e+00   0.0000000e+00
   2.0170000e+03   7.0000000e+00   2.4000000e+01   1.4000000e+01   4.2000000e+01   0.0000000e+00   0.0000000e+00
   2.0170000e+03   7.0000000e+00   2.4000000e+01   1.4000000e+01   4.3000000e+01   0.0000000e+00   0.0000000e+00
   2.0170000e+03   7.0000000e+00   2.4000000e+01   1.4000000e+01   4.4000000e+01   0.0000000e+00   0.0000000e+00
   2.0170000e+03   7.0000000e+00   2.4000000e+01   1.4000000e+01   4.5000000e+01   0.0000000e+00   0.0000000e+00
   2.0170000e+03   7.0000000e+00   2.4000000e+01   1.4000000e+01   4.6000000e+01   0.0000000e+00   8.9999989e-02
   2.0170000e+03   7.0000000e+00   2.4000000e+01   1.4000000e+01   4.7000000e+01   0.0000000e+00   5.1000006e-01
   2.0170000e+03   7.0000000e+00   2.4000000e+01   1.4000000e+01   4.8000000e+01   0.0000000e+00   0.0000000e+00
   2.0170000e+03   7.0000000e+00   2.4000000e+01   1.4000000e+01   4.9000000e+01   0.0000000e+00   0.0000000e+00
   2.0170000e+03   7.0000000e+00   2.4000000e+01   1.4000000e+01   5.0000000e+01   0.0000000e+00   0.0000000e+00
   2.0170000e+03   7.0000000e+00   2.4000000e+01   1.4000000e+01   5.1000000e+01   0.0000000e+00   0.0000000e+00
   2.0170000e+03   7.0000000e+00   2.4000000e+01   1.4000000e+01   5.2000000e+01   0.0000000e+00   0.0000000e+00
   2.0170000e+03   7.0000000e+00   2.4000000e+01   1.4000000e+01   5.3000000e+01   0.0000000e+00   0.0000000e+00
   2.0170000e+03   7.0000000e+00   2.4000000e+01   1.4000000e+01   5.4000000e+01   0.0000000e+00   0.0000000e+00
   2.0170000e+03   7.0000000e+00   2.4000000e+01   1.4000000e+01   5.5000000e+01   0.0000000e+00   0.0000000e+00
   2.0170000e+03   7.0000000e+00   2.4000000e+01   1.4000000e+01   5.6000000e+01   0.0000000e+00   0.0000000e+00
   2.0170000e+03   7.0000000e+00   2.4000000e+01   1.4000000e+01   5.7000000e+01   0.0000000e+00   9.0000011e-02
   2.0170000e+03   7.0000000e+00   2.4000000e+01   1.4000000e+01   5.8000000e+01   0.0000000e+00   5.0999994e-01
   2.0170000e+03   7.0000000e+00   2.4000000e+01   1.4000000e+01   5.9000000e+01   0.0000000e+00   0.0000000e+00
   2.0170000e+03   7.0000000e+00   2.4000000e+01   1.5000000e+01   0.0000000e+00   0.0000000e+00   0.0000000e+00
   2.0170000e+03   7.0000000e+00   2.4000000e+01   1.5000000e+01   1.0000000e+00   0.0000000e+00   0.0000000e+00
   2.0170000e+03   7.0000000e+00   2.4000000e+01   1.5000000e+01   2.0000000e+00   0.0000000e+00   0.0000000e+00
   2.0170000e+03   7.0000000e+00   2.4000000e+01   1.5000000e+01   3.0000000e+00   0.0000000e+00   0.0000000e+00
   2.0170000e+03   7.0000000e+00   2.4000000e+01   1.5000000e+01   4.0000000e+00   0.0000000e+00   0.0000000e+00
   2.0170000e+03   7.0000000e+00   2.4000000e+01   1.5000000e+01   5.0000000e+00   0.0000000e+00   0.0000000e+00
   2.0170000e+03   7.0000000e+00   2.4000000e+01   1.5000000e+01   6.0000000e+00   0.0000000e+00   0.0000000e+00
   2.0170000e+03   7.0000000e+00   2.4000000e+01   1.5000000e+01   7.0000000e+00   0.0000000e+00   0.0000000e+00
   2.0170000e+03   7.0000000e+00   2.4000000e+01   1.5000000e+01   8.0000000e+00   0.0000000e+00   0.0000000e+00
   2.0170000e+03   7.0000000e+00   2.4000000e+01   1.5000000e+01   9.0000000e+00   0.0000000e+00   0.0000000e+00
   2.0170000e+03   7.0000000e+00   2.4000000e+01   1.5000000e+01   1.0000000e+01   0.0000000e+00   9.0000000e-02
   2.0170000e+03   7.0000000e+00   2.4000000e+01   1.5000000e+01   1.1000000e+01   0.0000000e+00   5.0999999e-01
   2.0170000e+03   7.0000000e+00   2.4000000e+01   1.5000000e+01   1.2000000e+01   0.0000000e+00   0.0000000e+00
   2.0170000e+03   7.0000000e+00   2.4000000e+01   1.5000000e+01   1.3000000e+01   0.0000000e+00   0.0000000e+00
   2.0170000e+03   7.0000000e+00   2.4000000e+01   1.5000000e+01   1.4000000e+01   0.0000000e+00   0.0000000e+00
   2.0170000e+03   7.0000000e+00   2.4000000e+01   1.5000000e+01   1.5000000e+01   0.0000000e+00   0.0000000e+00
   2.0170000e+03   7.0000000e+00   2.4000000e+01   1.5000000e+01   1.6000000e+01   0.0000000e+00   0.0000000e+00
   2.0170000e+03   7.0000000e+00   2.4000000e+01   1.5000000e+01   1.7000000e+01   0.0000000e+00   0.0000000e+00
   2.0170000e+03   7.0000000e+00   2.4000000e+01   1.5000000e+01   1.8000000e+01   0.0000000e+00   0.0000000e+00
   2.0170000e+03   7.0000000e+00   2.4000000e+01   1.5000000e+01   1.9000000e+01   0.0000000e+00   0.0000000e+00
   2.0170000e+03   7.0000000e+00   2.4000000e+01   1.5000000e+01   2.0000000e+01   0.0000000e+00   0.0000000e+00
   2.0170000e+03   7.0000000e+00   2.4000000e+01   1.5000000e+01   2.1000000e+01   0.0000000e+00   0.0000000e+00
   2.0170000e+03   7.0000000e+00   2.4000000e+01   1.5000000e+01   2.2000000e+01   0.0000000e+00   0.0000000e+00
   2.0170000e+03   7.0000000e+00   2.4000000e+01   1.5000000e+01   2.3000000e+01   0.0000000e+00   0.0000000e+00
   2.0170000e+03   7.0000000e+00   2.4000000e+01   1.5000000e+01   2.4000000e+01   0.0000000e+00   0.0000000e+00
   2.0170000e+03   7.0000000e+00   2.4000000e+01   1.5000000e+01   2.5000000e+01   0.0000000e+00   0.0000000e+00
   2.0170000e+03   7.0000000e+00   2.4000000e+01   1.5000000e+01   2.6000000e+01   0.0000000e+00   0.0000000e+00
   2.0170000e+03   7.0000000e+00   2.4000000e+01   1.5000000e+01   2.7000000e+01   0.0000000e+00   9.0000000e-02
   2.0170000e+03   7.0000000e+00   2.4000000e+01   1.5000000e+01   2.8000000e+01   0.0000000e+00   5.0999999e-01
   2.0170000e+03   7.0000000e+00   2.4000000e+01   1.5000000e+01   2.9000000e+01   0.0000000e+00   0.0000000e+00
   2.0170000e+03   7.0000000e+00   2.4000000e+01   1.5000000e+01   3.0000000e+01   0.0000000e+00   0.0000000e+00
   2.0170000e+03   7.0000000e+00   2.4000000e+01   1.5000000e+01   3.1000000e+01   0.0000000e+00   0.0000000e+00
   2.0170000e+03   7.0000000e+00   2.4000000e+01   1.5000000e+01   3.2000000e+01   0.0000000e+00   0.0000000e+00
   2.0170000e+03   7.0000000e+00   2.4000000e+01   1.5000000e+01   3.3000000e+01   0.0000000e+00   0.0000000e+00
   2.0170000e+03   7.0000000e+00   2.4000000e+01   1.5000000e+01   3.4000000e+01   0.0000000e+00   0.0000000e+00
   2.0170000e+03   7.0000000e+00   2.4000000e+01   1.5000000e+01   3.5000000e+01   0.0000000e+00   0.0000000e+00
   2.0170000e+03   7.0000000e+00   2.4000000e+01   1.5000000e+01   3.6000000e+01   0.0000000e+00   9.0000000e-02
   2.0170000e+03   7.0000000e+00   2.4000000e+01   1.5000000e+01   3.7000000e+01   0.0000000e+00   5.1000000e-01
   2.0170000e+03   7.0000000e+00   2.4000000e+01   1.5000000e+01   3.8000000e+01   0.0000000e+00   9.0000000e-02
   2.0170000e+03   7.0000000e+00   2.4000000e+01   1.5000000e+01   3.9000000e+01   0.0000000e+00   5.1000000e-01
   2.0170000e+03   7.0000000e+00   2.4000000e+01   1.5000000e+01   4.0000000e+01   0.0000000e+00   9.0000000e-02
   2.0170000e+03   7.0000000e+00   2.4000000e+01   1.5000000e+01   4.1000000e+01   0.0000000e+00   5.1000000e-01
   2.0170000e+03   7.0000000e+00   2.4000000e+01   1.5000000e+01   4.2000000e+01   0.0000000e+00   9.0000011e-02
   2.0170000e+03   7.0000000e+00   2.4000000e+01   1.5000000e+01   4.3000000e+01   0.0000000e+00   6.0000000e-01
   2.0170000e+03   7.0000000e+00   2.4000000e+01   1.5000000e+01   4.4000000e+01   0.0000000e+00   6.0000000e-01
   2.0170000e+03   7.0000000e+00   2.4000000e+01   1.5000000e+01   4.5000000e+01   0.0000000e+00   6.8999999e-01
   2.0170000e+03   7.0000000e+00   2.4000000e+01   1.5000000e+01   4.6000000e+01   0.0000000e+00   1.3799999e+00
   2.0170000e+03   7.0000000e+00   2.4000000e+01   1.5000000e+01   4.7000000e+01   0.0000000e+00   2.5800000e+00
   2.0170000e+03   7.0000000e+00   2.4000000e+01   1.5000000e+01   4.8000000e+01   0.0000000e+00   3.4200000e+00
   2.0170000e+03   7.0000000e+00   2.4000000e+01   1.5000000e+01   4.9000000e+01   0.0000000e+00   2.2200001e+00
   2.0170000e+03   7.0000000e+00   2.4000000e+01   1.5000000e+01   5.0000000e+01   0.0000000e+00   1.2900000e+00
   2.0170000e+03   7.0000000e+00   2.4000000e+01   1.5000000e+01   5.1000000e+01   0.0000000e+00   1.8900000e+00
   2.0170000e+03   7.0000000e+00   2.4000000e+01   1.5000000e+01   5.2000000e+01   0.0000000e+00   2.7600000e+00
   2.0170000e+03   7.0000000e+00   2.4000000e+01   1.5000000e+01   5.3000000e+01   0.0000000e+00   4.5300000e+00
   2.0170000e+03   7.0000000e+00   2.4000000e+01   1.5000000e+01   5.4000000e+01   0.0000000e+00   3.0000000e+00
   2.0170000e+03   7.0000000e+00   2.4000000e+01   1.5000000e+01   5.5000000e+01   0.0000000e+00   3.0900000e+00
   2.0170000e+03   7.0000000e+00   2.4000000e+01   1.5000000e+01   5.6000000e+01   0.0000000e+00   3.8700000e+00
   2.0170000e+03   7.0000000e+00   2.4000000e+01   1.5000000e+01   5.7000000e+01   0.0000000e+00   5.5800001e+00
   2.0170000e+03   7.0000000e+00   2.4000000e+01   1.5000000e+01   5.8000000e+01   0.0000000e+00   6.3300000e+00
   2.0170000e+03   7.0000000e+00   2.4000000e+01   1.5000000e+01   5.9000000e+01   0.0000000e+00   4.8000000e+00
   2.0170000e+03   7.0000000e+00   2.4000000e+01   1.6000000e+01   0.0000000e+00   0.0000000e+00   5.5200005e+00
   2.0170000e+03   7.0000000e+00   2.4000000e+01   1.6000000e+01   1.0000000e+00   0.0000000e+00   9.4200000e+00
   2.0170000e+03   7.0000000e+00   2.4000000e+01   1.6000000e+01   2.0000000e+00   0.0000000e+00   9.4799999e+00
   2.0170000e+03   7.0000000e+00   2.4000000e+01   1.6000000e+01   3.0000000e+00   0.0000000e+00   1.5870000e+01
   2.0170000e+03   7.0000000e+00   2.4000000e+01   1.6000000e+01   4.0000000e+00   0.0000000e+00   1.6770000e+01
   2.0170000e+03   7.0000000e+00   2.4000000e+01   1.6000000e+01   5.0000000e+00   0.0000000e+00   1.2660000e+01
   2.0170000e+03   7.0000000e+00   2.4000000e+01   1.6000000e+01   6.0000000e+00   0.0000000e+00   9.2400003e+00
   2.0170000e+03   7.0000000e+00   2.4000000e+01   1.6000000e+01   7.0000000e+00   0.0000000e+00   7.2900000e+00
   2.0170000e+03   7.0000000e+00   2.4000000e+01   1.6000000e+01   8.0000000e+00   0.0000000e+00   7.4400000e+00
   2.0170000e+03   7.0000000e+00   2.4000000e+01   1.6000000e+01   9.0000000e+00   0.0000000e+00   5.4000000e+00
   2.0170000e+03   7.0000000e+00   2.4000000e+01   1.6000000e+01   1.0000000e+01   0.0000000e+00   5.3100000e+00
   2.0170000e+03   7.0000000e+00   2.4000000e+01   1.6000000e+01   1.1000000e+01   0.0000000e+00   4.6199999e+00
   2.0170000e+03   7.0000000e+00   2.4000000e+01   1.6000000e+01   1.2000000e+01   0.0000000e+00   3.8700000e+00
   2.0170000e+03   7.0000000e+00   2.4000000e+01   1.6000000e+01   1.3000000e+01   0.0000000e+00   5.3100000e+00
   2.0170000e+03   7.0000000e+00   2.4000000e+01   1.6000000e+01   1.4000000e+01   0.0000000e+00   5.0700002e+00
   2.0170000e+03   7.0000000e+00   2.4000000e+01   1.6000000e+01   1.5000000e+01   0.0000000e+00   6.7800000e+00
   2.0170000e+03   7.0000000e+00   2.4000000e+01   1.6000000e+01   1.6000000e+01   0.0000000e+00   7.4400000e+00
   2.0170000e+03   7.0000000e+00   2.4000000e+01   1.6000000e+01   1.7000000e+01   0.0000000e+00   5.3100001e+00
   2.0170000e+03   7.0000000e+00   2.4000000e+01   1.6000000e+01   1.8000000e+01   0.0000000e+00   4.6200000e+00
   2.0170000e+03   7.0000000e+00   2.4000000e+01   1.6000000e+01   1.9000000e+01   0.0000000e+00   4.2299999e+00
   2.0170000e+03   7.0000000e+00   2.4000000e+01   1.6000000e+01   2.0000000e+01   0.0000000e+00   7.7100001e+00
   2.0170000e+03   7.0000000e+00   2.4000000e+01   1.6000000e+01   2.1000000e+01   0.0000000e+00   7.0200000e+00
   2.0170000e+03   7.0000000e+00   2.4000000e+01   1.6000000e+01   2.2000000e+01   0.0000000e+00   5.9100000e+00
   2.0170000e+03   7.0000000e+00   2.4000000e+01   1.6000000e+01   2.3000000e+01   0.0000000e+00   5.6700000e+00
   2.0170000e+03   7.0000000e+00   2.4000000e+01   1.6000000e+01   2.4000000e+01   0.0000000e+00   7.0200000e+00
   2.0170000e+03   7.0000000e+00   2.4000000e+01   1.6000000e+01   2.5000000e+01   0.0000000e+00   5.6400000e+00
   2.0170000e+03   7.0000000e+00   2.4000000e+01   1.6000000e+01   2.6000000e+01   0.0000000e+00   4.1400000e+00
   2.0170000e+03   7.0000000e+00   2.4000000e+01   1.6000000e+01   2.7000000e+01   0.0000000e+00   7.1100000e+00
   2.0170000e+03   7.0000000e+00   2.4000000e+01   1.6000000e+01   2.8000000e+01   0.0000000e+00   6.6900001e+00
   2.0170000e+03   7.0000000e+00   2.4000000e+01   1.6000000e+01   2.9000000e+01   0.0000000e+00   6.8400000e+00
   2.0170000e+03   7.0000000e+00   2.4000000e+01   1.6000000e+01   3.0000000e+01   0.0000000e+00   4.6200000e+00
   2.0170000e+03   7.0000000e+00   2.4000000e+01   1.6000000e+01   3.1000000e+01   0.0000000e+00   3.4200001e+00
   2.0170000e+03   7.0000000e+00   2.4000000e+01   1.6000000e+01   3.2000000e+01   0.0000000e+00   2.4000000e+00
   2.0170000e+03   7.0000000e+00   2.4000000e+01   1.6000000e+01   3.3000000e+01   0.0000000e+00   2.5800000e+00
   2.0170000e+03   7.0000000e+00   2.4000000e+01   1.6000000e+01   3.4000000e+01   0.0000000e+00   3.5100001e+00
   2.0170000e+03   7.0000000e+00   2.4000000e+01   1.6000000e+01   3.5000000e+01   0.0000000e+00   3.0900000e+00
   2.0170000e+03   7.0000000e+00   2.4000000e+01   1.6000000e+01   3.6000000e+01   0.0000000e+00   3.5100000e+00
   2.0170000e+03   7.0000000e+00   2.4000000e+01   1.6000000e+01   3.7000000e+01   0.0000000e+00   2.9100000e+00
   2.0170000e+03   7.0000000e+00   2.4000000e+01   1.6000000e+01   3.8000000e+01   0.0000000e+00   2.4000000e+00
   2.0170000e+03   7.0000000e+00   2.4000000e+01   1.6000000e+01   3.9000000e+01   0.0000000e+00   2.4000000e+00
   2.0170000e+03   7.0000000e+00   2.4000000e+01   1.6000000e+01   4.0000000e+01   0.0000000e+00   2.3100000e+00
   2.0170000e+03   7.0000000e+00   2.4000000e+01   1.6000000e+01   4.1000000e+01   0.0000000e+00   1.8000000e+00
   2.0170000e+03   7.0000000e+00   2.4000000e+01   1.6000000e+01   4.2000000e+01   0.0000000e+00   1.7099999e+00
   2.0170000e+03   7.0000000e+00   2.4000000e+01   1.6000000e+01   4.3000000e+01   0.0000000e+00   1.2000000e+00
   2.0170000e+03   7.0000000e+00   2.4000000e+01   1.6000000e+01   4.4000000e+01   0.0000000e+00   1.2000000e+00
   2.0170000e+03   7.0000000e+00   2.4000000e+01   1.6000000e+01   4.5000000e+01   0.0000000e+00   1.2000000e+00
   2.0170000e+03   7.0000000e+00   2.4000000e+01   1.6000000e+01   4.6000000e+01   0.0000000e+00   1.1100000e+00
   2.0170000e+03   7.0000000e+00   2.4000000e+01   1.6000000e+01   4.7000000e+01   0.0000000e+00   8.6999997e-01
   2.0170000e+03   7.0000000e+00   2.4000000e+01   1.6000000e+01   4.8000000e+01   0.0000000e+00   2.4899999e+00
   2.0170000e+03   7.0000000e+00   2.4000000e+01   1.6000000e+01   4.9000000e+01   0.0000000e+00   3.0000000e+00
   2.0170000e+03   7.0000000e+00   2.4000000e+01   1.6000000e+01   5.0000000e+01   0.0000000e+00   3.4499999e+00
   2.0170000e+03   7.0000000e+00   2.4000000e+01   1.6000000e+01   5.1000000e+01   0.0000000e+00   5.6400003e+00
   2.0170000e+03   7.0000000e+00   2.4000000e+01   1.6000000e+01   5.2000000e+01   0.0000000e+00   3.6000000e+00
   2.0170000e+03   7.0000000e+00   2.4000000e+01   1.6000000e+01   5.3000000e+01   0.0000000e+00   3.7800000e+00
   2.0170000e+03   7.0000000e+00   2.4000000e+01   1.6000000e+01   5.4000000e+01   0.0000000e+00   4.5300000e+00
   2.0170000e+03   7.0000000e+00   2.4000000e+01   1.6000000e+01   5.5000000e+01   0.0000000e+00   3.2700000e+00
   2.0170000e+03   7.0000000e+00   2.4000000e+01   1.6000000e+01   5.6000000e+01   0.0000000e+00   5.0700002e+00
   2.0170000e+03   7.0000000e+00   2.4000000e+01   1.6000000e+01   5.7000000e+01   0.0000000e+00   6.6000000e+00
   2.0170000e+03   7.0000000e+00   2.4000000e+01   1.6000000e+01   5.8000000e+01   0.0000000e+00   6.3300000e+00
   2.0170000e+03   7.0000000e+00   2.4000000e+01   1.6000000e+01   5.9000000e+01   0.0000000e+00   4.9800001e+00
   2.0170000e+03   7.0000000e+00   2.4000000e+01   1.7000000e+01   0.0000000e+00   0.0000000e+00   7.1700000e+00
   2.0170000e+03   7.0000000e+00   2.4000000e+01   1.7000000e+01   1.0000000e+00   0.0000000e+00   1.2990000e+01
   2.0170000e+03   7.0000000e+00   2.4000000e+01   1.7000000e+01   2.0000000e+00   0.0000000e+00   8.2200001e+00
   2.0170000e+03   7.0000000e+00   2.4000000e+01   1.7000000e+01   3.0000000e+00   0.0000000e+00   7.1100000e+00
   2.0170000e+03   7.0000000e+00   2.4000000e+01   1.7000000e+01   4.0000000e+00   0.0000000e+00   6.9600000e+00
   2.0170000e+03   7.0000000e+00   2.4000000e+01   1.7000000e+01   5.0000000e+00   0.0000000e+00   9.2699998e+00
   2.0170000e+03   7.0000000e+00   2.4000000e+01   1.7000000e+01   6.0000000e+00   0.0000000e+00   1.0530000e+01
   2.0170000e+03   7.0000000e+00   2.4000000e+01   1.7000000e+01   7.0000000e+00   0.0000000e+00   9.2700000e+00
   2.0170000e+03   7.0000000e+00   2.4000000e+01   1.7000000e+01   8.0000000e+00   0.0000000e+00   1.0170000e+01
   2.0170000e+03   7.0000000e+00   2.4000000e+01   1.7000000e+01   9.0000000e+00   0.0000000e+00   6.4200000e+00
   2.0170000e+03   7.0000000e+00   2.4000000e+01   1.7000000e+01   1.0000000e+01   0.0000000e+00   5.2200000e+00
   2.0170000e+03   7.0000000e+00   2.4000000e+01   1.7000000e+01   1.1000000e+01   0.0000000e+00   4.3800000e+00
   2.0170000e+03   7.0000000e+00   2.4000000e+01   1.7000000e+01   1.2000000e+01   0.0000000e+00   5.2200000e+00
   2.0170000e+03   7.0000000e+00   2.4000000e+01   1.7000000e+01   1.3000000e+01   0.0000000e+00   4.1099999e+00
   2.0170000e+03   7.0000000e+00   2.4000000e+01   1.7000000e+01   1.4000000e+01   0.0000000e+00   3.4200000e+00
   2.0170000e+03   7.0000000e+00   2.4000000e+01   1.7000000e+01   1.5000000e+01   0.0000000e+00   2.4000000e+00
   2.0170000e+03   7.0000000e+00   2.4000000e+01   1.7000000e+01   1.6000000e+01   0.0000000e+00   2.3100001e+00
   2.0170000e+03   7.0000000e+00   2.4000000e+01   1.7000000e+01   1.7000000e+01   0.0000000e+00   1.8900000e+00
   2.0170000e+03   7.0000000e+00   2.4000000e+01   1.7000000e+01   1.8000000e+01   0.0000000e+00   2.5800000e+00
   2.0170000e+03   7.0000000e+00   2.4000000e+01   1.7000000e+01   1.9000000e+01   0.0000000e+00   3.5100001e+00
   2.0170000e+03   7.0000000e+00   2.4000000e+01   1.7000000e+01   2.0000000e+01   0.0000000e+00   3.0900000e+00
   2.0170000e+03   7.0000000e+00   2.4000000e+01   1.7000000e+01   2.1000000e+01   0.0000000e+00   3.6900000e+00
   2.0170000e+03   7.0000000e+00   2.4000000e+01   1.7000000e+01   2.2000000e+01   0.0000000e+00   4.2900000e+00
   2.0170000e+03   7.0000000e+00   2.4000000e+01   1.7000000e+01   2.3000000e+01   0.0000000e+00   5.0700000e+00
   2.0170000e+03   7.0000000e+00   2.4000000e+01   1.7000000e+01   2.4000000e+01   0.0000000e+00   6.5100000e+00
   2.0170000e+03   7.0000000e+00   2.4000000e+01   1.7000000e+01   2.5000000e+01   0.0000000e+00   5.9100000e+00
   2.0170000e+03   7.0000000e+00   2.4000000e+01   1.7000000e+01   2.6000000e+01   0.0000000e+00   5.2200000e+00
   2.0170000e+03   7.0000000e+00   2.4000000e+01   1.7000000e+01   2.7000000e+01   0.0000000e+00   4.0199999e+00
   2.0170000e+03   7.0000000e+00   2.4000000e+01   1.7000000e+01   2.8000000e+01   0.0000000e+00   2.8200000e+00
   2.0170000e+03   7.0000000e+00   2.4000000e+01   1.7000000e+01   2.9000000e+01   0.0000000e+00   1.6200000e+00
   2.0170000e+03   7.0000000e+00   2.4000000e+01   1.7000000e+01   3.0000000e+01   0.0000000e+00   6.0000000e-01
   2.0170000e+03   7.0000000e+00   2.4000000e+01   1.7000000e+01   3.1000000e+01   0.0000000e+00   5.1000000e-01
   2.0170000e+03   7.0000000e+00   2.4000000e+01   1.7000000e+01   3.2000000e+01   0.0000000e+00   8.9999989e-02
   2.0170000e+03   7.0000000e+00   2.4000000e+01   1.7000000e+01   3.3000000e+01   0.0000000e+00   6.0000000e-01
   2.0170000e+03   7.0000000e+00   2.4000000e+01   1.7000000e+01   3.4000000e+01   0.0000000e+00   5.1000000e-01
   2.0170000e+03   7.0000000e+00   2.4000000e+01   1.7000000e+01   3.5000000e+01   0.0000000e+00   0.0000000e+00
   2.0170000e+03   7.0000000e+00   2.4000000e+01   1.7000000e+01   3.6000000e+01   0.0000000e+00   8.9999935e-02
   2.0170000e+03   7.0000000e+00   2.4000000e+01   1.7000000e+01   3.7000000e+01   0.0000000e+00   5.1000000e-01
   2.0170000e+03   7.0000000e+00   2.4000000e+01   1.7000000e+01   3.8000000e+01   0.0000000e+00   9.0000000e-02
   2.0170000e+03   7.0000000e+00   2.4000000e+01   1.7000000e+01   3.9000000e+01   0.0000000e+00   5.1000000e-01
   2.0170000e+03   7.0000000e+00   2.4000000e+01   1.7000000e+01   4.0000000e+01   0.0000000e+00   1.8000002e-01
   2.0170000e+03   7.0000000e+00   2.4000000e+01   1.7000000e+01   4.1000000e+01   0.0000000e+00   1.1099999e+00
   2.0170000e+03   7.0000000e+00   2.4000000e+01   1.7000000e+01   4.2000000e+01   0.0000000e+00   1.1400000e+00
   2.0170000e+03   7.0000000e+00   2.4000000e+01   1.7000000e+01   4.3000000e+01   0.0000000e+00   4.0200000e+00
   2.0170000e+03   7.0000000e+00   2.4000000e+01   1.7000000e+01   4.4000000e+01   0.0000000e+00   2.8199999e+00
   2.0170000e+03   7.0000000e+00   2.4000000e+01   1.7000000e+01   4.5000000e+01   0.0000000e+00   1.7100000e+00
   2.0170000e+03   7.0000000e+00   2.4000000e+01   1.7000000e+01   4.6000000e+01   0.0000000e+00   1.1100000e+00
   2.0170000e+03   7.0000000e+00   2.4000000e+01   1.7000000e+01   4.7000000e+01   0.0000000e+00   5.1000006e-01
   2.0170000e+03   7.0000000e+00   2.4000000e+01   1.7000000e+01   4.8000000e+01   0.0000000e+00   9.0000000e-02
   2.0170000e+03   7.0000000e+00   2.4000000e+01   1.7000000e+01   4.9000000e+01   0.0000000e+00   6.0000000e-01
   2.0170000e+03   7.0000000e+00   2.4000000e+01   1.7000000e+01   5.0000000e+01   0.0000000e+00   6.0000000e-01
   2.0170000e+03   7.0000000e+00   2.4000000e+01   1.7000000e+01   5.1000000e+01   0.0000000e+00   5.1000000e-01
   2.0170000e+03   7.0000000e+00   2.4000000e+01   1.7000000e+01   5.2000000e+01   0.0000000e+00   9.0000000e-02
   2.0170000e+03   7.0000000e+00   2.4000000e+01   1.7000000e+01   5.3000000e+01   0.0000000e+00   5.1000000e-01
   2.0170000e+03   7.0000000e+00   2.4000000e+01   1.7000000e+01   5.4000000e+01   0.0000000e+00   9.0000000e-02
   2.0170000e+03   7.0000000e+00   2.4000000e+01   1.7000000e+01   5.5000000e+01   0.0000000e+00   5.1000000e-01
   2.0170000e+03   7.0000000e+00   2.4000000e+01   1.7000000e+01   5.6000000e+01   0.0000000e+00   9.0000000e-02
   2.0170000e+03   7.0000000e+00   2.4000000e+01   1.7000000e+01   5.7000000e+01   0.0000000e+00   6.9000001e-01
   2.0170000e+03   7.0000000e+00   2.4000000e+01   1.7000000e+01   5.8000000e+01   0.0000000e+00   1.2000000e+00
   2.0170000e+03   7.0000000e+00   2.4000000e+01   1.7000000e+01   5.9000000e+01   0.0000000e+00   1.1100000e+00
   2.0170000e+03   7.0000000e+00   2.4000000e+01   1.8000000e+01   0.0000000e+00   0.0000000e+00   6.8999999e-01
   2.0170000e+03   7.0000000e+00   2.4000000e+01   1.8000000e+01   1.0000000e+00   0.0000000e+00   1.2000000e+00
   2.0170000e+03   7.0000000e+00   2.4000000e+01   1.8000000e+01   2.0000000e+00   0.0000000e+00   1.1100000e+00
   2.0170000e+03   7.0000000e+00   2.4000000e+01   1.8000000e+01   3.0000000e+00   0.0000000e+00   6.0000000e-01
   2.0170000e+03   7.0000000e+00   2.4000000e+01   1.8000000e+01   4.0000000e+00   0.0000000e+00   6.0000000e-01
   2.0170000e+03   7.0000000e+00   2.4000000e+01   1.8000000e+01   5.0000000e+00   0.0000000e+00   6.0000000e-01
   2.0170000e+03   7.0000000e+00   2.4000000e+01   1.8000000e+01   6.0000000e+00   0.0000000e+00   6.0000000e-01
   2.0170000e+03   7.0000000e+00   2.4000000e+01   1.8000000e+01   7.0000000e+00   0.0000000e+00   5.1000000e-01
   2.0170000e+03   7.0000000e+00   2.4000000e+01   1.8000000e+01   8.0000000e+00   0.0000000e+00   9.0000000e-02
   2.0170000e+03   7.0000000e+00   2.4000000e+01   1.8000000e+01   9.0000000e+00   0.0000000e+00   5.1000000e-01
   2.0170000e+03   7.0000000e+00   2.4000000e+01   1.8000000e+01   1.0000000e+01   0.0000000e+00   0.0000000e+00
   2.0170000e+03   7.0000000e+00   2.4000000e+01   1.8000000e+01   1.1000000e+01   0.0000000e+00   9.0000011e-02
   2.0170000e+03   7.0000000e+00   2.4000000e+01   1.8000000e+01   1.2000000e+01   0.0000000e+00   5.0999994e-01
   2.0170000e+03   7.0000000e+00   2.4000000e+01   1.8000000e+01   1.3000000e+01   0.0000000e+00   0.0000000e+00
   2.0170000e+03   7.0000000e+00   2.4000000e+01   1.8000000e+01   1.4000000e+01   0.0000000e+00   0.0000000e+00
   2.0170000e+03   7.0000000e+00   2.4000000e+01   1.8000000e+01   1.5000000e+01   0.0000000e+00   9.0000065e-02
   2.0170000e+03   7.0000000e+00   2.4000000e+01   1.8000000e+01   1.6000000e+01   0.0000000e+00   5.1000000e-01
   2.0170000e+03   7.0000000e+00   2.4000000e+01   1.8000000e+01   1.7000000e+01   0.0000000e+00   0.0000000e+00
   2.0170000e+03   7.0000000e+00   2.4000000e+01   1.8000000e+01   1.8000000e+01   0.0000000e+00   0.0000000e+00
   2.0170000e+03   7.0000000e+00   2.4000000e+01   1.8000000e+01   1.9000000e+01   0.0000000e+00   0.0000000e+00
   2.0170000e+03   7.0000000e+00   2.4000000e+01   1.8000000e+01   2.0000000e+01   0.0000000e+00   8.9999989e-02
   2.0170000e+03   7.0000000e+00   2.4000000e+01   1.8000000e+01   2.1000000e+01   0.0000000e+00   5.1000006e-01
   2.0170000e+03   7.0000000e+00   2.4000000e+01   1.8000000e+01   2.2000000e+01   0.0000000e+00   0.0000000e+00
   2.0170000e+03   7.0000000e+00   2.4000000e+01   1.8000000e+01   2.3000000e+01   0.0000000e+00   0.0000000e+00
   2.0170000e+03   7.0000000e+00   2.4000000e+01   1.8000000e+01   2.4000000e+01   0.0000000e+00   0.0000000e+00
   2.0170000e+03   7.0000000e+00   2.4000000e+01   1.8000000e+01   2.5000000e+01   0.0000000e+00   0.0000000e+00
   2.0170000e+03   7.0000000e+00   2.4000000e+01   1.8000000e+01   2.6000000e+01   0.0000000e+00   0.0000000e+00
   2.0170000e+03   7.0000000e+00   2.4000000e+01   1.8000000e+01   2.7000000e+01   0.0000000e+00   0.0000000e+00
   2.0170000e+03   7.0000000e+00   2.4000000e+01   1.8000000e+01   2.8000000e+01   0.0000000e+00   9.0000011e-02
   2.0170000e+03   7.0000000e+00   2.4000000e+01   1.8000000e+01   2.9000000e+01   0.0000000e+00   5.0999994e-01
   2.0170000e+03   7.0000000e+00   2.4000000e+01   1.8000000e+01   3.0000000e+01   0.0000000e+00   0.0000000e+00
   2.0170000e+03   7.0000000e+00   2.4000000e+01   1.8000000e+01   3.1000000e+01   0.0000000e+00   0.0000000e+00
   2.0170000e+03   7.0000000e+00   2.4000000e+01   1.8000000e+01   3.2000000e+01   0.0000000e+00   8.9999935e-02
   2.0170000e+03   7.0000000e+00   2.4000000e+01   1.8000000e+01   3.3000000e+01   0.0000000e+00   6.0000000e-01
   2.0170000e+03   7.0000000e+00   2.4000000e+01   1.8000000e+01   3.4000000e+01   0.0000000e+00   1.4999999e+00
   2.0170000e+03   7.0000000e+00   2.4000000e+01   1.8000000e+01   3.5000000e+01   0.0000000e+00   7.3199995e+00
   2.0170000e+03   7.0000000e+00   2.4000000e+01   1.8000000e+01   3.6000000e+01   0.0000000e+00   1.1580000e+01
   2.0170000e+03   7.0000000e+00   2.4000000e+01   1.8000000e+01   3.7000000e+01   0.0000000e+00   1.1970000e+01
   2.0170000e+03   7.0000000e+00   2.4000000e+01   1.8000000e+01   3.8000000e+01   0.0000000e+00   7.5000000e+00
   2.0170000e+03   7.0000000e+00   2.4000000e+01   1.8000000e+01   3.9000000e+01   0.0000000e+00   2.1300000e+00
   2.0170000e+03   7.0000000e+00   2.4000000e+01   1.8000000e+01   4.0000000e+01   0.0000000e+00   6.0000000e-01
   2.0170000e+03   7.0000000e+00   2.4000000e+01   1.8000000e+01   4.1000000e+01   0.0000000e+00   6.9000000e-01
   2.0170000e+03   7.0000000e+00   2.4000000e+01   1.8000000e+01   4.2000000e+01   0.0000000e+00   1.2000000e+00
   2.0170000e+03   7.0000000e+00   2.4000000e+01   1.8000000e+01   4.3000000e+01   0.0000000e+00   1.2000000e+00
   2.0170000e+03   7.0000000e+00   2.4000000e+01   1.8000000e+01   4.4000000e+01   0.0000000e+00   1.2000000e+00
   2.0170000e+03   7.0000000e+00   2.4000000e+01   1.8000000e+01   4.5000000e+01   0.0000000e+00   1.2900000e+00
   2.0170000e+03   7.0000000e+00   2.4000000e+01   1.8000000e+01   4.6000000e+01   0.0000000e+00   1.8000000e+00
   2.0170000e+03   7.0000000e+00   2.4000000e+01   1.8000000e+01   4.7000000e+01   0.0000000e+00   1.8000000e+00
   2.0170000e+03   7.0000000e+00   2.4000000e+01   1.8000000e+01   4.8000000e+01   0.0000000e+00   1.7100000e+00
   2.0170000e+03   7.0000000e+00   2.4000000e+01   1.8000000e+01   4.9000000e+01   0.0000000e+00   1.2000000e+00
   2.0170000e+03   7.0000000e+00   2.4000000e+01   1.8000000e+01   5.0000000e+01   0.0000000e+00   2.0100000e+00
   2.0170000e+03   7.0000000e+00   2.4000000e+01   1.8000000e+01   5.1000000e+01   0.0000000e+00   7.6800000e+00
   2.0170000e+03   7.0000000e+00   2.4000000e+01   1.8000000e+01   5.2000000e+01   0.0000000e+00   1.3260000e+01
   2.0170000e+03   7.0000000e+00   2.4000000e+01   1.8000000e+01   5.3000000e+01   0.0000000e+00   1.1910000e+01
   2.0170000e+03   7.0000000e+00   2.4000000e+01   1.8000000e+01   5.4000000e+01   0.0000000e+00   2.0790000e+01
   2.0170000e+03   7.0000000e+00   2.4000000e+01   1.8000000e+01   5.5000000e+01   0.0000000e+00   1.5390000e+01
   2.0170000e+03   7.0000000e+00   2.4000000e+01   1.8000000e+01   5.6000000e+01   0.0000000e+00   9.9899999e+00
   2.0170000e+03   7.0000000e+00   2.4000000e+01   1.8000000e+01   5.7000000e+01   0.0000000e+00   5.1299998e+00
   2.0170000e+03   7.0000000e+00   2.4000000e+01   1.8000000e+01   5.8000000e+01   0.0000000e+00   3.4200000e+00
   2.0170000e+03   7.0000000e+00   2.4000000e+01   1.8000000e+01   5.9000000e+01   0.0000000e+00   2.2200000e+00
   2.0170000e+03   7.0000000e+00   2.4000000e+01   1.9000000e+01   0.0000000e+00   0.0000000e+00   1.1099999e+00
   2.0170000e+03   7.0000000e+00   2.4000000e+01   1.9000000e+01   1.0000000e+00   0.0000000e+00   6.0000000e-01
   2.0170000e+03   7.0000000e+00   2.4000000e+01   1.9000000e+01   2.0000000e+00   0.0000000e+00   6.0000000e-01
   2.0170000e+03   7.0000000e+00   2.4000000e+01   1.9000000e+01   3.0000000e+00   0.0000000e+00   6.0000000e-01
   2.0170000e+03   7.0000000e+00   2.4000000e+01   1.9000000e+01   4.0000000e+00   0.0000000e+00   5.1000000e-01
   2.0170000e+03   7.0000000e+00   2.4000000e+01   1.9000000e+01   5.0000000e+00   0.0000000e+00   8.9999989e-02
   2.0170000e+03   7.0000000e+00   2.4000000e+01   1.9000000e+01   6.0000000e+00   0.0000000e+00   6.0000000e-01
   2.0170000e+03   7.0000000e+00   2.4000000e+01   1.9000000e+01   7.0000000e+00   0.0000000e+00   5.1000000e-01
   2.0170000e+03   7.0000000e+00   2.4000000e+01   1.9000000e+01   8.0000000e+00   0.0000000e+00   9.0000000e-02
   2.0170000e+03   7.0000000e+00   2.4000000e+01   1.9000000e+01   9.0000000e+00   0.0000000e+00   5.1000000e-01
   2.0170000e+03   7.0000000e+00   2.4000000e+01   1.9000000e+01   1.0000000e+01   0.0000000e+00   9.0000011e-02
   2.0170000e+03   7.0000000e+00   2.4000000e+01   1.9000000e+01   1.1000000e+01   0.0000000e+00   5.0999994e-01
   2.0170000e+03   7.0000000e+00   2.4000000e+01   1.9000000e+01   1.2000000e+01   0.0000000e+00   9.0000000e-02
   2.0170000e+03   7.0000000e+00   2.4000000e+01   1.9000000e+01   1.3000000e+01   0.0000000e+00   5.0999999e-01
   2.0170000e+03   7.0000000e+00   2.4000000e+01   1.9000000e+01   1.4000000e+01   0.0000000e+00   0.0000000e+00
   2.0170000e+03   7.0000000e+00   2.4000000e+01   1.9000000e+01   1.5000000e+01   0.0000000e+00   9.0000000e-02
   2.0170000e+03   7.0000000e+00   2.4000000e+01   1.9000000e+01   1.6000000e+01   0.0000000e+00   5.1000001e-01
   2.0170000e+03   7.0000000e+00   2.4000000e+01   1.9000000e+01   1.7000000e+01   0.0000000e+00   0.0000000e+00
   2.0170000e+03   7.0000000e+00   2.4000000e+01   1.9000000e+01   1.8000000e+01   0.0000000e+00   0.0000000e+00
   2.0170000e+03   7.0000000e+00   2.4000000e+01   1.9000000e+01   1.9000000e+01   0.0000000e+00   8.9999989e-02
   2.0170000e+03   7.0000000e+00   2.4000000e+01   1.9000000e+01   2.0000000e+01   0.0000000e+00   5.1000006e-01
   2.0170000e+03   7.0000000e+00   2.4000000e+01   1.9000000e+01   2.1000000e+01   0.0000000e+00   0.0000000e+00
   2.0170000e+03   7.0000000e+00   2.4000000e+01   1.9000000e+01   2.2000000e+01   0.0000000e+00   0.0000000e+00
   2.0170000e+03   7.0000000e+00   2.4000000e+01   1.9000000e+01   2.3000000e+01   0.0000000e+00   9.0000000e-02
   2.0170000e+03   7.0000000e+00   2.4000000e+01   1.9000000e+01   2.4000000e+01   0.0000000e+00   5.1000000e-01
   2.0170000e+03   7.0000000e+00   2.4000000e+01   1.9000000e+01   2.5000000e+01   0.0000000e+00   0.0000000e+00
   2.0170000e+03   7.0000000e+00   2.4000000e+01   1.9000000e+01   2.6000000e+01   0.0000000e+00   0.0000000e+00
   2.0170000e+03   7.0000000e+00   2.4000000e+01   1.9000000e+01   2.7000000e+01   0.0000000e+00   0.0000000e+00
   2.0170000e+03   7.0000000e+00   2.4000000e+01   1.9000000e+01   2.8000000e+01   0.0000000e+00   0.0000000e+00
   2.0170000e+03   7.0000000e+00   2.4000000e+01   1.9000000e+01   2.9000000e+01   0.0000000e+00   9.0000000e-02
   2.0170000e+03   7.0000000e+00   2.4000000e+01   1.9000000e+01   3.0000000e+01   0.0000000e+00   5.1000001e-01