   2.0170000e+03   8.0000000e+00   1.8000000e+01   1.5000000e+01   3.0000000e+01   0.0000000e+00   0.0000000e+00
   2.0170000e+03   8.0000000e+00   1.8000000e+01   1.5000000e+01   3.1000000e+01   0.0000000e+00   0.0000000e+00
   2.0170000e+03   8.0000000e+00   1.8000000e+01   1.5000000e+01   3.2000000e+01   0.0000000e+00   0.0000000e+00
   2.0170000e+03   8.0000000e+00   1.8000000e+01   1.5000000e+01   3.3000000e+01   0.0000000e+00   0.0000000e+00
   2.0170000e+03   8.0000000e+00   1.8000000e+01   1.5000000e+01   3.4000000e+01   0.0000000e+00   0.0000000e+00
   2.0170000e+03   8.0000000e+00   1.8000000e+01   1.5000000e+01   3.5000000e+01   0.0000000e+00   0.0000000e+00
   2.0170000e+03   8.0000000e+00   1.8000000e+01   1.5000000e+01   3.6000000e+01   0.0000000e+00   0.0000000e+00
   2.0170000e+03   8.0000000e+00   1.8000000e+01   1.5000000e+01   3.7000000e+01   0.0000000e+00   0.0000000e+00
   2.0170000e+03   8.0000000e+00   1.8000000e+01   1.5000000e+01   3.8000000e+01   0.0000000e+00   0.0000000e+00
   2.0170000e+03   8.0000000e+00   1.8000000e+01   1.5000000e+01   3.9000000e+01   0.0000000e+00   0.0000000e+00
   2.0170000e+03   8.0000000e+00   1.8000000e+01   1.5000000e+01   4.0000000e+01   0.0000000e+00   0.0000000e+00
   2.0170000e+03   8.0000000e+00   1.8000000e+01   1.5000000e+01   4.1000000e+01   0.0000000e+00   0.0000000e+00
   2.0170000e+03   8.0000000e+00   1.8000000e+01   1.5000000e+01   4.2000000e+01   0.0000000e+00   0.0000000e+00
   2.0170000e+03   8.0000000e+00   1.8000000e+01   1.5000000e+01   4.3000000e+01   0.0000000e+00   0.0000000e+00
   2.0170000e+03   8.0000000e+00   1.8000000e+01   1.5000000e+01   4.4000000e+01   0.0000000e+00   0.0000000e+00
   2.0170000e+03   8.0000000e+00   1.8000000e+01   1.5000000e+01   4.5000000e+01   0.0000000e+00   0.0000000e+00
   2.0170000e+03   8.0000000e+00   1.8000000e+01   1.5000000e+01   4.6000000e+01   0.0000000e+00   0.0000000e+00
   2.0170000e+03   8.0000000e+00   1.8000000e+01   1.5000000e+01   4.7000000e+01   0.0000000e+00   0.0000000e+00
   2.0170000e+03   8.0000000e+00   1.8000000e+01   1.5000000e+01   4.8000000e+01   0.0000000e+00   0.0000000e+00
   2.0170000e+03   8.0000000e+00   1.8000000e+01   1.5000000e+01   4.9000000e+01   0.0000000e+00   0.0000000e+00
   2.0170000e+03   8.0000000e+00   1.8000000e+01   1.5000000e+01   5.0000000e+01   0.0000000e+00   0.0000000e+00
   2.0170000e+03   8.0000000e+00   1.8000000e+01   1.5000000e+01   5.1000000e+01   0.0000000e+00   0.0000000e+00
   2.0170000e+03   8.0000000e+00   1.8000000e+01   1.5000000e+01   5.2000000e+01   0.0000000e+00   0.0000000e+00
   2.0170000e+03   8.0000000e+00   1.8000000e+01   1.5000000e+01   5.3000000e+01   0.0000000e+00   0.0000000e+00
   2.0170000e+03   8.0000000e+00   1.8000000e+01   1.5000000e+01   5.4000000e+01   0.0000000e+00   0.0000000e+00
   2.0170000e+03   8.0000000e+00   1.8000000e+01   1.5000000e+01   5.5000000e+01   0.0000000e+00   0.0000000e+00
   2.0170000e+03   8.0000000e+00   1.8000000e+01   1.5000000e+01   5.6000000e+01   0.0000000e+00   0.0000000e+00
   2.0170000e+03   8.0000000e+00   1.8000000e+01   1.5000000e+01   5.7000000e+01   0.0000000e+00   0.0000000e+00
   2.0170000e+03   8.0000000e+00   1.8000000e+01   1.5000000e+01   5.8000000e+01   0.0000000e+00   0.0000000e+00
   2.0170000e+03   8.0000000e+00   1.8000000e+01   1.5000000e+01   5.9000000e+01   0.0000000e+00   0.0000000e+00
   2.0170000e+03   8.0000000e+00   1.8000000e+01   1.6000000e+01   0.0000000e+00   0.0000000e+00   0.0000000e+00
   2.0170000e+03   8.0000000e+00   1.8000000e+01   1.6000000e+01   1.0000000e+00   0.0000000e+00   0.0000000e+00
   2.0170000e+03   8.0000000e+00   1.8000000e+01   1.6000000e+01   2.0000000e+00   0.0000000e+00   0.0000000e+00
   2.0170000e+03   8.0000000e+00   1.8000000e+01   1.6000000e+01   3.0000000e+00   0.0000000e+00   0.0000000e+00
   2.0170000e+03   8.0000000e+00   1.8000000e+01   1.6000000e+01   4.0000000e+00   0.0000000e+00   0.0000000e+00
   2.0170000e+03   8.0000000e+00   1.8000000e+01   1.6000000e+01   5.0000000e+00   0.0000000e+00   0.0000000e+00
   2.0170000e+03   8.0000000e+00   1.8000000e+01   1.6000000e+01   6.0000000e+00   0.0000000e+00   0.0000000e+00
   2.0170000e+03   8.0000000e+00   1.8000000e+01   1.6000000e+01   7.0000000e+00   0.0000000e+00   0.0000000e+00
   2.0170000e+03   8.0000000e+00   1.8000000e+01   1.6000000e+01   8.0000000e+00   0.0000000e+00   0.0000000e+00
   2.0170000e+03   8.0000000e+00   1.8000000e+01   1.6000000e+01   9.0000000e+00   0.0000000e+00   0.0000000e+00
   2.0170000e+03   8.0000000e+00   1.8000000e+01   1.6000000e+01   1.0000000e+01   0.0000000e+00   4.9500000e+00
   2.0170000e+03   8.0000000e+00   1.8000000e+01   1.6000000e+01   1.1000000e+01   0.0000000e+00   1.5150000e+01
   2.0170000e+03   8.0000000e+00   1.8000000e+01   1.6000000e+01   1.2000000e+01   0.0000000e+00   3.3300000e+01
   2.0170000e+03   8.0000000e+00   1.8000000e+01   1.6000000e+01   1.3000000e+01   0.0000000e+00   2.9850000e+01
   2.0170000e+03   8.0000000e+00   1.8000000e+01   1.6000000e+01   1.4000000e+01   0.0000000e+00   5.0400003e+01
   2.0170000e+03   8.0000000e+00   1.8000000e+01   1.6000000e+01   1.5000000e+01   0.0000000e+00   7.0800001e+01
   2.0170000e+03   8.0000000e+00   1.8000000e+01   1.6000000e+01   1.6000000e+01   0.0000000e+00   6.1950000e+01
   2.0170000e+03   8.0000000e+00   1.8000000e+01   1.6000000e+01   1.7000000e+01   0.0000000e+00   4.5449998e+01
   2.0170000e+03   8.0000000e+00   1.8000000e+01   1.6000000e+01   1.8000000e+01   0.0000000e+00   3.9150000e+01
   2.0170000e+03   8.0000000e+00   1.8000000e+01   1.6000000e+01   1.9000000e+01   0.0000000e+00   3.2550000e+01
   2.0170000e+03   8.0000000e+00   1.8000000e+01   1.6000000e+01   2.0000000e+01   0.0000000e+00   4.0949999e+01
   2.0170000e+03   8.0000000e+00   1.8000000e+01   1.6000000e+01   2.1000000e+01   0.0000000e+00   3.5850000e+01
   2.0170000e+03   8.0000000e+00   1.8000000e+01   1.6000000e+01   2.2000000e+01   0.0000000e+00   2.3100000e+01
   2.0170000e+03   8.0000000e+00   1.8000000e+01   1.6000000e+01   2.3000000e+01   0.0000000e+00   3.5999998e+01
   2.0170000e+03   8.0000000e+00   1.8000000e+01   1.6000000e+01   2.4000000e+01   0.0000000e+00   5.6249999e+01
   2.0170000e+03   8.0000000e+00   1.8000000e+01   1.6000000e+01   2.5000000e+01   0.0000000e+00   5.8950000e+01
   2.0170000e+03   8.0000000e+00   1.8000000e+01   1.6000000e+01   2.6000000e+01   0.0000000e+00   5.5500000e+01
   2.0170000e+03   8.0000000e+00   1.8000000e+01   1.6000000e+01   2.7000000e+01   0.0000000e+00   4.4250000e+01
   2.0170000e+03   8.0000000e+00   1.8000000e+01   1.6000000e+01   2.8000000e+01   0.0000000e+00   4.7550000e+01
   2.0170000e+03   8.0000000e+00   1.8000000e+01   1.6000000e+01   2.9000000e+01   0.0000000e+00   4.3950000e+01
   2.0170000e+03   8.0000000e+00   1.8000000e+01   1.6000000e+01   3.0000000e+01   0.0000000e+00   4.2450000e+01
   2.0170000e+03   8.0000000e+00   1.8000000e+01   1.6000000e+01   3.1000000e+01   0.0000000e+00   2.9099998e+01
   2.0170000e+03   8.0000000e+00   1.8000000e+01   1.6000000e+01   3.2000000e+01   0.0000000e+00   1.2449999e+01
   2.0170000e+03   8.0000000e+00   1.8000000e+01   1.6000000e+01   3.3000000e+01   0.0000000e+00   3.9000000e+00
   2.0170000e+03   8.0000000e+00   1.8000000e+01   1.6000000e+01   3.4000000e+01   0.0000000e+00   1.5000001e+00
   2.0170000e+03   8.0000000e+00   1.8000000e+01   1.6000000e+01   3.5000000e+01   0.0000000e+00   1.6500000e+00
   2.0170000e+03   8.0000000e+00   1.8000000e+01   1.6000000e+01   3.6000000e+01   0.0000000e+00   1.3500000e+00
   2.0170000e+03   8.0000000e+00   1.8000000e+01   1.6000000e+01   3.7000000e+01   0.0000000e+00   1.2000000e+00
   2.0170000e+03   8.0000000e+00   1.8000000e+01   1.6000000e+01   3.8000000e+01   0.0000000e+00   1.2000000e+00
   2.0170000e+03   8.0000000e+00   1.8000000e+01   1.6000000e+01   3.9000000e+01   0.0000000e+00   7.5000000e-01
   2.0170000e+03   8.0000000e+00   1.8000000e+01   1.6000000e+01   4.0000000e+01   0.0000000e+00   1.5000000e+00
   2.0170000e+03   8.0000000e+00   1.8000000e+01   1.6000000e+01   4.1000000e+01   0.0000000e+00   2.2500000e+00
   2.0170000e+03   8.0000000e+00   1.8000000e+01   1.6000000e+01   4.2000000e+01   0.0000000e+00   2.8500000e+00
   2.0170000e+03   8.0000000e+00   1.8000000e+01   1.6000000e+01   4.3000000e+01   0.0000000e+00   2.1000000e+00
   2.0170000e+03   8.0000000e+00   1.8000000e+01   1.6000000e+01   4.4000000e+01   0.0000000e+00   2.2500000e+00
   2.0170000e+03   8.0000000e+00   1.8000000e+01   1.6000000e+01   4.5000000e+01   0.0000000e+00   1.9499999e+00
   2.0170000e+03   8.0000000e+00   1.8000000e+01   1.6000000e+01   4.6000000e+01   0.0000000e+00   1.8000000e+00
   2.0170000e+03   8.0000000e+00   1.8000000e+01   1.6000000e+01   4.7000000e+01   0.0000000e+00   2.7000000e+00
   2.0170000e+03   8.0000000e+00   1.8000000e+01   1.6000000e+01   4.8000000e+01   0.0000000e+00   4.8000002e+00
   2.0170000e+03   8.0000000e+00   1.8000000e+01   1.6000000e+01   4.9000000e+01   0.0000000e+00   4.5000000e+00
   2.0170000e+03   8.0000000e+00   1.8000000e+01   1.6000000e+01   5.0000000e+01   0.0000000e+00   5.1000000e+00
   2.0170000e+03   8.0000000e+00   1.8000000e+01   1.6000000e+01   5.1000000e+01   0.0000000e+00   6.2999999e+00
   2.0170000e+03   8.0000000e+00   1.8000000e+01   1.6000000e+01   5.2000000e+01   0.0000000e+00   7.0500000e+00
   2.0170000e+03   8.0000000e+00   1.8000000e+01   1.6000000e+01   5.3000000e+01   0.0000000e+00   5.8500000e+00
   2.0170000e+03   8.0000000e+00   1.8000000e+01   1.6000000e+01   5.4000000e+01   0.0000000e+00   4.9500000e+00
   2.0170000e+03   8.0000000e+00   1.8000000e+01   1.6000000e+01   5.5000000e+01   0.0000000e+00   4.8000000e+00
   2.0170000e+03   8.0000000e+00   1.8000000e+01   1.6000000e+01   5.6000000e+01   0.0000000e+00   3.9000000e+00
   2.0170000e+03   8.0000000e+00   1.8000000e+01   1.6000000e+01   5.7000000e+01   0.0000000e+00   3.1500000e+00
   2.0170000e+03   8.0000000e+00   1.8000000e+01   1.6000000e+01   5.8000000e+01   0.0000000e+00   3.0000000e+00
   2.0170000e+03   8.0000000e+00   1.8000000e+01   1.6000000e+01   5.9000000e+01   0.0000000e+00   2.0999999e+00
   2.0170000e+03   8.0000000e+00   1.8000000e+01   1.7000000e+01   0.0000000e+00   0.0000000e+00   2.2500000e+00
   2.0170000e+03   8.0000000e+00   1.8000000e+01   1.7000000e+01   1.0000000e+00   0.0000000e+00   2.8500000e+00
   2.0170000e+03   8.0000000e+00   1.8000000e+01   1.7000000e+01   2.0000000e+00   0.0000000e+00   4.8000002e+00
   2.0170000e+03   8.0000000e+00   1.8000000e+01   1.7000000e+01   3.0000000e+00   0.0000000e+00   5.4000000e+00
   2.0170000e+03   8.0000000e+00   1.8000000e+01   1.7000000e+01   4.0000000e+00   0.0000000e+00   4.5000000e+00
   2.0170000e+03   8.0000000e+00   1.8000000e+01   1.7000000e+01   5.0000000e+00   0.0000000e+00   4.2000000e+00
   2.0170000e+03   8.0000000e+00   1.8000000e+01   1.7000000e+01   6.0000000e+00   0.0000000e+00   5.1000000e+00
   2.0170000e+03   8.0000000e+00   1.8000000e+01   1.7000000e+01   7.0000000e+00   0.0000000e+00   4.5000000e+00
   2.0170000e+03   8.0000000e+00   1.8000000e+01   1.7000000e+01   8.0000000e+00   0.0000000e+00   3.7500001e+00
   2.0170000e+03   8.0000000e+00   1.8000000e+01   1.7000000e+01   9.0000000e+00   0.0000000e+00   2.2500001e+00
   2.0170000e+03   8.0000000e+00   1.8000000e+01   1.7000000e+01   1.0000000e+01   0.0000000e+00   2.2500000e+00
   2.0170000e+03   8.0000000e+00   1.8000000e+01   1.7000000e+01   1.1000000e+01   0.0000000e+00   2.4000000e+00
   2.0170000e+03   8.0000000e+00   1.8000000e+01   1.7000000e+01   1.2000000e+01   0.0000000e+00   1.9500000e+00
   2.0170000e+03   8.0000000e+00   1.8000000e+01   1.7000000e+01   1.3000000e+01   0.0000000e+00   1.8000000e+00
   2.0170000e+03   8.0000000e+00   1.8000000e+01   1.7000000e+01   1.4000000e+01   0.0000000e+00   9.0000000e-01
   2.0170000e+03   8.0000000e+00   1.8000000e+01   1.7000000e+01   1.5000000e+01   0.0000000e+00   6.0000000e-01
   2.0170000e+03   8.0000000e+00   1.8000000e+01   1.7000000e+01   1.6000000e+01   0.0000000e+00   6.0000000e-01
   2.0170000e+03   8.0000000e+00   1.8000000e+01   1.7000000e+01   1.7000000e+01   0.0000000e+00   1.4999998e-01
   2.0170000e+03   8.0000000e+00   1.8000000e+01   1.7000000e+01   1.8000000e+01   0.0000000e+00   4.5000000e-01
   2.0170000e+03   8.0000000e+00   1.8000000e+01   1.7000000e+01   1.9000000e+01   0.0000000e+00   1.5000006e-01
   2.0170000e+03   8.0000000e+00   1.8000000e+01   1.7000000e+01   2.0000000e+01   0.0000000e+00   0.0000000e+00
   2.0170000e+03   8.0000000e+00   1.8000000e+01   1.7000000e+01   2.1000000e+01   0.0000000e+00   0.0000000e+00
   2.0170000e+03   8.0000000e+00   1.8000000e+01   1.7000000e+01   2.2000000e+01   0.0000000e+00   4.4999994e-01
   2.0170000e+03   8.0000000e+00   1.8000000e+01   1.7000000e+01   2.3000000e+01   0.0000000e+00   1.5000002e-01
   2.0170000e+03   8.0000000e+00   1.8000000e+01   1.7000000e+01   2.4000000e+01   0.0000000e+00   0.0000000e+00
   2.0170000e+03   8.0000000e+00   1.8000000e+01   1.7000000e+01   2.5000000e+01   0.0000000e+00   0.0000000e+00
   2.0170000e+03   8.0000000e+00   1.8000000e+01   1.7000000e+01   2.6000000e+01   0.0000000e+00   0.0000000e+00
   2.0170000e+03   8.0000000e+00   1.8000000e+01   1.7000000e+01   2.7000000e+01   0.0000000e+00   4.5000000e-01
   2.0170000e+03   8.0000000e+00   1.8000000e+01   1.7000000e+01   2.8000000e+01   0.0000000e+00   1.5000000e-01
   2.0170000e+03   8.0000000e+00   1.8000000e+01   1.7000000e+01   2.9000000e+01   0.0000000e+00   0.0000000e+00
   2.0170000e+03   8.0000000e+00   1.8000000e+01   1.7000000e+01   3.0000000e+01   0.0000000e+00   0.0000000e+00
   2.0170000e+03   8.0000000e+00   1.8000000e+01   1.7000000e+01   3.1000000e+01   0.0000000e+00   0.0000000e+00
   2.0170000e+03   8.0000000e+00   1.8000000e+01   1.7000000e+01   3.2000000e+01   0.0000000e+00   0.0000000e+00
   2.0170000e+03   8.0000000e+00   1.8000000e+01   1.7000000e+01   3.3000000e+01   0.0000000e+00   0.0000000e+00
   2.0170000e+03   8.0000000e+00   1.8000000e+01   1.7000000e+01   3.4000000e+01   0.0000000e+00   0.0000000e+00
   2.0170000e+03   8.0000000e+00   1.8000000e+01   1.7000000e+01   3.5000000e+01   0.0000000e+00   0.0000000e+00
   2.0170000e+03   8.0000000e+00   1.8000000e+01   1.7000000e+01   3.6000000e+01   0.0000000e+00   0.0000000e+00
   2.0170000e+03   8.0000000e+00   1.8000000e+01   1.7000000e+01   3.7000000e+01   0.0000000e+00   0.0000000e+00
   2.0170000e+03   8.0000000e+00   1.8000000e+01   1.7000000e+01   3.8000000e+01   0.0000000e+00   0.0000000e+00
   2.0170000e+03   8.0000000e+00   1.8000000e+01   1.7000000e+01   3.9000000e+01   0.0000000e+00   4.5000000e-01
   2.0170000e+03   8.0000000e+00   1.8000000e+01   1.7000000e+01   4.0000000e+01   0.0000000e+00   1.5000000e-01
   2.0170000e+03   8.0000000e+00   1.8000000e+01   1.7000000e+01   4.1000000e+01   0.0000000e+00   0.0000000e+00
   2.0170000e+03   8.0000000e+00   1.8000000e+01   1.7000000e+01   4.2000000e+01   0.0000000e+00   0.0000000e+00
   2.0170000e+03   8.0000000e+00   1.8000000e+01   1.7000000e+01   4.3000000e+01   0.0000000e+00   0.0000000e+00
   2.0170000e+03   8.0000000e+00   1.8000000e+01   1.7000000e+01   4.4000000e+01   0.0000000e+00   4.5000006e-01
   2.0170000e+03   8.0000000e+00   1.8000000e+01   1.7000000e+01   4.5000000e+01   0.0000000e+00   1.5000000e+00
   2.0170000e+03   8.0000000e+00   1.8000000e+01   1.7000000e+01   4.6000000e+01   0.0000000e+00   1.8000000e+00
   2.0170000e+03   8.0000000e+00   1.8000000e+01   1.7000000e+01   4.7000000e+01   0.0000000e+00   1.3499999e+00
   2.0170000e+03   8.0000000e+00   1.8000000e+01   1.7000000e+01   4.8000000e+01   0.0000000e+00   3.4500001e+00
   2.0170000e+03   8.0000000e+00   1.8000000e+01   1.7000000e+01   4.9000000e+01   0.0000000e+00   3.7500000e+00
   2.0170000e+03   8.0000000e+00   1.8000000e+01   1.7000000e+01   5.0000000e+01   0.0000000e+00   3.1500001e+00
   2.0170000e+03   8.0000000e+00   1.8000000e+01   1.7000000e+01   5.1000000e+01   0.0000000e+00   4.7999999e+00
   2.0170000e+03   8.0000000e+00   1.8000000e+01   1.7000000e+01   5.2000000e+01   0.0000000e+00   9.4500000e+00
   2.0170000e+03   8.0000000e+00   1.8000000e+01   1.7000000e+01   5.3000000e+01   0.0000000e+00   7.2000005e+00
   2.0170000e+03   8.0000000e+00   1.8000000e+01   1.7000000e+01   5.4000000e+01   0.0000000e+00   5.1000000e+00
   2.0170000e+03   8.0000000e+00   1.8000000e+01   1.7000000e+01   5.5000000e+01   0.0000000e+00   4.3500000e+00
   2.0170000e+03   8.0000000e+00   1.8000000e+01   1.7000000e+01   5.6000000e+01   0.0000000e+00   1.9500000e+00
   2.0170000e+03   8.0000000e+00   1.8000000e+01   1.7000000e+01   5.7000000e+01   0.0000000e+00   7.5000000e-01
   2.0170000e+03   8.0000000e+00   1.8000000e+01   1.7000000e+01   5.8000000e+01   0.0000000e+00   1.5000000e-01
   2.0170000e+03   8.0000000e+00   1.8000000e+01   1.7000000e+01   5.9000000e+01   0.0000000e+00   4.5000000e-01
   2.0170000e+03   8.0000000e+00   1.8000000e+01   1.8000000e+01   0.0000000e+00   0.0000000e+00   1.5000000e-01
   2.0170000e+03   8.0000000e+00   1.8000000e+01   1.8000000e+01   1.0000000e+00   0.0000000e+00   0.0000000e+00
   2.0170000e+03   8.0000000e+00   1.8000000e+01   1.8000000e+01   2.0000000e+00   0.0000000e+00   0.0000000e+00
   2.0170000e+03   8.0000000e+00   1.8000000e+01   1.8000000e+01   3.0000000e+00   0.0000000e+00   0.0000000e+00
   2.0170000e+03   8.0000000e+00   1.8000000e+01   1.8000000e+01   4.0000000e+00   0.0000000e+00   4.4999994e-01
   2.0170000e+03   8.0000000e+00   1.8000000e+01   1.8000000e+01   5.0000000e+00   0.0000000e+00   1.5000002e-01
   2.0170000e+03   8.0000000e+00   1.8000000e+01   1.8000000e+01   6.0000000e+00   0.0000000e+00   0.0000000e+00
   2.0170000e+03   8.0000000e+00   1.8000000e+01   1.8000000e+01   7.0000000e+00   0.0000000e+00   0.0000000e+00
   2.0170000e+03   8.0000000e+00   1.8000000e+01   1.8000000e+01   8.0000000e+00   0.0000000e+00   0.0000000e+00
   2.0170000e+03   8.0000000e+00   1.8000000e+01   1.8000000e+01   9.0000000e+00   0.0000000e+00   0.0000000e+00
   2.0170000e+03   8.0000000e+00   1.8000000e+01   1.8000000e+01   1.0000000e+01   0.0000000e+00   0.0000000e+00
   2.0170000e+03   8.0000000e+00   1.8000000e+01   1.8000000e+01   1.1000000e+01   0.0000000e+00   0.0000000e+00
   2.0170000e+03   8.0000000e+00   1.8000000e+01   1.8000000e+01   1.2000000e+01   0.0000000e+00   0.0000000e+00
   2.0170000e+03   8.0000000e+00   1.8000000e+01   1.8000000e+01   1.3000000e+01   0.0000000e+00   0.0000000e+00
   2.0170000e+03   8.0000000e+00   1.8000000e+01   1.8000000e+01   1.4000000e+01   0.0000000e+00   0.0000000e+00
   2.0170000e+03   8.0000000e+00   1.8000000e+01   1.8000000e+01   1.5000000e+01   0.0000000e+00   0.0000000e+00
   2.0170000e+03   8.0000000e+00   1.8000000e+01   1.8000000e+01   1.6000000e+01   0.0000000e+00   4.5000002e-01
   2.0170000e+03   8.0000000e+00   1.8000000e+01   1.8000000e+01   1.7000000e+01   0.0000000e+00   1.5000000e-01
   2.0170000e+03   8.0000000e+00   1.8000000e+01   1.8000000e+01   1.8000000e+01   0.0000000e+00   0.0000000e+00
   2.0170000e+03   8.0000000e+00   1.8000000e+01   1.8000000e+01   1.9000000e+01   0.0000000e+00   0.0000000e+00
   2.0170000e+03   8.0000000e+00   1.8000000e+01   1.8000000e+01   2.0000000e+01   0.0000000e+00   0.0000000e+00
   2.0170000e+03   8.0000000e+00   1.8000000e+01   1.8000000e+01   2.1000000e+01   0.0000000e+00   0.0000000e+00
   2.0170000e+03   8.0000000e+00   1.8000000e+01   1.8000000e+01   2.2000000e+01   0.0000000e+00   0.0000000e+00
   2.0170000e+03   8.0000000e+00   1.8000000e+01   1.8000000e+01   2.3000000e+01   0.0000000e+00   0.0000000e+00
   2.0170000e+03   8.0000000e+00   1.8000000e+01   1.8000000e+01   2.4000000e+01   0.0000000e+00   0.0000000e+00
   2.0170000e+03   8.0000000e+00   1.8000000e+01   1.8000000e+01   2.5000000e+01   0.0000000e+00   0.0000000e+00
   2.0170000e+03   8.0000000e+00   1.8000000e+01   1.8000000e+01   2.6000000e+01   0.0000000e+00   0.0000000e+00
   2.0170000e+03   8.0000000e+00   1.8000000e+01   1.8000000e+01   2.7000000e+01   0.0000000e+00   0.0000000e+00
   2.0170000e+03   8.0000000e+00   1.8000000e+01   1.8000000e+01   2.8000000e+01   0.0000000e+00   0.0000000e+00
   2.0170000e+03   8.0000000e+00   1.8000000e+01   1.8000000e+01   2.9000000e+01   0.0000000e+00   0.0000000e+00
   2.0170000e+03   8.0000000e+00   1.8000000e+01   1.8000000e+01   3.0000000e+01   0.0000000e+00   0.0000000e+00
   2.0170000e+03   8.0000000e+00   1.8000000e+01   1.8000000e+01   3.1000000e+01   0.0000000e+00   0.0000000e+00
   2.0170000e+03   8.0000000e+00   1.8000000e+01   1.8000000e+01   3.2000000e+01   0.0000000e+00   0.0000000e+00
   2.0170000e+03   8.0000000e+00   1.8000000e+01   1.8000000e+01   3.3000000e+01   0.0000000e+00   0.0000000e+00
   2.0170000e+03   8.0000000e+00   1.8000000e+01   1.8000000e+01   3.4000000e+01   0.0000000e+00   0.0000000e+00
   2.0170000e+03   8.0000000e+00   1.8000000e+01   1.8000000e+01   3.5000000e+01   0.0000000e+00   0.0000000e+00
   2.0170000e+03   8.0000000e+00   1.8000000e+01   1.8000000e+01   3.6000000e+01   0.0000000e+00   0.0000000e+00
   2.0170000e+03   8.0000000e+00   1.8000000e+01   1.8000000e+01   3.7000000e+01   0.0000000e+00   0.0000000e+00
   2.0170000e+03   8.0000000e+00   1.8000000e+01   1.8000000e+01   3.8000000e+01   0.0000000e+00   0.0000000e+00
   2.0170000e+03   8.0000000e+00   1.8000000e+01   1.8000000e+01   3.9000000e+01   0.0000000e+00   0.0000000e+00
   2.0170000e+03   8.0000000e+00   1.8000000e+01   1.8000000e+01   4.0000000e+01   0.0000000e+00   4.5000000e-01
   2.0170000e+03   8.0000000e+00   1.8000000e+01   1.8000000e+01   4.1000000e+01   0.0000000e+00   1.5000000e-01
   2.0170000e+03   8.0000000e+00   1.8000000e+01   1.8000000e+01   4.2000000e+01   0.0000000e+00   4.5000000e-01
   2.0170000e+03   8.0000000e+00   1.8000000e+01   1.8000000e+01   4.3000000e+01   0.0000000e+00   1.5000000e-01
   2.0170000e+03   8.0000000e+00   1.8000000e+01   1.8000000e+01   4.4000000e+01   0.0000000e+00   0.0000000e+00
   2.0170000e+03   8.0000000e+00   1.8000000e+01   1.8000000e+01   4.5000000e+01   0.0000000e+00   9.0000000e-01
   2.0170000e+03   8.0000000e+00   1.8000000e+01   1.8000000e+01   4.6000000e+01   0.0000000e+00   1.2000000e+00
   2.0170000e+03   8.0000000e+00   1.8000000e+01   1.8000000e+01   4.7000000e+01   0.0000000e+00   7.4999998e-01
   2.0170000e+03   8.0000000e+00   1.8000000e+01   1.8000000e+01   4.8000000e+01   0.0000000e+00   1.5000000e-01
   2.0170000e+03   8.0000000e+00   1.8000000e+01   1.8000000e+01   4.9000000e+01   0.0000000e+00   4.4999994e-01
   2.0170000e+03   8.0000000e+00   1.8000000e+01   1.8000000e+01   5.0000000e+01   0.0000000e+00   1.5000002e-01
   2.0170000e+03   8.0000000e+00   1.8000000e+01   1.8000000e+01   5.1000000e+01   0.0000000e+00   4.5000000e-01
   2.0170000e+03   8.0000000e+00   1.8000000e+01   1.8000000e+01   5.2000000e+01   0.0000000e+00   1.5000006e-01
   2.0170000e+03   8.0000000e+00   1.8000000e+01   1.8000000e+01   5.3000000e+01   0.0000000e+00   0.0000000e+00
   2.0170000e+03   8.0000000e+00   1.8000000e+01   1.8000000e+01   5.4000000e+01   0.0000000e+00   0.0000000e+00
   2.0170000e+03   8.0000000e+00   1.8000000e+01   1.8000000e+01   5.5000000e+01   0.0000000e+00   0.0000000e+00
   2.0170000e+03   8.0000000e+00   1.8000000e+01   1.8000000e+01   5.6000000e+01   0.0000000e+00   0.0000000e+00
   2.0170000e+03   8.0000000e+00   1.8000000e+01   1.8000000e+01   5.7000000e+01   0.0000000e+00   0.0000000e+00
   2.0170000e+03   8.0000000e+00   1.8000000e+01   1.8000000e+01   5.8000000e+01   0.0000000e+00   0.0000000e+00
   2.0170000e+03   8.0000000e+00   1.8000000e+01   1.8000000e+01   5.9000000e+01   0.0000000e+00   0.0000000e+00
   2.0170000e+03   8.0000000e+00   1.8000000e+01   1.9000000e+01   0.0000000e+00   0.0000000e+00   0.0000000e+00
   2.0170000e+03   8.0000000e+00   1.8000000e+01   1.9000000e+01   1.0000000e+00   0.0000000e+00   0.0000000e+00
   2.0170000e+03   8.0000000e+00   1.8000000e+01   1.9000000e+01   2.0000000e+00   0.0000000e+00   4.5000000e-01
   2.0170000e+03   8.0000000e+00   1.8000000e+01   1.9000000e+01   3.0000000e+00   0.0000000e+00   1.4999994e-01
   2.0170000e+03   8.0000000e+00   1.8000000e+01   1.9000000e+01   4.0000000e+00   0.0000000e+00   0.0000000e+00
   2.0170000e+03   8.0000000e+00   1.8000000e+01   1.9000000e+01   5.0000000e+00   0.0000000e+00   0.0000000e+00
   2.0170000e+03   8.0000000e+00   1.8000000e+01   1.9000000e+01   6.0000000e+00   0.0000000e+00   0.0000000e+00
   2.0170000e+03   8.0000000e+00   1.8000000e+01   1.9000000e+01   7.0000000e+00   0.0000000e+00   0.0000000e+00
   2.0170000e+03   8.0000000e+00   1.8000000e+01   1.9000000e+01   8.0000000e+00   0.0000000e+00   0.0000000e+00
   2.0170000e+03   8.0000000e+00   1.8000000e+01   1.9000000e+01   9.0000000e+00   0.0000000e+00   0.0000000e+00
   2.0170000e+03   8.0000000e+00   1.8000000e+01   1.9000000e+01   1.0000000e+01   0.0000000e+00   0.0000000e+00
   2.0170000e+03   8.0000000e+00   1.8000000e+01   1.9000000e+01   1.1000000e+01   0.0000000e+00   0.0000000e+00
   2.0170000e+03   8.0000000e+00   1.8000000e+01   1.9000000e+01   1.2000000e+01   0.0000000e+00   0.0000000e+00
   2.0170000e+03   8.0000000e+00   1.8000000e+01   1.9000000e+01   1.3000000e+01   0.0000000e+00   0.0000000e+00
   2.0170000e+03   8.0000000e+00   1.8000000e+01   1.9000000e+01   1.4000000e+01   0.0000000e+00   0.0000000e+00
   2.0170000e+03   8.0000000e+00   1.8000000e+01   1.9000000e+01   1.5000000e+01   0.0000000e+00   0.0000000e+00
   2.0170000e+03   8.0000000e+00   1.8000000e+01   1.9000000e+01   1.6000000e+01   0.0000000e+00   0.0000000e+00
   2.0170000e+03   8.0000000e+00   1.8000000e+01   1.9000000e+01   1.7000000e+01   0.0000000e+00   0.0000000e+00
   2.0170000e+03   8.0000000e+00   1.8000000e+01   1.9000000e+01   1.8000000e+01   0.0000000e+00   0.0000000e+00
   2.0170000e+03   8.0000000e+00   1.8000000e+01   1.9000000e+01   1.9000000e+01   0.0000000e+00   0.0000000e+00
   2.0170000e+03   8.0000000e+00   1.8000000e+01   1.9000000e+01   2.0000000e+01   0.0000000e+00   0.0000000e+00
   2.0170000e+03   8.0000000e+00   1.8000000e+01   1.9000000e+01   2.1000000e+01   0.0000000e+00   0.0000000e+00
   2.0170000e+03   8.0000000e+00   1.8000000e+01   1.9000000e+01   2.2000000e+01   0.0000000e+00   0.0000000e+00
   2.0170000e+03   8.0000000e+00   1.8000000e+01   1.9000000e+01   2.3000000e+01   0.0000000e+00   0.0000000e+00
   2.0170000e+03   8.0000000e+00   1.8000000e+01   1.9000000e+01   2.4000000e+01   0.0000000e+00   0.0000000e+00
   2.0170000e+03   8.0000000e+00   1.8000000e+01   1.9000000e+01   2.5000000e+01   0.0000000e+00   0.0000000e+00
   2.0170000e+03   8.0000000e+00   1.8000000e+01   1.9000000e+01   2.6000000e+01   0.0000000e+00   0.0000000e+00
   2.0170000e+03   8.0000000e+00   1.8000000e+01   1.9000000e+01   2.7000000e+01   0.0000000e+00   0.0000000e+00
   2.0170000e+03   8.0000000e+00   1.8000000e+01   1.9000000e+01   2.8000000e+01   0.0000000e+00   0.0000000e+00
   2.0170000e+03   8.0000000e+00   1.8000000e+01   1.9000000e+01   2.9000000e+01   0.0000000e+00   4.5000000e-01
   2.0170000e+03   8.0000000e+00   1.8000000e+01   1.9000000e+01   3.0000000e+01   0.0000000e+00   1.5000000e-01
   2.0170000e+03   8.0000000e+00   1.8000000e+01   1.9000000e+01   3.1000000e+01   0.0000000e+00   0.0000000e+00
   2.0170000e+03   8.0000000e+00   1.8000000e+01   1.9000000e+01   3.2000000e+01   0.0000000e+00   0.0000000e+00
   2.0170000e+03   8.0000000e+00   1.8000000e+01   1.9000000e+01   3.3000000e+01   0.0000000e+00   0.0000000e+00
   2.0170000e+03   8.0000000e+00   1.8000000e+01   1.9000000e+01   3.4000000e+01   0.0000000e+00   0.0000000e+00
   2.0170000e+03   8.0000000e+00   1.8000000e+01   1.9000000e+01   3.5000000e+01   0.0000000e+00   0.0000000e+00
   2.0170000e+03   8.0000000e+00   1.8000000e+01   1.9000000e+01   3.6000000e+01   0.0000000e+00   0.0000000e+00
   2.0170000e+03   8.0000000e+00   1.8000000e+01   1.9000000e+01   3.7000000e+01   0.0000000e+00   0.0000000e+00
   2.0170000e+03   8.0000000e+00   1.8000000e+01   1.9000000e+01   3.8000000e+01   0.0000000e+00   0.0000000e+00
   2.0170000e+03   8.0000000e+00   1.8000000e+01   1.9000000e+01   3.9000000e+01   0.0000000e+00   0.0000000e+00
   2.0170000e+03   8.0000000e+00   1.8000000e+01   1.9000000e+01   4.0000000e+01   0.0000000e+00   0.0000000e+00
   2.0170000e+03   8.0000000e+00   1.8000000e+01   1.9000000e+01   4.1000000e+01   0.0000000e+00   0.0000000e+00
   2.0170000e+03   8.0000000e+00   1.8000000e+01   1.9000000e+01   4.2000000e+01   0.0000000e+00   0.0000000e+00
   2.0170000e+03   8.0000000e+00   1.8000000e+01   1.9000000e+01   4.3000000e+01   0.0000000e+00   0.0000000e+00
   2.0170000e+03   8.0000000e+00   1.8000000e+01   1.9000000e+01   4.4000000e+01   0.0000000e+00   0.0000000e+00
   2.0170000e+03   8.0000000e+00   1.8000000e+01   1.9000000e+01   4.5000000e+01   0.0000000e+00   0.0000000e+00
   2.0170000e+03   8.0000000e+00   1.8000000e+01   1.9000000e+01   4.6000000e+01   0.0000000e+00   0.0000000e+00
   2.0170000e+03   8.0000000e+00   1.8000000e+01   1.9000000e+01   4.7000000e+01   0.0000000e+00   4.5000000e-01
   2.0170000e+03   8.0000000e+00   1.8000000e+01   1.9000000e+01   4.8000000e+01   0.0000000e+00   1.4999994e-01
   2.0170000e+03   8.0000000e+00   1.8000000e+01   1.9000000e+01   4.9000000e+01   0.0000000e+00   0.0000000e+00
   2.0170000e+03   8.0000000e+00   1.8000000e+01   1.9000000e+01   5.0000000e+01   0.0000000e+00   9.0000000e-01
   2.0170000e+03   8.0000000e+00   1.8000000e+01   1.9000000e+01   5.1000000e+01   0.0000000e+00   4.7999995e+00
   2.0170000e+03   8.0000000e+00   1.8000000e+01   1.9000000e+01   5.2000000e+01   0.0000000e+00   7.7999999e+00
   2.0170000e+03   8.0000000e+00   1.8000000e+01   1.9000000e+01   5.3000000e+01   0.0000000e+00   1.0200000e+01
   2.0170000e+03   8.0000000e+00   1.8000000e+01   1.9000000e+01   5.4000000e+01   0.0000000e+00   9.0000000e+00
   2.0170000e+03   8.0000000e+00   1.8000000e+01   1.9000000e+01   5.5000000e+01   0.0000000e+00   8.4000000e+00
   2.0170000e+03   8.0000000e+00   1.8000000e+01   1.9000000e+01   5.6000000e+01   0.0000000e+00   1.5600000e+01
   2.0170000e+03   8.0000000e+00   1.8000000e+01   1.9000000e+01   5.7000000e+01   0.0000000e+00   1.8450000e+01
   2.0170000e+03   8.0000000e+00   1.8000000e+01   1.9000000e+01   5.8000000e+01   0.0000000e+00   1.9950000e+01
   2.0170000e+03   8.0000000e+00   1.8000000e+01   1.9000000e+01   5.9000000e+01   0.0000000e+00   1.4549999e+01
   2.0170000e+03   8.0000000e+00   1.8000000e+01   2.0000000e+01   0.0000000e+00   0.0000000e+00   1.1700000e+01
   2.0170000e+03   8.0000000e+00   1.8000000e+01   2.0000000e+01   1.0000000e+00   0.0000000e+00   1.5000000e+01
   2.0170000e+03   8.0000000e+00   1.8000000e+01   2.0000000e+01   2.0000000e+00   0.0000000e+00   2.1150001e+01
   2.0170000e+03   8.0000000e+00   1.8000000e+01   2.0000000e+01   3.0000000e+00   0.0000000e+00   3.7650001e+01
   2.0170000e+03   8.0000000e+00   1.8000000e+01   2.0000000e+01   4.0000000e+00   0.0000000e+00   4.1700000e+01
   2.0170000e+03   8.0000000e+00   1.8000000e+01   2.0000000e+01   5.0000000e+00   0.0000000e+00   3.2400001e+01
   2.0170000e+03   8.0000000e+00   1.8000000e+01   2.0000000e+01   6.0000000e+00   0.0000000e+00   2.5800000e+01
   2.0170000e+03   8.0000000e+00   1.8000000e+01   2.0000000e+01   7.0000000e+00   0.0000000e+00   1.4250000e+01
   2.0170000e+03   8.0000000e+00   1.8000000e+01   2.0000000e+01   8.0000000e+00   0.0000000e+00   1.4849999e+01
   2.0170000e+03   8.0000000e+00   1.8000000e+01   2.0000000e+01   9.0000000e+00   0.0000000e+00   1.1250000e+01
   2.0170000e+03   8.0000000e+00   1.8000000e+01   2.0000000e+01   1.0000000e+01   0.0000000e+00   1.0050000e+01
   2.0170000e+03   8.0000000e+00   1.8000000e+01   2.0000000e+01   1.1000000e+01   0.0000000e+00   8.8500000e+00
   2.0170000e+03   8.0000000e+00   1.8000000e+01   2.0000000e+01   1.2000000e+01   0.0000000e+00   9.3000000e+00
   2.0170000e+03   8.0000000e+00   1.8000000e+01   2.0000000e+01   1.3000000e+01   0.0000000e+00   1.0500000e+01
   2.0170000e+03   8.0000000e+00   1.8000000e+01   2.0000000e+01   1.4000000e+01   0.0000000e+00   9.4500000e+00
   2.0170000e+03   8.0000000e+00   1.8000000e+01   2.0000000e+01   1.5000000e+01   0.0000000e+00   6.3000000e+00
   2.0170000e+03   8.0000000e+00   1.8000000e+01   2.0000000e+01   1.6000000e+01   0.0000000e+00   5.4000000e+00
   2.0170000e+03   8.0000000e+00   1.8000000e+01   2.0000000e+01   1.7000000e+01   0.0000000e+00   5.8500000e+00
   2.0170000e+03   8.0000000e+00   1.8000000e+01   2.0000000e+01   1.8000000e+01   0.0000000e+00   6.0000000e+00
   2.0170000e+03   8.0000000e+00   1.8000000e+01   2.0000000e+01   1.9000000e+01   0.0000000e+00   5.1000001e+00
   2.0170000e+03   8.0000000e+00   1.8000000e+01   2.0000000e+01   2.0000000e+01   0.0000000e+00   4.8000000e+00
   2.0170000e+03   8.0000000e+00   1.8000000e+01   2.0000000e+01   2.1000000e+01   0.0000000e+00   4.8000000e+00
   2.0170000e+03   8.0000000e+00   1.8000000e+01   2.0000000e+01   2.2000000e+01   0.0000000e+00   3.9000001e+00
   2.0170000e+03   8.0000000e+00   1.8000000e+01   2.0000000e+01   2.3000000e+01   0.0000000e+00   4.5000000e+00
   2.0170000e+03   8.0000000e+00   1.8000000e+01   2.0000000e+01   2.4000000e+01   0.0000000e+00   3.4500000e+00
   2.0170000e+03   8.0000000e+00   1.8000000e+01   2.0000000e+01   2.5000000e+01   0.0000000e+00   2.5500000e+00
   2.0170000e+03   8.0000000e+00   1.8000000e+01   2.0000000e+01   2.6000000e+01   0.0000000e+00   1.5000000e+00
   2.0170000e+03   8.0000000e+00   1.8000000e+01   2.0000000e+01   2.7000000e+01   0.0000000e+00   1.2000000e+00
   2.0170000e+03   8.0000000e+00   1.8000000e+01   2.0000000e+01   2.8000000e+01   0.0000000e+00   1.2000000e+00
   2.0170000e+03   8.0000000e+00   1.8000000e+01   2.0000000e+01   2.9000000e+01   0.0000000e+00   3.0000000e-01
   2.0170000e+03   8.0000000e+00   1.8000000e+01   2.0000000e+01   3.0000000e+01   0.0000000e+00   4.5000006e-01
   2.0170000e+03   8.0000000e+00   1.8000000e+01   2.0000000e+01   3.1000000e+01   0.0000000e+00   1.4999998e-01
   2.0170000e+03   8.0000000e+00   1.8000000e+01   2.0000000e+01   3.2000000e+01   0.0000000e+00   9.0000000e-01
   2.0170000e+03   8.0000000e+00   1.8000000e+01   2.0000000e+01   3.3000000e+01   0.0000000e+00   2.9999989e-01
   2.0170000e+03   8.0000000e+00   1.8000000e+01   2.0000000e+01   3.4000000e+01   0.0000000e+00   0.0000000e+00
   2.0170000e+03   8.0000000e+00   1.8000000e+01   2.0000000e+01   3.5000000e+01   0.0000000e+00   0.0000000e+00
   2.0170000e+03   8.0000000e+00   1.8000000e+01   2.0000000e+01   3.6000000e+01   0.0000000e+00   0.0000000e+00
   2.0170000e+03   8.0000000e+00   1.8000000e+01   2.0000000e+01   3.7000000e+01   0.0000000e+00   4.4999998e-01
   2.0170000e+03   8.0000000e+00   1.8000000e+01   2.0000000e+01   3.8000000e+01   0.0000000e+00   1.0500000e+00
   2.0170000e+03   8.0000000e+00   1.8000000e+01   2.0000000e+01   3.9000000e+01   0.0000000e+00   7.5000000e-01
   2.0170000e+03   8.0000000e+00   1.8000000e+01   2.0000000e+01   4.0000000e+01   0.0000000e+00   1.5000000e-01
   2.0170000e+03   8.0000000e+00   1.8000000e+01   2.0000000e+01   4.1000000e+01   0.0000000e+00   4.5000000e-01
   2.0170000e+03   8.0000000e+00   1.8000000e+01   2.0000000e+01   4.2000000e+01   0.0000000e+00   1.5000000e-01
   2.0170000e+03   8.0000000e+00   1.8000000e+01   2.0000000e+01   4.3000000e+01   0.0000000e+00   4.5000000e-01
   2.0170000e+03   8.0000000e+00   1.8000000e+01   2.0000000e+01   4.4000000e+01   0.0000000e+00   1.4999994e-01
   2.0170000e+03   8.0000000e+00   1.8000000e+01   2.0000000e+01   4.5000000e+01   0.0000000e+00   0.0000000e+00
   2.0170000e+03   8.0000000e+00   1.8000000e+01   2.0000000e+01   4.6000000e+01   0.0000000e+00   0.0000000e+00
   2.0170000e+03   8.0000000e+00   1.8000000e+01   2.0000000e+01   4.7000000e+01   0.0000000e+00   0.0000000e+00
   2.0170000e+03   8.0000000e+00   1.8000000e+01   2.0000000e+01   4.8000000e+01   0.0000000e+00   0.0000000e+00
   2.0170000e+03   8.0000000e+00   1.8000000e+01   2.0000000e+01   4.9000000e+01   0.0000000e+00   0.0000000e+00
   2.0170000e+03   8.0000000e+00   1.8000000e+01   2.0000000e+01   5.0000000e+01   0.0000000e+00   0.0000000e+00
   2.0170000e+03   8.0000000e+00   1.8000000e+01   2.0000000e+01   5.1000000e+01   0.0000000e+00   0.0000000e+00
   2.0170000e+03   8.0000000e+00   1.8000000e+01   2.0000000e+01   5.2000000e+01   0.0000000e+00   0.0000000e+00
   2.0170000e+03   8.0000000e+00   1.8000000e+01   2.0000000e+01   5.3000000e+01   0.0000000e+00   4.4999994e-01
   2.0170000e+03   8.0000000e+00   1.8000000e+01   2.0000000e+01   5.4000000e+01   0.0000000e+00   1.5000002e-01
   2.0170000e+03   8.0000000e+00   1.8000000e+01   2.0000000e+01   5.5000000e+01   0.0000000e+00   0.0000000e+00
   2.0170000e+03   8.0000000e+00   1.8000000e+01   2.0000000e+01   5.6000000e+01   0.0000000e+00   0.0000000e+00
   2.0170000e+03   8.0000000e+00   1.8000000e+01   2.0000000e+01   5.7000000e+01   0.0000000e+00   0.0000000e+00
   2.0170000e+03   8.0000000e+00   1.8000000e+01   2.0000000e+01   5.8000000e+01   0.0000000e+00   0.0000000e+00
   2.0170000e+03   8.0000000e+00   1.8000000e+01   2.0000000e+01   5.9000000e+01   0.0000000e+00   0.0000000e+00
   2.0170000e+03   8.0000000e+00   1.8000000e+01   2.1000000e+01   0.0000000e+00   0.0000000e+00   0.0000000e+00
   2.0170000e+03   8.0000000e+00   1.8000000e+01   2.1000000e+01   1.0000000e+00   0.0000000e+00   0.0000000e+00
   2.0170000e+03   8.0000000e+00   1.8000000e+01   2.1000000e+01   2.0000000e+00   0.0000000e+00   0.0000000e+00
   2.0170000e+03   8.0000000e+00   1.8000000e+01   2.1000000e+01   3.0000000e+00   0.0000000e+00   0.0000000e+00
   2.0170000e+03   8.0000000e+00   1.8000000e+01   2.1000000e+01   4.0000000e+00   0.0000000e+00   0.0000000e+00
   2.0170000e+03   8.0000000e+00   1.8000000e+01   2.1000000e+01   5.0000000e+00   0.0000000e+00   0.0000000e+00
   2.0170000e+03   8.0000000e+00   1.8000000e+01   2.1000000e+01   6.0000000e+00   0.0000000e+00   0.0000000e+00
   2.0170000e+03   8.0000000e+00   1.8000000e+01   2.1000000e+01   7.0000000e+00   0.0000000e+00   0.0000000e+00
   2.0170000e+03   8.0000000e+00   1.8000000e+01   2.1000000e+01   8.0000000e+00   0.0000000e+00   0.0000000e+00
   2.0170000e+03   8.0000000e+00   1.8000000e+01   2.1000000e+01   9.0000000e+00   0.0000000e+00   0.0000000e+00
   2.0170000e+03   8.0000000e+00   1.8000000e+01   2.1000000e+01   1.0000000e+01   0.0000000e+00   0.0000000e+00
   2.0170000e+03   8.0000000e+00   1.8000000e+01   2.1000000e+01   1.1000000e+01   0.0000000e+00   0.0000000e+00
   2.0170000e+03   8.0000000e+00   1.8000000e+01   2.1000000e+01   1.2000000e+01   0.0000000e+00   4.5000000e-01
   2.0170000e+03   8.0000000e+00   1.8000000e+01   2.1000000e+01   1.3000000e+01   0.0000000e+00   1.5000000e-01
   2.0170000e+03   8.0000000e+00   1.8000000e+01   2.1000000e+01   1.4000000e+01   0.0000000e+00   0.0000000e+00
   2.0170000e+03   8.0000000e+00   1.8000000e+01   2.1000000e+01   1.5000000e+01   0.0000000e+00   0.0000000e+00
   2.0170000e+03   8.0000000e+00   1.8000000e+01   2.1000000e+01   1.6000000e+01   0.0000000e+00   4.5000002e-01
   2.0170000e+03   8.0000000e+00   1.8000000e+01   2.1000000e+01   1.7000000e+01   0.0000000e+00   1.5000000e-01
   2.0170000e+03   8.0000000e+00   1.8000000e+01   2.1000000e+01   1.8000000e+01   0.0000000e+00   4.5000006e-01
   2.0170000e+03   8.0000000e+00   1.8000000e+01   2.1000000e+01   1.9000000e+01   0.0000000e+00   1.4999998e-01
   2.0170000e+03   8.0000000e+00   1.8000000e+01   2.1000000e+01   2.0000000e+01   0.0000000e+00   0.0000000e+00
   2.0170000e+03   8.0000000e+00   1.8000000e+01   2.1000000e+01   2.1000000e+01   0.0000000e+00   0.0000000e+00
   2.0170000e+03   8.0000000e+00   1.8000000e+01   2.1000000e+01   2.2000000e+01   0.0000000e+00   4.4999998e-01
   2.0170000e+03   8.0000000e+00   1.8000000e+01   2.1000000e+01   2.3000000e+01   0.0000000e+00   1.5000000e-01
   2.0170000e+03   8.0000000e+00   1.8000000e+01   2.1000000e+01   2.4000000e+01   0.0000000e+00   0.0000000e+00
   2.0170000e+03   8.0000000e+00   1.8000000e+01   2.1000000e+01   2.5000000e+01   0.0000000e+00   0.0000000e+00
   2.0170000e+03   8.0000000e+00   1.8000000e+01   2.1000000e+01   2.6000000e+01   0.0000000e+00   4.5000000e-01
   2.0170000e+03   8.0000000e+00   1.8000000e+01   2.1000000e+01   2.7000000e+01   0.0000000e+00   6.0000000e-01
   2.0170000e+03   8.0000000e+00   1.8000000e+01   2.1000000e+01   2.8000000e+01   0.0000000e+00   1.0500000e+00
   2.0170000e+03   8.0000000e+00   1.8000000e+01   2.1000000e+01   2.9000000e+01   0.0000000e+00   1.2000000e+00
   2.0170000e+03   8.0000000e+00   1.8000000e+01   2.1000000e+01   3.0000000e+01   0.0000000e+00   1.2000000e+00
   2.0170000e+03   8.0000000e+00   1.8000000e+01   2.1000000e+01   3.1000000e+01   0.0000000e+00   7.5000000e-01
   2.0170000e+03   8.0000000e+00   1.8000000e+01   2.1000000e+01   3.2000000e+01   0.0000000e+00   6.0000000e-01
   2.0170000e+03   8.0000000e+00   1.8000000e+01   2.1000000e+01   3.3000000e+01   0.0000000e+00   6.0000000e-01
   2.0170000e+03   8.0000000e+00   1.8000000e+01   2.1000000e+01   3.4000000e+01   0.0000000e+00   1.5000000e-01
   2.0170000e+03   8.0000000e+00   1.8000000e+01   2.1000000e+01   3.5000000e+01   0.0000000e+00   4.4999994e-01
   2.0170000e+03   8.0000000e+00   1.8000000e+01   2.1000000e+01   3.6000000e+01   0.0000000e+00   1.5000002e-01
   2.0170000e+03   8.0000000e+00   1.8000000e+01   2.1000000e+01   3.7000000e+01   0.0000000e+00   4.5000000e-01
   2.0170000e+03   8.0000000e+00   1.8000000e+01   2.1000000e+01   3.8000000e+01   0.0000000e+00   1.0499999e+00
   2.0170000e+03   8.0000000e+00   1.8000000e+01   2.1000000e+01   3.9000000e+01   0.0000000e+00   2.1000000e+00
   2.0170000e+03   8.0000000e+00   1.8000000e+01   2.1000000e+01   4.0000000e+01   0.0000000e+00   3.7500000e+00
   2.0170000e+03   8.0000000e+00   1.8000000e+01   2.1000000e+01   4.1000000e+01   0.0000000e+00   5.5500000e+00
   2.0170000e+03   8.0000000e+00   1.8000000e+01   2.1000000e+01   4.2000000e+01   0.0000000e+00   4.2000000e+00
   2.0170000e+03   8.0000000e+00   1.8000000e+01   2.1000000e+01   4.3000000e+01   0.0000000e+00   2.2500000e+00
   2.0170000e+03   8.0000000e+00   1.8000000e+01   2.1000000e+01   4.4000000e+01   0.0000000e+00   2.7000000e+00
   2.0170000e+03   8.0000000e+00   1.8000000e+01   2.1000000e+01   4.5000000e+01   0.0000000e+00   3.0000000e+00
   2.0170000e+03   8.0000000e+00   1.8000000e+01   2.1000000e+01   4.6000000e+01   0.0000000e+00   2.0999999e+00
   2.0170000e+03   8.0000000e+00   1.8000000e+01   2.1000000e+01   4.7000000e+01   0.0000000e+00   1.8000000e+00
   2.0170000e+03   8.0000000e+00   1.8000000e+01   2.1000000e+01   4.8000000e+01   0.0000000e+00   9.0000000e-01
   2.0170000e+03   8.0000000e+00   1.8000000e+01   2.1000000e+01   4.9000000e+01   0.0000000e+00   6.0000000e-01
   2.0170000e+03   8.0000000e+00   1.8000000e+01   2.1000000e+01   5.0000000e+01   0.0000000e+00   6.0000000e-01
   2.0170000e+03   8.0000000e+00   1.8000000e+01   2.1000000e+01   5.1000000e+01   0.0000000e+00   1.5000000e-01
   2.0170000e+03   8.0000000e+00   1.8000000e+01   2.1000000e+01   5.2000000e+01   0.0000000e+00   0.0000000e+00
   2.0170000e+03   8.0000000e+00   1.8000000e+01   2.1000000e+01   5.3000000e+01   0.0000000e+00   4.4999998e-01
   2.0170000e+03   8.0000000e+00   1.8000000e+01   2.1000000e+01   5.4000000e+01   0.0000000e+00   1.5000000e-01
   2.0170000e+03   8.0000000e+00   1.8000000e+01   2.1000000e+01   5.5000000e+01   0.0000000e+00   0.0000000e+00
   2.0170000e+03   8.0000000e+00   1.8000000e+01   2.1000000e+01   5.6000000e+01   0.0000000e+00   0.0000000e+00
   2.0170000e+03   8.0000000e+00   1.8000000e+01   2.1000000e+01   5.7000000e+01   0.0000000e+00   0.0000000e+00
   2.0170000e+03   8.0000000e+00   1.8000000e+01   2.1000000e+01   5.8000000e+01   0.0000000e+00   0.0000000e+00
   2.0170000e+03   8.0000000e+00   1.8000000e+01   2.1000000e+01   5.9000000e+01   0.0000000e+00   4.5000000e-01
   2.0170000e+03   8.0000000e+00   1.8000000e+01   2.2000000e+01   0.0000000e+00   0.0000000e+00   1.4999994e-01
   2.0170000e+03   8.0000000e+00   1.8000000e+01   2.2000000e+01   1.0000000e+00   0.0000000e+00   4.5000002e-01
   2.0170000e+03   8.0000000e+00   1.8000000e+01   2.2000000e+01   2.0000000e+00   0.0000000e+00   1.5000000e-01
   2.0170000e+03   8.0000000e+00   1.8000000e+01   2.2000000e+01   3.0000000e+00   0.0000000e+00   4.5000006e-01
   2.0170000e+03   8.0000000e+00   1.8000000e+01   2.2000000e+01   4.0000000e+00   0.0000000e+00   1.4999998e-01
   2.0170000e+03   8.0000000e+00   1.8000000e+01   2.2000000e+01   5.0000000e+00   0.0000000e+00   0.0000000e+00
   2.0170000e+03   8.0000000e+00   1.8000000e+01   2.2000000e+01   6.0000000e+00   0.0000000e+00   4.4999994e-01
   2.0170000e+03   8.0000000e+00   1.8000000e+01   2.2000000e+01   7.0000000e+00   0.0000000e+00   1.5000000e+00
   2.0170000e+03   8.0000000e+00   1.8000000e+01   2.2000000e+01   8.0000000e+00   0.0000000e+00   1.8000000e+00
   2.0170000e+03   8.0000000e+00   1.8000000e+01   2.2000000e+01   9.0000000e+00   0.0000000e+00   1.3500000e+00
   2.0170000e+03   8.0000000e+00   1.8000000e+01   2.2000000e+01   1.0000000e+01   0.0000000e+00   1.2000000e+00
   2.0170000e+03   8.0000000e+00   1.8000000e+01   2.2000000e+01   1.1000000e+01   0.0000000e+00   1.2000000e+00
   2.0170000e+03   8.0000000e+00   1.8000000e+01   2.2000000e+01   1.2000000e+01   0.0000000e+00   7.5000000e-01
   2.0170000e+03   8.0000000e+00   1.8000000e+01   2.2000000e+01   1.3000000e+01   0.0000000e+00   1.5000000e-01
   2.0170000e+03   8.0000000e+00   1.8000000e+01   2.2000000e+01   1.4000000e+01   0.0000000e+00   4.5000006e-01
   2.0170000e+03   8.0000000e+00   1.8000000e+01   2.2000000e+01   1.5000000e+01   0.0000000e+00   1.4999998e-01
   2.0170000e+03   8.0000000e+00   1.8000000e+01   2.2000000e+01   1.6000000e+01   0.0000000e+00   0.0000000e+00
   2.0170000e+03   8.0000000e+00   1.8000000e+01   2.2000000e+01   1.7000000e+01   0.0000000e+00   4.5000006e-01
   2.0170000e+03   8.0000000e+00   1.8000000e+01   2.2000000e+01   1.8000000e+01   0.0000000e+00   1.4999998e-01
   2.0170000e+03   8.0000000e+00   1.8000000e+01   2.2000000e+01   1.9000000e+01   0.0000000e+00   0.0000000e+00
   2.0170000e+03   8.0000000e+00   1.8000000e+01   2.2000000e+01   2.0000000e+01   0.0000000e+00   0.0000000e+00
   2.0170000e+03   8.0000000e+00   1.8000000e+01   2.2000000e+01   2.1000000e+01   0.0000000e+00   0.0000000e+00
   2.0170000e+03   8.0000000e+00   1.8000000e+01   2.2000000e+01   2.2000000e+01   0.0000000e+00   0.0000000e+00
   2.0170000e+03   8.0000000e+00   1.8000000e+01   2.2000000e+01   2.3000000e+01   0.0000000e+00   4.4999994e-01
   2.0170000e+03   8.0000000e+00   1.8000000e+01   2.2000000e+01   2.4000000e+01   0.0000000e+00   1.5000002e-01
   2.0170000e+03   8.0000000e+00   1.8000000e+01   2.2000000e+01   2.5000000e+01   0.0000000e+00   0.0000000e+00
   2.0170000e+03   8.0000000e+00   1.8000000e+01   2.2000000e+01   2.6000000e+01   0.0000000e+00   0.0000000e+00
   2.0170000e+03   8.0000000e+00   1.8000000e+01   2.2000000e+01   2.7000000e+01   0.0000000e+00   0.0000000e+00
   2.0170000e+03   8.0000000e+00   1.8000000e+01   2.2000000e+01   2.8000000e+01   0.0000000e+00   0.0000000e+00
   2.0170000e+03   8.0000000e+00   1.8000000e+01   2.2000000e+01   2.9000000e+01   0.0000000e+00   0.0000000e+00
   2.0170000e+03   8.0000000e+00   1.8000000e+01   2.2000000e+01   3.0000000e+01   0.0000000e+00   0.0000000e+00
   2.0170000e+03   8.0000000e+00   1.8000000e+01   2.2000000e+01   3.1000000e+01   0.0000000e+00   4.5000006e-01
   2.0170000e+03   8.0000000e+00   1.8000000e+01   2.2000000e+01   3.2000000e+01   0.0000000e+00   1.4999998e-01
   2.0170000e+03   8.0000000e+00   1.8000000e+01   2.2000000e+01   3.3000000e+01   0.0000000e+00   0.0000000e+00
   2.0170000e+03   8.0000000e+00   1.8000000e+01   2.2000000e+01   3.4000000e+01   0.0000000e+00   0.0000000e+00
   2.0170000e+03   8.0000000e+00   1.8000000e+01   2.2000000e+01   3.5000000e+01   0.0000000e+00   4.4999998e-01
   2.0170000e+03   8.0000000e+00   1.8000000e+01   2.2000000e+01   3.6000000e+01   0.0000000e+00   1.5000000e-01
   2.0170000e+03   8.0000000e+00   1.8000000e+01   2.2000000e+01   3.7000000e+01   0.0000000e+00   4.4999994e-01
   2.0170000e+03   8.0000000e+00   1.8000000e+01   2.2000000e+01   3.8000000e+01   0.0000000e+00   1.5000002e-01
   2.0170000e+03   8.0000000e+00   1.8000000e+01   2.2000000e+01   3.9000000e+01   0.0000000e+00   0.0000000e+00
   2.0170000e+03   8.0000000e+00   1.8000000e+01   2.2000000e+01   4.0000000e+01   0.0000000e+00   0.0000000e+00
   2.0170000e+03   8.0000000e+00   1.8000000e+01   2.2000000e+01   4.1000000e+01   0.0000000e+00   4.5000000e-01
   2.0170000e+03   8.0000000e+00   1.8000000e+01   2.2000000e+01   4.2000000e+01   0.0000000e+00   1.5000000e-01
   2.0170000e+03   8.0000000e+00   1.8000000e+01   2.2000000e+01   4.3000000e+01   0.0000000e+00   0.0000000e+00
   2.0170000e+03   8.0000000e+00   1.8000000e+01   2.2000000e+01   4.4000000e+01   0.0000000e+00   0.0000000e+00
   2.0170000e+03   8.0000000e+00   1.8000000e+01   2.2000000e+01   4.5000000e+01   0.0000000e+00   0.0000000e+00
   2.0170000e+03   8.0000000e+00   1.8000000e+01   2.2000000e+01   4.6000000e+01   0.0000000e+00   0.0000000e+00
   2.0170000e+03   8.0000000e+00   1.8000000e+01   2.2000000e+01   4.7000000e+01   0.0000000e+00   0.0000000e+00
   2.0170000e+03   8.0000000e+00   1.8000000e+01   2.2000000e+01   4.8000000e+01   0.0000000e+00   0.0000000e+00
   2.0170000e+03   8.0000000e+00   1.8000000e+01   2.2000000e+01   4.9000000e+01   0.0000000e+00   0.0000000e+00
   2.0170000e+03   8.0000000e+00   1.8000000e+01   2.2000000e+01   5.0000000e+01   0.0000000e+00   4.5000000e-01
   2.0170000e+03   8.0000000e+00   1.8000000e+01   2.2000000e+01   5.1000000e+01   0.0000000e+00   1.5000006e-01
   2.0170000e+03   8.0000000e+00   1.8000000e+01   2.2000000e+01   5.2000000e+01   0.0000000e+00   0.0000000e+00
   2.0170000e+03   8.0000000e+00   1.8000000e+01   2.2000000e+01   5.3000000e+01   0.0000000e+00   0.0000000e+00
   2.0170000e+03   8.0000000e+00   1.8000000e+01   2.2000000e+01   5.4000000e+01   0.0000000e+00   0.0000000e+00
   2.0170000e+03   8.0000000e+00   1.8000000e+01   2.2000000e+01   5.5000000e+01   0.0000000e+00   0.0000000e+00
   2.0170000e+03   8.0000000e+00   1.8000000e+01   2.2000000e+01   5.6000000e+01   0.0000000e+00   0.0000000e+00
   2.0170000e+03   8.0000000e+00   1.8000000e+01   2.2000000e+01   5.7000000e+01   0.0000000e+00   4.5000000e-01
   2.0170000e+03   8.0000000e+00   1.8000000e+01   2.2000000e+01   5.8000000e+01   0.0000000e+00   1.5000000e-01
   2.0170000e+03   8.0000000e+00   1.8000000e+01   2.2000000e+01   5.9000000e+01   0.0000000e+00   0.0000000e+00
   2.0170000e+03   8.0000000e+00   1.8000000e+01   2.3000000e+01   0.0000000e+00   0.0000000e+00   0.0000000e+00
   2.0170000e+03   8.0000000e+00   1.8000000e+01   2.3000000e+01   1.0000000e+00   0.0000000e+00   4.5000000e-01
   2.0170000e+03   8.0000000e+00   1.8000000e+01   2.3000000e+01   2.0000000e+00   0.0000000e+00   1.4999994e-01
   2.0170000e+03   8.0000000e+00   1.8000000e+01   2.3000000e+01   3.0000000e+00   0.0000000e+00   0.0000000e+00
   2.0170000e+03   8.0000000e+00   1.8000000e+01   2.3000000e+01   4.0000000e+00   0.0000000e+00   0.0000000e+00
   2.0170000e+03   8.0000000e+00   1.8000000e+01   2.3000000e+01   5.0000000e+00   0.0000000e+00   0.0000000e+00
   2.0170000e+03   8.0000000e+00   1.8000000e+01   2.3000000e+01   6.0000000e+00   0.0000000e+00   4.4999998e-01
   2.0170000e+03   8.0000000e+00   1.8000000e+01   2.3000000e+01   7.0000000e+00   0.0000000e+00   1.5000000e-01
   2.0170000e+03   8.0000000e+00   1.8000000e+01   2.3000000e+01   8.0000000e+00   0.0000000e+00   0.0000000e+00
   2.0170000e+03   8.0000000e+00   1.8000000e+01   2.3000000e+01   9.0000000e+00   0.0000000e+00   0.0000000e+00
   2.0170000e+03   8.0000000e+00   1.8000000e+01   2.3000000e+01   1.0000000e+01   0.0000000e+00   0.0000000e+00
   2.0170000e+03   8.0000000e+00   1.8000000e+01   2.3000000e+01   1.1000000e+01   0.0000000e+00   4.5000000e-01
   2.0170000e+03   8.0000000e+00   1.8000000e+01   2.3000000e+01   1.2000000e+01   0.0000000e+00   1.5000000e-01
   2.0170000e+03   8.0000000e+00   1.8000000e+01   2.3000000e+01   1.3000000e+01   0.0000000e+00   0.0000000e+00
   2.0170000e+03   8.0000000e+00   1.8000000e+01   2.3000000e+01   1.4000000e+01   0.0000000e+00   0.0000000e+00
   2.0170000e+03   8.0000000e+00   1.8000000e+01   2.3000000e+01   1.5000000e+01   0.0000000e+00   4.5000000e-01
   2.0170000e+03   8.0000000e+00   1.8000000e+01   2.3000000e+01   1.6000000e+01   0.0000000e+00   1.4999994e-01
   2.0170000e+03   8.0000000e+00   1.8000000e+01   2.3000000e+01   1.7000000e+01   0.0000000e+00   4.5000002e-01
   2.0170000e+03   8.0000000e+00   1.8000000e+01   2.3000000e+01   1.8000000e+01   0.0000000e+00   1.5000000e-01
   2.0170000e+03   8.0000000e+00   1.8000000e+01   2.3000000e+01   1.9000000e+01   0.0000000e+00   4.4999994e-01
   2.0170000e+03   8.0000000e+00   1.8000000e+01   2.3000000e+01   2.0000000e+01   0.0000000e+00   1.5000002e-01
   2.0170000e+03   8.0000000e+00   1.8000000e+01   2.3000000e+01   2.1000000e+01   0.0000000e+00   0.0000000e+00
   2.0170000e+03   8.0000000e+00   1.8000000e+01   2.3000000e+01   2.2000000e+01   0.0000000e+00   0.0000000e+00
   2.0170000e+03   8.0000000e+00   1.8000000e+01   2.3000000e+01   2.3000000e+01   0.0000000e+00   0.0000000e+00
   2.0170000e+03   8.0000000e+00   1.8000000e+01   2.3000000e+01   2.4000000e+01   0.0000000e+00   0.0000000e+00
   2.0170000e+03   8.0000000e+00   1.8000000e+01   2.3000000e+01   2.5000000e+01   0.0000000e+00   4.5000000e-01
   2.0170000e+03   8.0000000e+00   1.8000000e+01   2.3000000e+01   2.6000000e+01   0.0000000e+00   1.5000000e-01
   2.0170000e+03   8.0000000e+00   1.8000000e+01   2.3000000e+01   2.7000000e+01   0.0000000e+00   0.0000000e+00
   2.0170000e+03   8.0000000e+00   1.8000000e+01   2.3000000e+01   2.8000000e+01   0.0000000e+00   0.0000000e+00
   2.0170000e+03   8.0000000e+00   1.8000000e+01   2.3000000e+01   2.9000000e+01   0.0000000e+00   0.0000000e+00
   2.0170000e+03   8.0000000e+00   1.8000000e+01   2.3000000e+01   3.0000000e+01   0.0000000e+00   0.0000000e+00
   2.0170000e+03   8.0000000e+00   1.8000000e+01   2.3000000e+01   3.1000000e+01   0.0000000e+00   0.0000000e+00
   2.0170000e+03   8.0000000e+00   1.8000000e+01   2.3000000e+01   3.2000000e+01   0.0000000e+00   0.0000000e+00
   2.0170000e+03   8.0000000e+00   1.8000000e+01   2.3000000e+01   3.3000000e+01   0.0000000e+00   0.0000000e+00
   2.0170000e+03   8.0000000e+00   1.8000000e+01   2.3000000e+01   3.4000000e+01   0.0000000e+00   0.0000000e+00
   2.0170000e+03   8.0000000e+00   1.8000000e+01   2.3000000e+01   3.5000000e+01   0.0000000e+00   0.0000000e+00
   2.0170000e+03   8.0000000e+00   1.8000000e+01   2.3000000e+01   3.6000000e+01   0.0000000e+00   0.0000000e+00
   2.0170000e+03   8.0000000e+00   1.8000000e+01   2.3000000e+01   3.7000000e+01   0.0000000e+00   0.0000000e+00
   2.0170000e+03   8.0000000e+00   1.8000000e+01   2.3000000e+01   3.8000000e+01   0.0000000e+00   4.5000000e-01
   2.0170000e+03   8.0000000e+00   1.8000000e+01   2.3000000e+01   3.9000000e+01   0.0000000e+00   1.5000000e-01
   2.0170000e+03   8.0000000e+00   1.8000000e+01   2.3000000e+01   4.0000000e+01   0.0000000e+00   0.0000000e+00
   2.0170000e+03   8.0000000e+00   1.8000000e+01   2.3000000e+01   4.1000000e+01   0.0000000e+00   0.0000000e+00
   2.0170000e+03   8.0000000e+00   1.8000000e+01   2.3000000e+01   4.2000000e+01   0.0000000e+00   0.0000000e+00
   2.0170000e+03   8.0000000e+00   1.8000000e+01   2.3000000e+01   4.3000000e+01   0.0000000e+00   0.0000000e+00
   2.0170000e+03   8.0000000e+00   1.8000000e+01   2.3000000e+01   4.4000000e+01   0.0000000e+00   0.0000000e+00
   2.0170000e+03   8.0000000e+00   1.8000000e+01   2.3000000e+01   4.5000000e+01   0.0000000e+00   0.0000000e+00
   2.0170000e+03   8.0000000e+00   1.8000000e+01   2.3000000e+01   4.6000000e+01   0.0000000e+00   0.0000000e+00
   2.0170000e+03   8.0000000e+00   1.8000000e+01   2.3000000e+01   4.7000000e+01   0.0000000e+00   0.0000000e+00
   2.0170000e+03   8.0000000e+00   1.8000000e+01   2.3000000e+01   4.8000000e+01   0.0000000e+00   0.0000000e+00
   2.0170000e+03   8.0000000e+00   1.8000000e+01   2.3000000e+01   4.9000000e+01   0.0000000e+00   0.0000000e+00
   2.0170000e+03   8.0000000e+00   1.8000000e+01   2.3000000e+01   5.0000000e+01   0.0000000e+00   0.0000000e+00
   2.0170000e+03   8.0000000e+00   1.8000000e+01   2.3000000e+01   5.1000000e+01   0.0000000e+00   0.0000000e+00
   2.0170000e+03   8.0000000e+00   1.8000000e+01   2.3000000e+01   5.2000000e+01   0.0000000e+00   0.0000000e+00
   2.0170000e+03   8.0000000e+00   1.8000000e+01   2.3000000e+01   5.3000000e+01   0.0000000e+00   4.4999994e-01
   2.0170000e+03   8.0000000e+00   1.8000000e+01   2.3000000e+01   5.4000000e+01   0.0000000e+00   6.0000000e-01
   2.0170000e+03   8.0000000e+00   1.8000000e+01   2.3000000e+01   5.5000000e+01   0.0000000e+00   6.0000000e-01
   2.0170000e+03   8.0000000e+00   1.8000000e+01   2.3000000e+01   5.6000000e+01   0.0000000e+00   6.0000000e-01
   2.0170000e+03   8.0000000e+00   1.8000000e+01   2.3000000e+01   5.7000000e+01   0.0000000e+00   6.0000000e-01
   2.0170000e+03   8.0000000e+00   1.8000000e+01   2.3000000e+01   5.8000000e+01   0.0000000e+00   1.5000000e-01
   2.0170000e+03   8.0000000e+00   1.8000000e+01   2.3000000e+01   5.9000000e+01   0.0000000e+00   4.5000000e-01
   2.0170000e+03   8.0000000e+00   1.9000000e+01   0.0000000e+00   0.0000000e+00   0.0000000e+00   1.5000000e-01
   2.0170000e+03   8.0000000e+00   1.9000000e+01   0.0000000e+00   1.0000000e+00   0.0000000e+00   1.3500002e+00
   2.0170000e+03   8.0000000e+00   1.9000000e+01   0.0000000e+00   2.0000000e+00   0.0000000e+00   2.7000000e+00
   2.0170000e+03   8.0000000e+00   1.9000000e+01   0.0000000e+00   3.0000000e+00   0.0000000e+00   3.0000000e+00
   2.0170000e+03   8.0000000e+00   1.9000000e+01   0.0000000e+00   4.0000000e+00   0.0000000e+00   3.0000000e+00
   2.0170000e+03   8.0000000e+00   1.9000000e+01   0.0000000e+00   5.0000000e+00   0.0000000e+00   3.4500000e+00
   2.0170000e+03   8.0000000e+00   1.9000000e+01   0.0000000e+00   6.0000000e+00   0.0000000e+00   2.7000000e+00
   2.0170000e+03   8.0000000e+00   1.9000000e+01   0.0000000e+00   7.0000000e+00   0.0000000e+00   1.9500001e+00
   2.0170000e+03   8.0000000e+00   1.9000000e+01   0.0000000e+00   8.0000000e+00   0.0000000e+00   1.8000000e+00
   2.0170000e+03   8.0000000e+00   1.9000000e+01   0.0000000e+00   9.0000000e+00   0.0000000e+00   2.2500000e+00
   2.0170000e+03   8.0000000e+00   1.9000000e+01   0.0000000e+00   1.0000000e+01   0.0000000e+00   1.5000000e+00
   2.0170000e+03   8.0000000e+00   1.9000000e+01   0.0000000e+00   1.1000000e+01   0.0000000e+00   1.2000000e+00
   2.0170000e+03   8.0000000e+00   1.9000000e+01   0.0000000e+00   1.2000000e+01   0.0000000e+00   7.5000000e-01
   2.0170000e+03   8.0000000e+00   1.9000000e+01   0.0000000e+00   1.3000000e+01   0.0000000e+00   6.0000000e-01
   2.0170000e+03   8.0000000e+00   1.9000000e+01   0.0000000e+00   1.4000000e+01   0.0000000e+00   1.9500000e+00
   2.0170000e+03   8.0000000e+00   1.9000000e+01   0.0000000e+00   1.5000000e+01   0.0000000e+00   5.1000003e+00
   2.0170000e+03   8.0000000e+00   1.9000000e+01   0.0000000e+00   1.6000000e+01   0.0000000e+00   1.5450000e+01
   2.0170000e+03   8.0000000e+00   1.9000000e+01   0.0000000e+00   1.7000000e+01   0.0000000e+00   2.4900000e+01
   2.0170000e+03   8.0000000e+00   1.9000000e+01   0.0000000e+00   1.8000000e+01   0.0000000e+00   1.9349999e+01
   2.0170000e+03   8.0000000e+00   1.9000000e+01   0.0000000e+00   1.9000000e+01   0.0000000e+00   1.0500000e+01
   2.0170000e+03   8.0000000e+00   1.9000000e+01   0.0000000e+00   2.0000000e+01   0.0000000e+00   5.2500000e+00
   2.0170000e+03   8.0000000e+00   1.9000000e+01   0.0000000e+00   2.1000000e+01   0.0000000e+00   3.3000001e+00
   2.0170000e+03   8.0000000e+00   1.9000000e+01   0.0000000e+00   2.2000000e+01   0.0000000e+00   3.0000000e+00
   2.0170000e+03   8.0000000e+00   1.9000000e+01   0.0000000e+00   2.3000000e+01   0.0000000e+00   4.3500000e+00
   2.0170000e+03   8.0000000e+00   1.9000000e+01   0.0000000e+00   2.4000000e+01   0.0000000e+00   5.2500000e+00
   2.0170000e+03   8.0000000e+00   1.9000000e+01   0.0000000e+00   2.5000000e+01   0.0000000e+00   4.5000000e+00
   2.0170000e+03   8.0000000e+00   1.9000000e+01   0.0000000e+00   2.6000000e+01   0.0000000e+00   2.4000000e+00
   2.0170000e+03   8.0000000e+00   1.9000000e+01   0.0000000e+00   2.7000000e+01   0.0000000e+00   1.8000000e+00
   2.0170000e+03   8.0000000e+00   1.9000000e+01   0.0000000e+00   2.8000000e+01   0.0000000e+00   1.8000000e+00
   2.0170000e+03   8.0000000e+00   1.9000000e+01   0.0000000e+00   2.9000000e+01   0.0000000e+00   4.9500004e+00
   2.0170000e+03   8.0000000e+00   1.9000000e+01   0.0000000e+00   3.0000000e+01   0.0000000e+00   1.1400000e+01
   2.0170000e+03   8.0000000e+00   1.9000000e+01   0.0000000e+00   3.1000000e+01   0.0000000e+00   1.7700000e+01
   2.0170000e+03   8.0000000e+00   1.9000000e+01   0.0000000e+00   3.2000000e+01   0.0000000e+00   1.4249999e+01
   2.0170000e+03   8.0000000e+00   1.9000000e+01   0.0000000e+00   3.3000000e+01   0.0000000e+00   1.2600000e+01
   2.0170000e+03   8.0000000e+00   1.9000000e+01   0.0000000e+00   3.4000000e+01   0.0000000e+00   8.5500000e+00
   2.0170000e+03   8.0000000e+00   1.9000000e+01   0.0000000e+00   3.5000000e+01   0.0000000e+00   6.3000001e+00
   2.0170000e+03   8.0000000e+00   1.9000000e+01   0.0000000e+00   3.6000000e+01   0.0000000e+00   7.7999999e+00
   2.0170000e+03   8.0000000e+00   1.9000000e+01   0.0000000e+00   3.7000000e+01   0.0000000e+00   8.8500000e+00
   2.0170000e+03   8.0000000e+00   1.9000000e+01   0.0000000e+00   3.8000000e+01   0.0000000e+00   9.4499999e+00
   2.0170000e+03   8.0000000e+00   1.9000000e+01   0.0000000e+00   3.9000000e+01   0.0000000e+00   6.0000002e+00
   2.0170000e+03   8.0000000e+00   1.9000000e+01   0.0000000e+00   4.0000000e+01   0.0000000e+00   4.3500000e+00
   2.0170000e+03   8.0000000e+00   1.9000000e+01   0.0000000e+00   4.1000000e+01   0.0000000e+00   4.2000000e+00
   2.0170000e+03   8.0000000e+00   1.9000000e+01   0.0000000e+00   4.2000000e+01   0.0000000e+00   2.8500000e+00
   2.0170000e+03   8.0000000e+00   1.9000000e+01   0.0000000e+00   4.3000000e+01   0.0000000e+00   1.5000000e+00
   2.0170000e+03   8.0000000e+00   1.9000000e+01   0.0000000e+00   4.4000000e+01   0.0000000e+00   7.5000000e-01
   2.0170000e+03   8.0000000e+00   1.9000000e+01   0.0000000e+00   4.5000000e+01   0.0000000e+00   6.0000000e-01
   2.0170000e+03   8.0000000e+00   1.9000000e+01   0.0000000e+00   4.6000000e+01   0.0000000e+00   6.0000000e-01
   2.0170000e+03   8.0000000e+00   1.9000000e+01   0.0000000e+00   4.7000000e+01   0.0000000e+00   1.4999998e-01
   2.0170000e+03   8.0000000e+00   1.9000000e+01   0.0000000e+00   4.8000000e+01   0.0000000e+00   0.0000000e+00
   2.0170000e+03   8.0000000e+00   1.9000000e+01   0.0000000e+00   4.9000000e+01   0.0000000e+00   0.0000000e+00
   2.0170000e+03   8.0000000e+00   1.9000000e+01   0.0000000e+00   5.0000000e+01   0.0000000e+00   4.4999998e-01
   2.0170000e+03   8.0000000e+00   1.9000000e+01   0.0000000e+00   5.1000000e+01   0.0000000e+00   1.5000000e-01
   2.0170000e+03   8.0000000e+00   1.9000000e+01   0.0000000e+00   5.2000000e+01   0.0000000e+00   0.0000000e+00
   2.0170000e+03   8.0000000e+00   1.9000000e+01   0.0000000e+00   5.3000000e+01   0.0000000e+00   0.0000000e+00
   2.0170000e+03   8.0000000e+00   1.9000000e+01   0.0000000e+00   5.4000000e+01   0.0000000e+00   0.0000000e+00
   2.0170000e+03   8.0000000e+00   1.9000000e+01   0.0000000e+00   5.5000000e+01   0.0000000e+00   0.0000000e+00
   2.0170000e+03   8.0000000e+00   1.9000000e+01   0.0000000e+00   5.6000000e+01   0.0000000e+00   0.0000000e+00
   2.0170000e+03   8.0000000e+00   1.9000000e+01   0.0000000e+00   5.7000000e+01   0.0000000e+00   0.0000000e+00
   2.0170000e+03   8.0000000e+00   1.9000000e+01   0.0000000e+00   5.8000000e+01   0.0000000e+00   0.0000000e+00
   2.0170000e+03   8.0000000e+00   1.9000000e+01   0.0000000e+00   5.9000000e+01   0.0000000e+00   0.0000000e+00
   2.0170000e+03   8.0000000e+00   1.9000000e+01   1.0000000e+00   0.0000000e+00   0.0000000e+00   0.0000000e+00
   2.0170000e+03   8.0000000e+00   1.9000000e+01   1.0000000e+00   1.0000000e+00   0.0000000e+00   0.0000000e+00
   2.0170000e+03   8.0000000e+00   1.9000000e+01   1.0000000e+00   2.0000000e+00   0.0000000e+00   0.0000000e+00
   2.0170000e+03   8.0000000e+00   1.9000000e+01   1.0000000e+00   3.0000000e+00   0.0000000e+00   4.5000006e-01
   2.0170000e+03   8.0000000e+00   1.9000000e+01   1.0000000e+00   4.0000000e+00   0.0000000e+00   1.4999998e-01
   2.0170000e+03   8.0000000e+00   1.9000000e+01   1.0000000e+00   5.0000000e+00   0.0000000e+00   0.0000000e+00
   2.0170000e+03   8.0000000e+00   1.9000000e+01   1.0000000e+00   6.0000000e+00   0.0000000e+00   0.0000000e+00
   2.0170000e+03   8.0000000e+00   1.9000000e+01   1.0000000e+00   7.0000000e+00   0.0000000e+00   0.0000000e+00
   2.0170000e+03   8.0000000e+00   1.9000000e+01   1.0000000e+00   8.0000000e+00   0.0000000e+00   0.0000000e+00
   2.0170000e+03   8.0000000e+00   1.9000000e+01   1.0000000e+00   9.0000000e+00   0.0000000e+00   0.0000000e+00
   2.0170000e+03   8.0000000e+00   1.9000000e+01   1.0000000e+00   1.0000000e+01   0.0000000e+00   0.0000000e+00
   2.0170000e+03   8.0000000e+00   1.9000000e+01   1.0000000e+00   1.1000000e+01   0.0000000e+00   0.0000000e+00
   2.0170000e+03   8.0000000e+00   1.9000000e+01   1.0000000e+00   1.2000000e+01   0.0000000e+00   0.0000000e+00
   2.0170000e+03   8.0000000e+00   1.9000000e+01   1.0000000e+00   1.3000000e+01   0.0000000e+00   0.0000000e+00
   2.0170000e+03   8.0000000e+00   1.9000000e+01   1.0000000e+00   1.4000000e+01   0.0000000e+00   0.0000000e+00
   2.0170000e+03   8.0000000e+00   1.9000000e+01   1.0000000e+00   1.5000000e+01   0.0000000e+00   0.0000000e+00
   2.0170000e+03   8.0000000e+00   1.9000000e+01   1.0000000e+00   1.6000000e+01   0.0000000e+00   0.0000000e+00
   2.0170000e+03   8.0000000e+00   1.9000000e+01   1.0000000e+00   1.7000000e+01   0.0000000e+00   0.0000000e+00
   2.0170000e+03   8.0000000e+00   1.9000000e+01   1.0000000e+00   1.8000000e+01   0.0000000e+00   0.0000000e+00
   2.0170000e+03   8.0000000e+00   1.9000000e+01   1.0000000e+00   1.9000000e+01   0.0000000e+00   0.0000000e+00
   2.0170000e+03   8.0000000e+00   1.9000000e+01   1.0000000e+00   2.0000000e+01   0.0000000e+00   0.0000000e+00
   2.0170000e+03   8.0000000e+00   1.9000000e+01   1.0000000e+00   2.1000000e+01   0.0000000e+00   0.0000000e+00
   2.0170000e+03   8.0000000e+00   1.9000000e+01   1.0000000e+00   2.2000000e+01   0.0000000e+00   4.5000000e-01
   2.0170000e+03   8.0000000e+00   1.9000000e+01   1.0000000e+00   2.3000000e+01   0.0000000e+00   1.5000006e-01
   2.0170000e+03   8.0000000e+00   1.9000000e+01   1.0000000e+00   2.4000000e+01   0.0000000e+00   0.0000000e+00
   2.0170000e+03   8.0000000e+00   1.9000000e+01   1.0000000e+00   2.5000000e+01   0.0000000e+00   0.0000000e+00
   2.0170000e+03   8.0000000e+00   1.9000000e+01   1.0000000e+00   2.6000000e+01   0.0000000e+00   0.0000000e+00
   2.0170000e+03   8.0000000e+00   1.9000000e+01   1.0000000e+00   2.7000000e+01   0.0000000e+00   0.0000000e+00
   2.0170000e+03   8.0000000e+00   1.9000000e+01   1.0000000e+00   2.8000000e+01   0.0000000e+00   0.0000000e+00
   2.0170000e+03   8.0000000e+00   1.9000000e+01   1.0000000e+00   2.9000000e+01   0.0000000e+00   0.0000000e+00
   2.0170000e+03   8.0000000e+00   1.9000000e+01   1.0000000e+00   3.0000000e+01   0.0000000e+00   0.0000000e+00
   2.0170000e+03   8.0000000e+00   1.9000000e+01   1.0000000e+00   3.1000000e+01   0.0000000e+00   0.0000000e+00
   2.0170000e+03   8.0000000e+00   1.9000000e+01   1.0000000e+00   3.2000000e+01   0.0000000e+00   0.0000000e+00
   2.0170000e+03   8.0000000e+00   1.9000000e+01   1.0000000e+00   3.3000000e+01   0.0000000e+00   0.0000000e+00
   2.0170000e+03   8.0000000e+00   1.9000000e+01   1.0000000e+00   3.4000000e+01   0.0000000e+00   0.0000000e+00
   2.0170000e+03   8.0000000e+00   1.9000000e+01   1.0000000e+00   3.5000000e+01   0.0000000e+00   0.0000000e+00
   2.0170000e+03   8.0000000e+00   1.9000000e+01   1.0000000e+00   3.6000000e+01   0.0000000e+00   0.0000000e+00
   2.0170000e+03   8.0000000e+00   1.9000000e+01   1.0000000e+00   3.7000000e+01   0.0000000e+00   0.0000000e+00
   2.0170000e+03   8.0000000e+00   1.9000000e+01   1.0000000e+00   3.8000000e+01   0.0000000e+00   0.0000000e+00
   2.0170000e+03   8.0000000e+00   1.9000000e+01   1.0000000e+00   3.9000000e+01   0.0000000e+00   0.0000000e+00
   2.0170000e+03   8.0000000e+00   1.9000000e+01   1.0000000e+00   4.0000000e+01   0.0000000e+00   0.0000000e+00
   2.0170000e+03   8.0000000e+00   1.9000000e+01   1.0000000e+00   4.1000000e+01   0.0000000e+00   0.0000000e+00
   2.0170000e+03   8.0000000e+00   1.9000000e+01   1.0000000e+00   4.2000000e+01   0.0000000e+00   0.0000000e+00
   2.0170000e+03   8.0000000e+00   1.9000000e+01   1.0000000e+00   4.3000000e+01   0.0000000e+00   0.0000000e+00
   2.0170000e+03   8.0000000e+00   1.9000000e+01   1.0000000e+00   4.4000000e+01   0.0000000e+00   0.0000000e+00
   2.0170000e+03   8.0000000e+00   1.9000000e+01   1.0000000e+00   4.5000000e+01   0.0000000e+00   0.0000000e+00
   2.0170000e+03   8.0000000e+00   1.9000000e+01   1.0000000e+00   4.6000000e+01   0.0000000e+00   0.0000000e+00
   2.0170000e+03   8.0000000e+00   1.9000000e+01   1.0000000e+00   4.7000000e+01   0.0000000e+00   0.0000000e+00
   2.0170000e+03   8.0000000e+00   1.9000000e+01   1.0000000e+00   4.8000000e+01   0.0000000e+00   0.0000000e+00
   2.0170000e+03   8.0000000e+00   1.9000000e+01   1.0000000e+00   4.9000000e+01   0.0000000e+00   0.0000000e+00
   2.0170000e+03   8.0000000e+00   1.9000000e+01   1.0000000e+00   5.0000000e+01   0.0000000e+00   0.0000000e+00
   2.0170000e+03   8.0000000e+00   1.9000000e+01   1.0000000e+00   5.1000000e+01   0.0000000e+00   0.0000000e+00
   2.0170000e+03   8.0000000e+00   1.9000000e+01   1.0000000e+00   5.2000000e+01   0.0000000e+00   0.0000000e+00
   2.0170000e+03   8.0000000e+00   1.9000000e+01   1.0000000e+00   5.3000000e+01   0.0000000e+00   0.0000000e+00
   2.0170000e+03   8.0000000e+00   1.9000000e+01   1.0000000e+00   5.4000000e+01   0.0000000e+00   0.0000000e+00
   2.0170000e+03   8.0000000e+00   1.9000000e+01   1.0000000e+00   5.5000000e+01   0.0000000e+00   0.0000000e+00
   2.0170000e+03   8.0000000e+00   1.9000000e+01   1.0000000e+00   5.6000000e+01   0.0000000e+00   0.0000000e+00
   2.0170000e+03   8.0000000e+00   1.9000000e+01   1.0000000e+00   5.7000000e+01   0.0000000e+00   0.0000000e+00
   2.0170000e+03   8.0000000e+00   1.9000000e+01   1.0000000e+00   5.8000000e+01   0.0000000e+00   0.0000000e+00
   2.0170000e+03   8.0000000e+00   1.9000000e+01   1.0000000e+00   5.9000000e+01   0.0000000e+00   0.0000000e+00
   2.0170000e+03   8.0000000e+00   1.9000000e+01   2.0000000e+00   0.0000000e+00   0.0000000e+00   0.0000000e+00
   2.0170000e+03   8.0000000e+00   1.9000000e+01   2.0000000e+00   1.0000000e+00   0.0000000e+00   0.0000000e+00
   2.0170000e+03   8.0000000e+00   1.9000000e+01   2.0000000e+00   2.0000000e+00   0.0000000e+00   0.0000000e+00
   2.0170000e+03   8.0000000e+00   1.9000000e+01   2.0000000e+00   3.0000000e+00   0.0000000e+00   0.0000000e+00
   2.0170000e+03   8.0000000e+00   1.9000000e+01   2.0000000e+00   4.0000000e+00   0.0000000e+00   0.0000000e+00
   2.0170000e+03   8.0000000e+00   1.9000000e+01   2.0000000e+00   5.0000000e+00   0.0000000e+00   0.0000000e+00
   2.0170000e+03   8.0000000e+00   1.9000000e+01   2.0000000e+00   6.0000000e+00   0.0000000e+00   0.0000000e+00
   2.0170000e+03   8.0000000e+00   1.9000000e+01   2.0000000e+00   7.0000000e+00   0.0000000e+00   0.0000000e+00
   2.0170000e+03   8.0000000e+00   1.9000000e+01   2.0000000e+00   8.0000000e+00   0.0000000e+00   0.0000000e+00
   2.0170000e+03   8.0000000e+00   1.9000000e+01   2.0000000e+00   9.0000000e+00   0.0000000e+00   0.0000000e+00
   2.0170000e+03   8.0000000e+00   1.9000000e+01   2.0000000e+00   1.0000000e+01   0.0000000e+00   0.0000000e+00
   2.0170000e+03   8.0000000e+00   1.9000000e+01   2.0000000e+00   1.1000000e+01   0.0000000e+00   0.0000000e+00
   2.0170000e+03   8.0000000e+00   1.9000000e+01   2.0000000e+00   1.2000000e+01   0.0000000e+00   0.0000000e+00
   2.0170000e+03   8.0000000e+00   1.9000000e+01   2.0000000e+00   1.3000000e+01   0.0000000e+00   0.0000000e+00
   2.0170000e+03   8.0000000e+00   1.9000000e+01   2.0000000e+00   1.4000000e+01   0.0000000e+00   0.0000000e+00
   2.0170000e+03   8.0000000e+00   1.9000000e+01   2.0000000e+00   1.5000000e+01   0.0000000e+00   0.0000000e+00
   2.0170000e+03   8.0000000e+00   1.9000000e+01   2.0000000e+00   1.6000000e+01   0.0000000e+00   0.0000000e+00
   2.0170000e+03   8.0000000e+00   1.9000000e+01   2.0000000e+00   1.7000000e+01   0.0000000e+00   0.0000000e+00
   2.0170000e+03   8.0000000e+00   1.9000000e+01   2.0000000e+00   1.8000000e+01   0.0000000e+00   0.0000000e+00
   2.0170000e+03   8.0000000e+00   1.9000000e+01   2.0000000e+00   1.9000000e+01   0.0000000e+00   0.0000000e+00
   2.0170000e+03   8.0000000e+00   1.9000000e+01   2.0000000e+00   2.0000000e+01   0.0000000e+00   0.0000000e+00
   2.0170000e+03   8.0000000e+00   1.9000000e+01   2.0000000e+00   2.1000000e+01   0.0000000e+00   0.0000000e+00
   2.0170000e+03   8.0000000e+00   1.9000000e+01   2.0000000e+00   2.2000000e+01   0.0000000e+00   0.0000000e+00
   2.0170000e+03   8.0000000e+00   1.9000000e+01   2.0000000e+00   2.3000000e+01   0.0000000e+00   0.0000000e+00
   2.0170000e+03   8.0000000e+00   1.9000000e+01   2.0000000e+00   2.4000000e+01   0.0000000e+00   0.0000000e+00
   2.0170000e+03   8.0000000e+00   1.9000000e+01   2.0000000e+00   2.5000000e+01   0.0000000e+00   0.0000000e+00
   2.0170000e+03   8.0000000e+00   1.9000000e+01   2.0000000e+00   2.6000000e+01   0.0000000e+00   0.0000000e+00
   2.0170000e+03   8.0000000e+00   1.9000000e+01   2.0000000e+00   2.7000000e+01   0.0000000e+00   0.0000000e+00
   2.0170000e+03   8.0000000e+00   1.9000000e+01   2.0000000e+00   2.8000000e+01   0.0000000e+00   0.0000000e+00
   2.0170000e+03   8.0000000e+00   1.9000000e+01   2.0000000e+00   2.9000000e+01   0.0000000e+00   0.0000000e+00
   2.0170000e+03   8.0000000e+00   1.9000000e+01   2.0000000e+00   3.0000000e+01   0.0000000e+00   0.0000000e+00
   2.0170000e+03   8.0000000e+00   1.9000000e+01   2.0000000e+00   3.1000000e+01   0.0000000e+00   0.0000000e+00
   2.0170000e+03   8.0000000e+00   1.9000000e+01   2.0000000e+00   3.2000000e+01   0.0000000e+00   0.0000000e+00
   2.0170000e+03   8.0000000e+00   1.9000000e+01   2.0000000e+00   3.3000000e+01   0.0000000e+00   0.0000000e+00
   2.0170000e+03   8.0000000e+00   1.9000000e+01   2.0000000e+00   3.4000000e+01   0.0000000e+00   0.0000000e+00
   2.0170000e+03   8.0000000e+00   1.9000000e+01   2.0000000e+00   3.5000000e+01   0.0000000e+00   0.0000000e+00
   2.0170000e+03   8.0000000e+00   1.9000000e+01   2.0000000e+00   3.6000000e+01   0.0000000e+00   0.0000000e+00
   2.0170000e+03   8.0000000e+00   1.9000000e+01   2.0000000e+00   3.7000000e+01   0.0000000e+00   0.0000000e+00
   2.0170000e+03   8.0000000e+00   1.9000000e+01   2.0000000e+00   3.8000000e+01   0.0000000e+00   0.0000000e+00
   2.0170000e+03   8.0000000e+00   1.9000000e+01   2.0000000e+00   3.9000000e+01   0.0000000e+00   0.0000000e+00
   2.0170000e+03   8.0000000e+00   1.9000000e+01   2.0000000e+00   4.0000000e+01   0.0000000e+00   0.0000000e+00
   2.0170000e+03   8.0000000e+00   1.9000000e+01   2.0000000e+00   4.1000000e+01   0.0000000e+00   0.0000000e+00
   2.0170000e+03   8.0000000e+00   1.9000000e+01   2.0000000e+00   4.2000000e+01   0.0000000e+00   0.0000000e+00
   2.0170000e+03   8.0000000e+00   1.9000000e+01   2.0000000e+00   4.3000000e+01   0.0000000e+00   0.0000000e+00
   2.0170000e+03   8.0000000e+00   1.9000000e+01   2.0000000e+00   4.4000000e+01   0.0000000e+00   0.0000000e+00
   2.0170000e+03   8.0000000e+00   1.9000000e+01   2.0000000e+00   4.5000000e+01   0.0000000e+00   0.0000000e+00
   2.0170000e+03   8.0000000e+00   1.9000000e+01   2.0000000e+00   4.6000000e+01   0.0000000e+00   0.0000000e+00
   2.0170000e+03   8.0000000e+00   1.9000000e+01   2.0000000e+00   4.7000000e+01   0.0000000e+00   0.0000000e+00
   2.0170000e+03   8.0000000e+00   1.9000000e+01   2.0000000e+00   4.8000000e+01   0.0000000e+00   0.0000000e+00
   2.0170000e+03   8.0000000e+00   1.9000000e+01   2.0000000e+00   4.9000000e+01   0.0000000e+00   0.0000000e+00
   2.0170000e+03   8.0000000e+00   1.9000000e+01   2.0000000e+00   5.0000000e+01   0.0000000e+00   0.0000000e+00
   2.0170000e+03   8.0000000e+00   1.9000000e+01   2.0000000e+00   5.1000000e+01   0.0000000e+00   0.0000000e+00
   2.0170000e+03   8.0000000e+00   1.9000000e+01   2.0000000e+00   5.2000000e+01   0.0000000e+00   0.0000000e+00
   2.0170000e+03   8.0000000e+00   1.9000000e+01   2.0000000e+00   5.3000000e+01   0.0000000e+00   0.0000000e+00
   2.0170000e+03   8.0000000e+00   1.9000000e+01   2.0000000e+00   5.4000000e+01   0.0000000e+00   0.0000000e+00
   2.0170000e+03   8.0000000e+00   1.9000000e+01   2.0000000e+00   5.5000000e+01   0.0000000e+00   0.0000000e+00
   2.0170000e+03   8.0000000e+00   1.9000000e+01   2.0000000e+00   5.6000000e+01   0.0000000e+00   0.0000000e+00
   2.0170000e+03   8.0000000e+00   1.9000000e+01   2.0000000e+00   5.7000000e+01   0.0000000e+00   0.0000000e+00
   2.0170000e+03   8.0000000e+00   1.9000000e+01   2.0000000e+00   5.8000000e+01   0.0000000e+00   0.0000000e+00
   2.0170000e+03   8.0000000e+00   1.9000000e+01   2.0000000e+00   5.9000000e+01   0.0000000e+00   0.0000000e+00
   2.0170000e+03   8.0000000e+00   1.9000000e+01   3.0000000e+00   0.0000000e+00   0.0000000e+00   0.0000000e+00
   2.0170000e+03   8.0000000e+00   1.9000000e+01   3.0000000e+00   1.0000000e+00   0.0000000e+00   0.0000000e+00
   2.0170000e+03   8.0000000e+00   1.9000000e+01   3.0000000e+00   2.0000000e+00   0.0000000e+00   0.0000000e+00
   2.0170000e+03   8.0000000e+00   1.9000000e+01   3.0000000e+00   3.0000000e+00   0.0000000e+00   0.0000000e+00
   2.0170000e+03   8.0000000e+00   1.9000000e+01   3.0000000e+00   4.0000000e+00   0.0000000e+00   0.0000000e+00
   2.0170000e+03   8.0000000e+00   1.9000000e+01   3.0000000e+00   5.0000000e+00   0.0000000e+00   0.0000000e+00
   2.0170000e+03   8.0000000e+00   1.9000000e+01   3.0000000e+00   6.0000000e+00   0.0000000e+00   0.0000000e+00
   2.0170000e+03   8.0000000e+00   1.9000000e+01   3.0000000e+00   7.0000000e+00   0.0000000e+00   4.4999994e-01
   2.0170000e+03   8.0000000e+00   1.9000000e+01   3.0000000e+00   8.0000000e+00   0.0000000e+00   1.5000002e-01
   2.0170000e+03   8.0000000e+00   1.9000000e+01   3.0000000e+00   9.0000000e+00   0.0000000e+00   0.0000000e+00
   2.0170000e+03   8.0000000e+00   1.9000000e+01   3.0000000e+00   1.0000000e+01   0.0000000e+00   0.0000000e+00
   2.0170000e+03   8.0000000e+00   1.9000000e+01   3.0000000e+00   1.1000000e+01   0.0000000e+00   0.0000000e+00
   2.0170000e+03   8.0000000e+00   1.9000000e+01   3.0000000e+00   1.2000000e+01   0.0000000e+00   0.0000000e+00
   2.0170000e+03   8.0000000e+00   1.9000000e+01   3.0000000e+00   1.3000000e+01   0.0000000e+00   0.0000000e+00
   2.0170000e+03   8.0000000e+00   1.9000000e+01   3.0000000e+00   1.4000000e+01   0.0000000e+00   0.0000000e+00
   2.0170000e+03   8.0000000e+00   1.9000000e+01   3.0000000e+00   1.5000000e+01   0.0000000e+00   0.0000000e+00
   2.0170000e+03   8.0000000e+00   1.9000000e+01   3.0000000e+00   1.6000000e+01   0.0000000e+00   0.0000000e+00
   2.0170000e+03   8.0000000e+00   1.9000000e+01   3.0000000e+00   1.7000000e+01   0.0000000e+00   0.0000000e+00
   2.0170000e+03   8.0000000e+00   1.9000000e+01   3.0000000e+00   1.8000000e+01   0.0000000e+00   0.0000000e+00
   2.0170000e+03   8.0000000e+00   1.9000000e+01   3.0000000e+00   1.9000000e+01   0.0000000e+00   0.0000000e+00
   2.0170000e+03   8.0000000e+00   1.9000000e+01   3.0000000e+00   2.0000000e+01   0.0000000e+00   0.0000000e+00
   2.0170000e+03   8.0000000e+00   1.9000000e+01   3.0000000e+00   2.1000000e+01   0.0000000e+00   0.0000000e+00
   2.0170000e+03   8.0000000e+00   1.9000000e+01   3.0000000e+00   2.2000000e+01   0.0000000e+00   0.0000000e+00
   2.0170000e+03   8.0000000e+00   1.9000000e+01   3.0000000e+00   2.3000000e+01   0.0000000e+00   0.0000000e+00
   2.0170000e+03   8.0000000e+00   1.9000000e+01   3.0000000e+00   2.4000000e+01   0.0000000e+00   0.0000000e+00
   2.0170000e+03   8.0000000e+00   1.9000000e+01   3.0000000e+00   2.5000000e+01   0.0000000e+00   0.0000000e+00
   2.0170000e+03   8.0000000e+00   1.9000000e+01   3.0000000e+00   2.6000000e+01   0.0000000e+00   0.0000000e+00
   2.0170000e+03   8.0000000e+00   1.9000000e+01   3.0000000e+00   2.7000000e+01   0.0000000e+00   0.0000000e+00
   2.0170000e+03   8.0000000e+00   1.9000000e+01   3.0000000e+00   2.8000000e+01   0.0000000e+00   0.0000000e+00
   2.0170000e+03   8.0000000e+00   1.9000000e+01   3.0000000e+00   2.9000000e+01   0.0000000e+00   0.0000000e+00
   2.0170000e+03   8.0000000e+00   1.9000000e+01   3.0000000e+00   3.0000000e+01   0.0000000e+00   0.0000000e+00