   2.0170000e+03   7.0000000e+00   2.4000000e+01   0.0000000e+00   0.0000000e+00   0.0000000e+00  4.14182201611254
   2.0170000e+03   7.0000000e+00   2.4000000e+01   0.0000000e+00   1.0000000e+00   0.0000000e+00  3.61066022381176
   2.0170000e+03   7.0000000e+00   2.4000000e+01   0.0000000e+00   2.0000000e+00   0.0000000e+00  2.12142711595413
   2.0170000e+03   7.0000000e+00   2.4000000e+01   0.0000000e+00   3.0000000e+00   0.0000000e+00  2.38630111174370
   2.0170000e+03   7.0000000e+00   2.4000000e+01   0.0000000e+00   4.0000000e+00   0.0000000e+00  7.16061185712933
   2.0170000e+03   7.0000000e+00   2.4000000e+01   0.0000000e+00   5.0000000e+00   0.0000000e+00  5.83154022978858
   2.0170000e+03   7.0000000e+00   2.4000000e+01   0.0000000e+00   6.0000000e+00   0.0000000e+00  1.75860346996394
   2.0170000e+03   7.0000000e+00   2.4000000e+01   0.0000000e+00   7.0000000e+00   0.0000000e+00  2.36661451759501
   2.0170000e+03   7.0000000e+00   2.4000000e+01   0.0000000e+00   8.0000000e+00   0.0000000e+00  0.439176668820014
   2.0170000e+03   7.0000000e+00   2.4000000e+01   0.0000000e+00   9.0000000e+00   0.0000000e+00  3.00411029356022
   2.0170000e+03   7.0000000e+00   2.4000000e+01   0.0000000e+00   1.0000000e+01   0.0000000e+00  4.44286986145628
   2.0170000e+03   7.0000000e+00   2.4000000e+01   0.0000000e+00   1.1000000e+01   0.0000000e+00  0.199133593319048
   2.0170000e+03   7.0000000e+00   2.4000000e+01   0.0000000e+00   1.2000000e+01   0.0000000e+00  0
   2.0170000e+03   7.0000000e+00   2.4000000e+01   0.0000000e+00   1.3000000e+01   0.0000000e+00  0
   2.0170000e+03   7.0000000e+00   2.4000000e+01   0.0000000e+00   1.4000000e+01   0.0000000e+00  0
   2.0170000e+03   7.0000000e+00   2.4000000e+01   0.0000000e+00   1.5000000e+01   0.0000000e+00  0
   2.0170000e+03   7.0000000e+00   2.4000000e+01   0.0000000e+00   1.6000000e+01   0.0000000e+00  0
   2.0170000e+03   7.0000000e+00   2.4000000e+01   0.0000000e+00   1.7000000e+01   0.0000000e+00  0
   2.0170000e+03   7.0000000e+00   2.4000000e+01   0.0000000e+00   1.8000000e+01   0.0000000e+00  0
   2.0170000e+03   7.0000000e+00   2.4000000e+01   0.0000000e+00   1.9000000e+01   0.0000000e+00  0
   2.0170000e+03   7.0000000e+00   2.4000000e+01   0.0000000e+00   2.0000000e+01   0.0000000e+00  0
   2.0170000e+03   7.0000000e+00   2.4000000e+01   0.0000000e+00   2.1000000e+01   0.0000000e+00  0
   2.0170000e+03   7.0000000e+00   2.4000000e+01   0.0000000e+00   2.2000000e+01   0.0000000e+00  0
   2.0170000e+03   7.0000000e+00   2.4000000e+01   0.0000000e+00   2.3000000e+01   0.0000000e+00  0
   2.0170000e+03   7.0000000e+00   2.4000000e+01   0.0000000e+00   2.4000000e+01   0.0000000e+00  0
   2.0170000e+03   7.0000000e+00   2.4000000e+01   0.0000000e+00   2.5000000e+01   0.0000000e+00  0
   2.0170000e+03   7.0000000e+00   2.4000000e+01   0.0000000e+00   2.6000000e+01   0.0000000e+00  0
   2.0170000e+03   7.0000000e+00   2.4000000e+01   0.0000000e+00   2.7000000e+01   0.0000000e+00  0
   2.0170000e+03   7.0000000e+00   2.4000000e+01   0.0000000e+00   2.8000000e+01   0.0000000e+00  0
   2.0170000e+03   7.0000000e+00   2.4000000e+01   0.0000000e+00   2.9000000e+01   0.0000000e+00  0.00242821033624981
   2.0170000e+03   7.0000000e+00   2.4000000e+01   0.0000000e+00   3.0000000e+01   0.0000000e+00  0
   2.0170000e+03   7.0000000e+00   2.4000000e+01   0.0000000e+00   3.1000000e+01   0.0000000e+00  0
   2.0170000e+03   7.0000000e+00   2.4000000e+01   0.0000000e+00   3.2000000e+01   0.0000000e+00  0
   2.0170000e+03   7.0000000e+00   2.4000000e+01   0.0000000e+00   3.3000000e+01   0.0000000e+00  0.0919460758031303
   2.0170000e+03   7.0000000e+00   2.4000000e+01   0.0000000e+00   3.4000000e+01   0.0000000e+00  0.0293443874597157
   2.0170000e+03   7.0000000e+00   2.4000000e+01   0.0000000e+00   3.5000000e+01   0.0000000e+00  0
   2.0170000e+03   7.0000000e+00   2.4000000e+01   0.0000000e+00   3.6000000e+01   0.0000000e+00  0
   2.0170000e+03   7.0000000e+00   2.4000000e+01   0.0000000e+00   3.7000000e+01   0.0000000e+00  0
   2.0170000e+03   7.0000000e+00   2.4000000e+01   0.0000000e+00   3.8000000e+01   0.0000000e+00  0
   2.0170000e+03   7.0000000e+00   2.4000000e+01   0.0000000e+00   3.9000000e+01   0.0000000e+00  0
   2.0170000e+03   7.0000000e+00   2.4000000e+01   0.0000000e+00   4.0000000e+01   0.0000000e+00  0
   2.0170000e+03   7.0000000e+00   2.4000000e+01   0.0000000e+00   4.1000000e+01   0.0000000e+00  0
   2.0170000e+03   7.0000000e+00   2.4000000e+01   0.0000000e+00   4.2000000e+01   0.0000000e+00  0
   2.0170000e+03   7.0000000e+00   2.4000000e+01   0.0000000e+00   4.3000000e+01   0.0000000e+00  0
   2.0170000e+03   7.0000000e+00   2.4000000e+01   0.0000000e+00   4.4000000e+01   0.0000000e+00  0
   2.0170000e+03   7.0000000e+00   2.4000000e+01   0.0000000e+00   4.5000000e+01   0.0000000e+00  0.484176451015641
   2.0170000e+03   7.0000000e+00   2.4000000e+01   0.0000000e+00   4.6000000e+01   0.0000000e+00  1.07589551487891
   2.0170000e+03   7.0000000e+00   2.4000000e+01   0.0000000e+00   4.7000000e+01   0.0000000e+00  5.45227997754792
   2.0170000e+03   7.0000000e+00   2.4000000e+01   0.0000000e+00   4.8000000e+01   0.0000000e+00  1.98179869351584
   2.0170000e+03   7.0000000e+00   2.4000000e+01   0.0000000e+00   4.9000000e+01   0.0000000e+00  5.10078376721931
   2.0170000e+03   7.0000000e+00   2.4000000e+01   0.0000000e+00   5.0000000e+01   0.0000000e+00  5.90811715444668
   2.0170000e+03   7.0000000e+00   2.4000000e+01   0.0000000e+00   5.1000000e+01   0.0000000e+00  4.10406542516426
   2.0170000e+03   7.0000000e+00   2.4000000e+01   0.0000000e+00   5.2000000e+01   0.0000000e+00  6.46243958498010
   2.0170000e+03   7.0000000e+00   2.4000000e+01   0.0000000e+00   5.3000000e+01   0.0000000e+00  17.3146228208492
   2.0170000e+03   7.0000000e+00   2.4000000e+01   0.0000000e+00   5.4000000e+01   0.0000000e+00  19.8338603344274
   2.0170000e+03   7.0000000e+00   2.4000000e+01   0.0000000e+00   5.5000000e+01   0.0000000e+00  25.0653172030754
   2.0170000e+03   7.0000000e+00   2.4000000e+01   0.0000000e+00   5.6000000e+01   0.0000000e+00  23.8702835370824
   2.0170000e+03   7.0000000e+00   2.4000000e+01   0.0000000e+00   5.7000000e+01   0.0000000e+00  11.4443287991646
   2.0170000e+03   7.0000000e+00   2.4000000e+01   0.0000000e+00   5.8000000e+01   0.0000000e+00  9.00783443386611
   2.0170000e+03   7.0000000e+00   2.4000000e+01   0.0000000e+00   5.9000000e+01   0.0000000e+00  8.27410911772192
   2.0170000e+03   7.0000000e+00   2.4000000e+01   1.0000000e+00   0.0000000e+00   0.0000000e+00  6.21496485912691
   2.0170000e+03   7.0000000e+00   2.4000000e+01   1.0000000e+00   1.0000000e+00   0.0000000e+00  0.768532809694581
   2.0170000e+03   7.0000000e+00   2.4000000e+01   1.0000000e+00   2.0000000e+00   0.0000000e+00  0.0367950394036284
   2.0170000e+03   7.0000000e+00   2.4000000e+01   1.0000000e+00   3.0000000e+00   0.0000000e+00  0
   2.0170000e+03   7.0000000e+00   2.4000000e+01   1.0000000e+00   4.0000000e+00   0.0000000e+00  0
   2.0170000e+03   7.0000000e+00   2.4000000e+01   1.0000000e+00   5.0000000e+00   0.0000000e+00  0
   2.0170000e+03   7.0000000e+00   2.4000000e+01   1.0000000e+00   6.0000000e+00   0.0000000e+00  0
   2.0170000e+03   7.0000000e+00   2.4000000e+01   1.0000000e+00   7.0000000e+00   0.0000000e+00  0
   2.0170000e+03   7.0000000e+00   2.4000000e+01   1.0000000e+00   8.0000000e+00   0.0000000e+00  0
   2.0170000e+03   7.0000000e+00   2.4000000e+01   1.0000000e+00   9.0000000e+00   0.0000000e+00  0
   2.0170000e+03   7.0000000e+00   2.4000000e+01   1.0000000e+00   1.0000000e+01   0.0000000e+00  0
   2.0170000e+03   7.0000000e+00   2.4000000e+01   1.0000000e+00   1.1000000e+01   0.0000000e+00  0
   2.0170000e+03   7.0000000e+00   2.4000000e+01   1.0000000e+00   1.2000000e+01   0.0000000e+00  0
   2.0170000e+03   7.0000000e+00   2.4000000e+01   1.0000000e+00   1.3000000e+01   0.0000000e+00  0
   2.0170000e+03   7.0000000e+00   2.4000000e+01   1.0000000e+00   1.4000000e+01   0.0000000e+00  0
   2.0170000e+03   7.0000000e+00   2.4000000e+01   1.0000000e+00   1.5000000e+01   0.0000000e+00  0
   2.0170000e+03   7.0000000e+00   2.4000000e+01   1.0000000e+00   1.6000000e+01   0.0000000e+00  0
   2.0170000e+03   7.0000000e+00   2.4000000e+01   1.0000000e+00   1.7000000e+01   0.0000000e+00  0
   2.0170000e+03   7.0000000e+00   2.4000000e+01   1.0000000e+00   1.8000000e+01   0.0000000e+00  0
   2.0170000e+03   7.0000000e+00   2.4000000e+01   1.0000000e+00   1.9000000e+01   0.0000000e+00  0
   2.0170000e+03   7.0000000e+00   2.4000000e+01   1.0000000e+00   2.0000000e+01   0.0000000e+00  0
   2.0170000e+03   7.0000000e+00   2.4000000e+01   1.0000000e+00   2.1000000e+01   0.0000000e+00  0
   2.0170000e+03   7.0000000e+00   2.4000000e+01   1.0000000e+00   2.2000000e+01   0.0000000e+00  0
   2.0170000e+03   7.0000000e+00   2.4000000e+01   1.0000000e+00   2.3000000e+01   0.0000000e+00  0.111074250327046
   2.0170000e+03   7.0000000e+00   2.4000000e+01   1.0000000e+00   2.4000000e+01   0.0000000e+00  0
   2.0170000e+03   7.0000000e+00   2.4000000e+01   1.0000000e+00   2.5000000e+01   0.0000000e+00  0.306818171814615
   2.0170000e+03   7.0000000e+00   2.4000000e+01   1.0000000e+00   2.6000000e+01   0.0000000e+00  0.777839348640317
   2.0170000e+03   7.0000000e+00   2.4000000e+01   1.0000000e+00   2.7000000e+01   0.0000000e+00  3.25712448969313
   2.0170000e+03   7.0000000e+00   2.4000000e+01   1.0000000e+00   2.8000000e+01   0.0000000e+00  3.51612456770528
   2.0170000e+03   7.0000000e+00   2.4000000e+01   1.0000000e+00   2.9000000e+01   0.0000000e+00  3.55219163514355
   2.0170000e+03   7.0000000e+00   2.4000000e+01   1.0000000e+00   3.0000000e+01   0.0000000e+00  0.0212082475526773
   2.0170000e+03   7.0000000e+00   2.4000000e+01   1.0000000e+00   3.1000000e+01   0.0000000e+00  0.0833329660979072
   2.0170000e+03   7.0000000e+00   2.4000000e+01   1.0000000e+00   3.2000000e+01   0.0000000e+00  0
   2.0170000e+03   7.0000000e+00   2.4000000e+01   1.0000000e+00   3.3000000e+01   0.0000000e+00  0.00963773427347858
   2.0170000e+03   7.0000000e+00   2.4000000e+01   1.0000000e+00   3.4000000e+01   0.0000000e+00  0
   2.0170000e+03   7.0000000e+00   2.4000000e+01   1.0000000e+00   3.5000000e+01   0.0000000e+00  0.304741396501541
   2.0170000e+03   7.0000000e+00   2.4000000e+01   1.0000000e+00   3.6000000e+01   0.0000000e+00  0.00189143780467830
   2.0170000e+03   7.0000000e+00   2.4000000e+01   1.0000000e+00   3.7000000e+01   0.0000000e+00  0.0913290793093546
   2.0170000e+03   7.0000000e+00   2.4000000e+01   1.0000000e+00   3.8000000e+01   0.0000000e+00  0
   2.0170000e+03   7.0000000e+00   2.4000000e+01   1.0000000e+00   3.9000000e+01   0.0000000e+00  0
   2.0170000e+03   7.0000000e+00   2.4000000e+01   1.0000000e+00   4.0000000e+01   0.0000000e+00  0
   2.0170000e+03   7.0000000e+00   2.4000000e+01   1.0000000e+00   4.1000000e+01   0.0000000e+00  0
   2.0170000e+03   7.0000000e+00   2.4000000e+01   1.0000000e+00   4.2000000e+01   0.0000000e+00  0
   2.0170000e+03   7.0000000e+00   2.4000000e+01   1.0000000e+00   4.3000000e+01   0.0000000e+00  0
   2.0170000e+03   7.0000000e+00   2.4000000e+01   1.0000000e+00   4.4000000e+01   0.0000000e+00  0
   2.0170000e+03   7.0000000e+00   2.4000000e+01   1.0000000e+00   4.5000000e+01   0.0000000e+00  0
   2.0170000e+03   7.0000000e+00   2.4000000e+01   1.0000000e+00   4.6000000e+01   0.0000000e+00  0
   2.0170000e+03   7.0000000e+00   2.4000000e+01   1.0000000e+00   4.7000000e+01   0.0000000e+00  0
   2.0170000e+03   7.0000000e+00   2.4000000e+01   1.0000000e+00   4.8000000e+01   0.0000000e+00  0.0123200443225602
   2.0170000e+03   7.0000000e+00   2.4000000e+01   1.0000000e+00   4.9000000e+01   0.0000000e+00  0.222449703935407
   2.0170000e+03   7.0000000e+00   2.4000000e+01   1.0000000e+00   5.0000000e+01   0.0000000e+00  1.50272023676429
   2.0170000e+03   7.0000000e+00   2.4000000e+01   1.0000000e+00   5.1000000e+01   0.0000000e+00  0.0165754380089997
   2.0170000e+03   7.0000000e+00   2.4000000e+01   1.0000000e+00   5.2000000e+01   0.0000000e+00  0
   2.0170000e+03   7.0000000e+00   2.4000000e+01   1.0000000e+00   5.3000000e+01   0.0000000e+00  0.776954525451281
   2.0170000e+03   7.0000000e+00   2.4000000e+01   1.0000000e+00   5.4000000e+01   0.0000000e+00  2.37259373227164
   2.0170000e+03   7.0000000e+00   2.4000000e+01   1.0000000e+00   5.5000000e+01   0.0000000e+00  0.528612758657560
   2.0170000e+03   7.0000000e+00   2.4000000e+01   1.0000000e+00   5.6000000e+01   0.0000000e+00  2.93048991141633
   2.0170000e+03   7.0000000e+00   2.4000000e+01   1.0000000e+00   5.7000000e+01   0.0000000e+00  2.57587347249804
   2.0170000e+03   7.0000000e+00   2.4000000e+01   1.0000000e+00   5.8000000e+01   0.0000000e+00  1.08195665109052
   2.0170000e+03   7.0000000e+00   2.4000000e+01   1.0000000e+00   5.9000000e+01   0.0000000e+00  0
   2.0170000e+03   7.0000000e+00   2.4000000e+01   2.0000000e+00   0.0000000e+00   0.0000000e+00  0.319967345424162
   2.0170000e+03   7.0000000e+00   2.4000000e+01   2.0000000e+00   1.0000000e+00   0.0000000e+00  2.70863340034853
   2.0170000e+03   7.0000000e+00   2.4000000e+01   2.0000000e+00   2.0000000e+00   0.0000000e+00  1.75624427294785
   2.0170000e+03   7.0000000e+00   2.4000000e+01   2.0000000e+00   3.0000000e+00   0.0000000e+00  0.897155555170258
   2.0170000e+03   7.0000000e+00   2.4000000e+01   2.0000000e+00   4.0000000e+00   0.0000000e+00  2.89632931215703
   2.0170000e+03   7.0000000e+00   2.4000000e+01   2.0000000e+00   5.0000000e+00   0.0000000e+00  1.33961687536788
   2.0170000e+03   7.0000000e+00   2.4000000e+01   2.0000000e+00   6.0000000e+00   0.0000000e+00  4.46557312888981
   2.0170000e+03   7.0000000e+00   2.4000000e+01   2.0000000e+00   7.0000000e+00   0.0000000e+00  7.86240759093679
   2.0170000e+03   7.0000000e+00   2.4000000e+01   2.0000000e+00   8.0000000e+00   0.0000000e+00  6.16419843061489
   2.0170000e+03   7.0000000e+00   2.4000000e+01   2.0000000e+00   9.0000000e+00   0.0000000e+00  3.70358577010769
   2.0170000e+03   7.0000000e+00   2.4000000e+01   2.0000000e+00   1.0000000e+01   0.0000000e+00  3.12845046626060
   2.0170000e+03   7.0000000e+00   2.4000000e+01   2.0000000e+00   1.1000000e+01   0.0000000e+00  2.88001700961208
   2.0170000e+03   7.0000000e+00   2.4000000e+01   2.0000000e+00   1.2000000e+01   0.0000000e+00  0.584965102579471
   2.0170000e+03   7.0000000e+00   2.4000000e+01   2.0000000e+00   1.3000000e+01   0.0000000e+00  0.0976283563216303
   2.0170000e+03   7.0000000e+00   2.4000000e+01   2.0000000e+00   1.4000000e+01   0.0000000e+00  0.00187577852021274
   2.0170000e+03   7.0000000e+00   2.4000000e+01   2.0000000e+00   1.5000000e+01   0.0000000e+00  0.295212032198508
   2.0170000e+03   7.0000000e+00   2.4000000e+01   2.0000000e+00   1.6000000e+01   0.0000000e+00  0.644302762881923
   2.0170000e+03   7.0000000e+00   2.4000000e+01   2.0000000e+00   1.7000000e+01   0.0000000e+00  3.25535276085818
   2.0170000e+03   7.0000000e+00   2.4000000e+01   2.0000000e+00   1.8000000e+01   0.0000000e+00  2.99010083209598
   2.0170000e+03   7.0000000e+00   2.4000000e+01   2.0000000e+00   1.9000000e+01   0.0000000e+00  5.27933053630873
   2.0170000e+03   7.0000000e+00   2.4000000e+01   2.0000000e+00   2.0000000e+01   0.0000000e+00  0.546430758642002
   2.0170000e+03   7.0000000e+00   2.4000000e+01   2.0000000e+00   2.1000000e+01   0.0000000e+00  1.22741950348323
   2.0170000e+03   7.0000000e+00   2.4000000e+01   2.0000000e+00   2.2000000e+01   0.0000000e+00  0.0110420979930802
   2.0170000e+03   7.0000000e+00   2.4000000e+01   2.0000000e+00   2.3000000e+01   0.0000000e+00  3.47152102451163
   2.0170000e+03   7.0000000e+00   2.4000000e+01   2.0000000e+00   2.4000000e+01   0.0000000e+00  8.50164495739127
   2.0170000e+03   7.0000000e+00   2.4000000e+01   2.0000000e+00   2.5000000e+01   0.0000000e+00  2.98880263721220
   2.0170000e+03   7.0000000e+00   2.4000000e+01   2.0000000e+00   2.6000000e+01   0.0000000e+00  9.14359255712481
   2.0170000e+03   7.0000000e+00   2.4000000e+01   2.0000000e+00   2.7000000e+01   0.0000000e+00  8.24826143260629
   2.0170000e+03   7.0000000e+00   2.4000000e+01   2.0000000e+00   2.8000000e+01   0.0000000e+00  3.53928461388479
   2.0170000e+03   7.0000000e+00   2.4000000e+01   2.0000000e+00   2.9000000e+01   0.0000000e+00  3.59546691901763
   2.0170000e+03   7.0000000e+00   2.4000000e+01   2.0000000e+00   3.0000000e+01   0.0000000e+00  1.36999648457175
   2.0170000e+03   7.0000000e+00   2.4000000e+01   2.0000000e+00   3.1000000e+01   0.0000000e+00  0.208152411441400
   2.0170000e+03   7.0000000e+00   2.4000000e+01   2.0000000e+00   3.2000000e+01   0.0000000e+00  2.56109603381097
   2.0170000e+03   7.0000000e+00   2.4000000e+01   2.0000000e+00   3.3000000e+01   0.0000000e+00  0.354608165506276
   2.0170000e+03   7.0000000e+00   2.4000000e+01   2.0000000e+00   3.4000000e+01   0.0000000e+00  1.37591526419738
   2.0170000e+03   7.0000000e+00   2.4000000e+01   2.0000000e+00   3.5000000e+01   0.0000000e+00  0.0509105601717610
   2.0170000e+03   7.0000000e+00   2.4000000e+01   2.0000000e+00   3.6000000e+01   0.0000000e+00  2.42256336851458
   2.0170000e+03   7.0000000e+00   2.4000000e+01   2.0000000e+00   3.7000000e+01   0.0000000e+00  1.70123927467477
   2.0170000e+03   7.0000000e+00   2.4000000e+01   2.0000000e+00   3.8000000e+01   0.0000000e+00  4.09690451161963
   2.0170000e+03   7.0000000e+00   2.4000000e+01   2.0000000e+00   3.9000000e+01   0.0000000e+00  2.93316921492435
   2.0170000e+03   7.0000000e+00   2.4000000e+01   2.0000000e+00   4.0000000e+01   0.0000000e+00  1.66388193766221
   2.0170000e+03   7.0000000e+00   2.4000000e+01   2.0000000e+00   4.1000000e+01   0.0000000e+00  0.560253210972666
   2.0170000e+03   7.0000000e+00   2.4000000e+01   2.0000000e+00   4.2000000e+01   0.0000000e+00  2.18645170634979
   2.0170000e+03   7.0000000e+00   2.4000000e+01   2.0000000e+00   4.3000000e+01   0.0000000e+00  0.516114423044248
   2.0170000e+03   7.0000000e+00   2.4000000e+01   2.0000000e+00   4.4000000e+01   0.0000000e+00  3.80370098208561
   2.0170000e+03   7.0000000e+00   2.4000000e+01   2.0000000e+00   4.5000000e+01   0.0000000e+00  8.60113638394016
   2.0170000e+03   7.0000000e+00   2.4000000e+01   2.0000000e+00   4.6000000e+01   0.0000000e+00  3.91152698214211
   2.0170000e+03   7.0000000e+00   2.4000000e+01   2.0000000e+00   4.7000000e+01   0.0000000e+00  5.58297158746489
   2.0170000e+03   7.0000000e+00   2.4000000e+01   2.0000000e+00   4.8000000e+01   0.0000000e+00  1.17297685023101
   2.0170000e+03   7.0000000e+00   2.4000000e+01   2.0000000e+00   4.9000000e+01   0.0000000e+00  1.29097009564305
   2.0170000e+03   7.0000000e+00   2.4000000e+01   2.0000000e+00   5.0000000e+01   0.0000000e+00  1.66332128821966
   2.0170000e+03   7.0000000e+00   2.4000000e+01   2.0000000e+00   5.1000000e+01   0.0000000e+00  2.31423076516850
   2.0170000e+03   7.0000000e+00   2.4000000e+01   2.0000000e+00   5.2000000e+01   0.0000000e+00  3.06587423273485
   2.0170000e+03   7.0000000e+00   2.4000000e+01   2.0000000e+00   5.3000000e+01   0.0000000e+00  0.0359215089334414
   2.0170000e+03   7.0000000e+00   2.4000000e+01   2.0000000e+00   5.4000000e+01   0.0000000e+00  0.239760360408871
   2.0170000e+03   7.0000000e+00   2.4000000e+01   2.0000000e+00   5.5000000e+01   0.0000000e+00  0
   2.0170000e+03   7.0000000e+00   2.4000000e+01   2.0000000e+00   5.6000000e+01   0.0000000e+00  0
   2.0170000e+03   7.0000000e+00   2.4000000e+01   2.0000000e+00   5.7000000e+01   0.0000000e+00  0.890032791574799
   2.0170000e+03   7.0000000e+00   2.4000000e+01   2.0000000e+00   5.8000000e+01   0.0000000e+00  0
   2.0170000e+03   7.0000000e+00   2.4000000e+01   2.0000000e+00   5.9000000e+01   0.0000000e+00  0.0294805999693825
   2.0170000e+03   7.0000000e+00   2.4000000e+01   3.0000000e+00   0.0000000e+00   0.0000000e+00  0
   2.0170000e+03   7.0000000e+00   2.4000000e+01   3.0000000e+00   1.0000000e+00   0.0000000e+00  0
   2.0170000e+03   7.0000000e+00   2.4000000e+01   3.0000000e+00   2.0000000e+00   0.0000000e+00  0
   2.0170000e+03   7.0000000e+00   2.4000000e+01   3.0000000e+00   3.0000000e+00   0.0000000e+00  0
   2.0170000e+03   7.0000000e+00   2.4000000e+01   3.0000000e+00   4.0000000e+00   0.0000000e+00  0
   2.0170000e+03   7.0000000e+00   2.4000000e+01   3.0000000e+00   5.0000000e+00   0.0000000e+00  0
   2.0170000e+03   7.0000000e+00   2.4000000e+01   3.0000000e+00   6.0000000e+00   0.0000000e+00  0
   2.0170000e+03   7.0000000e+00   2.4000000e+01   3.0000000e+00   7.0000000e+00   0.0000000e+00  0.133934065499981
   2.0170000e+03   7.0000000e+00   2.4000000e+01   3.0000000e+00   8.0000000e+00   0.0000000e+00  0
   2.0170000e+03   7.0000000e+00   2.4000000e+01   3.0000000e+00   9.0000000e+00   0.0000000e+00  0.0165963310234124
   2.0170000e+03   7.0000000e+00   2.4000000e+01   3.0000000e+00   1.0000000e+01   0.0000000e+00  0
   2.0170000e+03   7.0000000e+00   2.4000000e+01   3.0000000e+00   1.1000000e+01   0.0000000e+00  0
   2.0170000e+03   7.0000000e+00   2.4000000e+01   3.0000000e+00   1.2000000e+01   0.0000000e+00  0
   2.0170000e+03   7.0000000e+00   2.4000000e+01   3.0000000e+00   1.3000000e+01   0.0000000e+00  0
   2.0170000e+03   7.0000000e+00   2.4000000e+01   3.0000000e+00   1.4000000e+01   0.0000000e+00  0
   2.0170000e+03   7.0000000e+00   2.4000000e+01   3.0000000e+00   1.5000000e+01   0.0000000e+00  0
   2.0170000e+03   7.0000000e+00   2.4000000e+01   3.0000000e+00   1.6000000e+01   0.0000000e+00  0
   2.0170000e+03   7.0000000e+00   2.4000000e+01   3.0000000e+00   1.7000000e+01   0.0000000e+00  0
   2.0170000e+03   7.0000000e+00   2.4000000e+01   3.0000000e+00   1.8000000e+01   0.0000000e+00  0
   2.0170000e+03   7.0000000e+00   2.4000000e+01   3.0000000e+00   1.9000000e+01   0.0000000e+00  0
   2.0170000e+03   7.0000000e+00   2.4000000e+01   3.0000000e+00   2.0000000e+01   0.0000000e+00  0.0980669056575423
   2.0170000e+03   7.0000000e+00   2.4000000e+01   3.0000000e+00   2.1000000e+01   0.0000000e+00  0.414046992831050
   2.0170000e+03   7.0000000e+00   2.4000000e+01   3.0000000e+00   2.2000000e+01   0.0000000e+00  0.131915495734973
   2.0170000e+03   7.0000000e+00   2.4000000e+01   3.0000000e+00   2.3000000e+01   0.0000000e+00  2.79446349923848
   2.0170000e+03   7.0000000e+00   2.4000000e+01   3.0000000e+00   2.4000000e+01   0.0000000e+00  0
   2.0170000e+03   7.0000000e+00   2.4000000e+01   3.0000000e+00   2.5000000e+01   0.0000000e+00  3.50711877840425
   2.0170000e+03   7.0000000e+00   2.4000000e+01   3.0000000e+00   2.6000000e+01   0.0000000e+00  3.82731395899172
   2.0170000e+03   7.0000000e+00   2.4000000e+01   3.0000000e+00   2.7000000e+01   0.0000000e+00  7.95074344098358
   2.0170000e+03   7.0000000e+00   2.4000000e+01   3.0000000e+00   2.8000000e+01   0.0000000e+00  10.4179188696488
   2.0170000e+03   7.0000000e+00   2.4000000e+01   3.0000000e+00   2.9000000e+01   0.0000000e+00  8.70918322520980
   2.0170000e+03   7.0000000e+00   2.4000000e+01   3.0000000e+00   3.0000000e+01   0.0000000e+00  6.82227521653667
   2.0170000e+03   7.0000000e+00   2.4000000e+01   3.0000000e+00   3.1000000e+01   0.0000000e+00  4.43494075932105
   2.0170000e+03   7.0000000e+00   2.4000000e+01   3.0000000e+00   3.2000000e+01   0.0000000e+00  7.10615269017427
   2.0170000e+03   7.0000000e+00   2.4000000e+01   3.0000000e+00   3.3000000e+01   0.0000000e+00  3.01921683754552
   2.0170000e+03   7.0000000e+00   2.4000000e+01   3.0000000e+00   3.4000000e+01   0.0000000e+00  3.75407180433469
   2.0170000e+03   7.0000000e+00   2.4000000e+01   3.0000000e+00   3.5000000e+01   0.0000000e+00  2.22411924034987
   2.0170000e+03   7.0000000e+00   2.4000000e+01   3.0000000e+00   3.6000000e+01   0.0000000e+00  4.06549992120278
   2.0170000e+03   7.0000000e+00   2.4000000e+01   3.0000000e+00   3.7000000e+01   0.0000000e+00  3.08260165192203
   2.0170000e+03   7.0000000e+00   2.4000000e+01   3.0000000e+00   3.8000000e+01   0.0000000e+00  5.55881042591547
   2.0170000e+03   7.0000000e+00   2.4000000e+01   3.0000000e+00   3.9000000e+01   0.0000000e+00  6.00844813755097
   2.0170000e+03   7.0000000e+00   2.4000000e+01   3.0000000e+00   4.0000000e+01   0.0000000e+00  3.04367174173374
   2.0170000e+03   7.0000000e+00   2.4000000e+01   3.0000000e+00   4.1000000e+01   0.0000000e+00  0.0391902925567892
   2.0170000e+03   7.0000000e+00   2.4000000e+01   3.0000000e+00   4.2000000e+01   0.0000000e+00  3.44774251879200
   2.0170000e+03   7.0000000e+00   2.4000000e+01   3.0000000e+00   4.3000000e+01   0.0000000e+00  3.65769199068455
   2.0170000e+03   7.0000000e+00   2.4000000e+01   3.0000000e+00   4.4000000e+01   0.0000000e+00  3.08506964995454
   2.0170000e+03   7.0000000e+00   2.4000000e+01   3.0000000e+00   4.5000000e+01   0.0000000e+00  2.75141586759508
   2.0170000e+03   7.0000000e+00   2.4000000e+01   3.0000000e+00   4.6000000e+01   0.0000000e+00  1.19209663853483
   2.0170000e+03   7.0000000e+00   2.4000000e+01   3.0000000e+00   4.7000000e+01   0.0000000e+00  0
   2.0170000e+03   7.0000000e+00   2.4000000e+01   3.0000000e+00   4.8000000e+01   0.0000000e+00  0
   2.0170000e+03   7.0000000e+00   2.4000000e+01   3.0000000e+00   4.9000000e+01   0.0000000e+00  0.161621449589319
   2.0170000e+03   7.0000000e+00   2.4000000e+01   3.0000000e+00   5.0000000e+01   0.0000000e+00  0
   2.0170000e+03   7.0000000e+00   2.4000000e+01   3.0000000e+00   5.1000000e+01   0.0000000e+00  0
   2.0170000e+03   7.0000000e+00   2.4000000e+01   3.0000000e+00   5.2000000e+01   0.0000000e+00  0
   2.0170000e+03   7.0000000e+00   2.4000000e+01   3.0000000e+00   5.3000000e+01   0.0000000e+00  0
   2.0170000e+03   7.0000000e+00   2.4000000e+01   3.0000000e+00   5.4000000e+01   0.0000000e+00  0
   2.0170000e+03   7.0000000e+00   2.4000000e+01   3.0000000e+00   5.5000000e+01   0.0000000e+00  0
   2.0170000e+03   7.0000000e+00   2.4000000e+01   3.0000000e+00   5.6000000e+01   0.0000000e+00  1.71884618496571
   2.0170000e+03   7.0000000e+00   2.4000000e+01   3.0000000e+00   5.7000000e+01   0.0000000e+00  0.425972007713273
   2.0170000e+03   7.0000000e+00   2.4000000e+01   3.0000000e+00   5.8000000e+01   0.0000000e+00  0
   2.0170000e+03   7.0000000e+00   2.4000000e+01   3.0000000e+00   5.9000000e+01   0.0000000e+00  0.00220521133990911
   2.0170000e+03   7.0000000e+00   2.4000000e+01   4.0000000e+00   0.0000000e+00   0.0000000e+00  0
   2.0170000e+03   7.0000000e+00   2.4000000e+01   4.0000000e+00   1.0000000e+00   0.0000000e+00  0
   2.0170000e+03   7.0000000e+00   2.4000000e+01   4.0000000e+00   2.0000000e+00   0.0000000e+00  0
   2.0170000e+03   7.0000000e+00   2.4000000e+01   4.0000000e+00   3.0000000e+00   0.0000000e+00  0
   2.0170000e+03   7.0000000e+00   2.4000000e+01   4.0000000e+00   4.0000000e+00   0.0000000e+00  0
   2.0170000e+03   7.0000000e+00   2.4000000e+01   4.0000000e+00   5.0000000e+00   0.0000000e+00  0
   2.0170000e+03   7.0000000e+00   2.4000000e+01   4.0000000e+00   6.0000000e+00   0.0000000e+00  0
   2.0170000e+03   7.0000000e+00   2.4000000e+01   4.0000000e+00   7.0000000e+00   0.0000000e+00  0
   2.0170000e+03   7.0000000e+00   2.4000000e+01   4.0000000e+00   8.0000000e+00   0.0000000e+00  0
   2.0170000e+03   7.0000000e+00   2.4000000e+01   4.0000000e+00   9.0000000e+00   0.0000000e+00  0
   2.0170000e+03   7.0000000e+00   2.4000000e+01   4.0000000e+00   1.0000000e+01   0.0000000e+00  0
   2.0170000e+03   7.0000000e+00   2.4000000e+01   4.0000000e+00   1.1000000e+01   0.0000000e+00  0.227451159622695
   2.0170000e+03   7.0000000e+00   2.4000000e+01   4.0000000e+00   1.2000000e+01   0.0000000e+00  0.217103287475909
   2.0170000e+03   7.0000000e+00   2.4000000e+01   4.0000000e+00   1.3000000e+01   0.0000000e+00  0.0318215800221957
   2.0170000e+03   7.0000000e+00   2.4000000e+01   4.0000000e+00   1.4000000e+01   0.0000000e+00  0
   2.0170000e+03   7.0000000e+00   2.4000000e+01   4.0000000e+00   1.5000000e+01   0.0000000e+00  0.536331460869398
   2.0170000e+03   7.0000000e+00   2.4000000e+01   4.0000000e+00   1.6000000e+01   0.0000000e+00  1.63121318252796
   2.0170000e+03   7.0000000e+00   2.4000000e+01   4.0000000e+00   1.7000000e+01   0.0000000e+00  7.15921265431548
   2.0170000e+03   7.0000000e+00   2.4000000e+01   4.0000000e+00   1.8000000e+01   0.0000000e+00  10.1714119852623
   2.0170000e+03   7.0000000e+00   2.4000000e+01   4.0000000e+00   1.9000000e+01   0.0000000e+00  6.49464056231917
   2.0170000e+03   7.0000000e+00   2.4000000e+01   4.0000000e+00   2.0000000e+01   0.0000000e+00  6.01043250744187
   2.0170000e+03   7.0000000e+00   2.4000000e+01   4.0000000e+00   2.1000000e+01   0.0000000e+00  6.39508391806171
   2.0170000e+03   7.0000000e+00   2.4000000e+01   4.0000000e+00   2.2000000e+01   0.0000000e+00  8.78288994566796
   2.0170000e+03   7.0000000e+00   2.4000000e+01   4.0000000e+00   2.3000000e+01   0.0000000e+00  8.86036229878202
   2.0170000e+03   7.0000000e+00   2.4000000e+01   4.0000000e+00   2.4000000e+01   0.0000000e+00  10.9580178312238
   2.0170000e+03   7.0000000e+00   2.4000000e+01   4.0000000e+00   2.5000000e+01   0.0000000e+00  7.31427484365145
   2.0170000e+03   7.0000000e+00   2.4000000e+01   4.0000000e+00   2.6000000e+01   0.0000000e+00  10.0561419755484
   2.0170000e+03   7.0000000e+00   2.4000000e+01   4.0000000e+00   2.7000000e+01   0.0000000e+00  8.17489785636184
   2.0170000e+03   7.0000000e+00   2.4000000e+01   4.0000000e+00   2.8000000e+01   0.0000000e+00  0.172473094816807
   2.0170000e+03   7.0000000e+00   2.4000000e+01   4.0000000e+00   2.9000000e+01   0.0000000e+00  0.552872359486502
   2.0170000e+03   7.0000000e+00   2.4000000e+01   4.0000000e+00   3.0000000e+01   0.0000000e+00  2.86202187393956
   2.0170000e+03   7.0000000e+00   2.4000000e+01   4.0000000e+00   3.1000000e+01   0.0000000e+00  0.610425121591201
   2.0170000e+03   7.0000000e+00   2.4000000e+01   4.0000000e+00   3.2000000e+01   0.0000000e+00  3.39535703301323
   2.0170000e+03   7.0000000e+00   2.4000000e+01   4.0000000e+00   3.3000000e+01   0.0000000e+00  2.03903028324497
   2.0170000e+03   7.0000000e+00   2.4000000e+01   4.0000000e+00   3.4000000e+01   0.0000000e+00  0.208937565211141
   2.0170000e+03   7.0000000e+00   2.4000000e+01   4.0000000e+00   3.5000000e+01   0.0000000e+00  0.0187329622227968
   2.0170000e+03   7.0000000e+00   2.4000000e+01   4.0000000e+00   3.6000000e+01   0.0000000e+00  0
   2.0170000e+03   7.0000000e+00   2.4000000e+01   4.0000000e+00   3.7000000e+01   0.0000000e+00  1.00267436242591
   2.0170000e+03   7.0000000e+00   2.4000000e+01   4.0000000e+00   3.8000000e+01   0.0000000e+00  0.0279594385058670
   2.0170000e+03   7.0000000e+00   2.4000000e+01   4.0000000e+00   3.9000000e+01   0.0000000e+00  0.814859943990731
   2.0170000e+03   7.0000000e+00   2.4000000e+01   4.0000000e+00   4.0000000e+01   0.0000000e+00  0.316244990856402
   2.0170000e+03   7.0000000e+00   2.4000000e+01   4.0000000e+00   4.1000000e+01   0.0000000e+00  2.39024860122346
   2.0170000e+03   7.0000000e+00   2.4000000e+01   4.0000000e+00   4.2000000e+01   0.0000000e+00  1.62538646936378
   2.0170000e+03   7.0000000e+00   2.4000000e+01   4.0000000e+00   4.3000000e+01   0.0000000e+00  1.18945318058453
   2.0170000e+03   7.0000000e+00   2.4000000e+01   4.0000000e+00   4.4000000e+01   0.0000000e+00  3.05981308667496
   2.0170000e+03   7.0000000e+00   2.4000000e+01   4.0000000e+00   4.5000000e+01   0.0000000e+00  2.68808701700992
   2.0170000e+03   7.0000000e+00   2.4000000e+01   4.0000000e+00   4.6000000e+01   0.0000000e+00  2.64824677470609
   2.0170000e+03   7.0000000e+00   2.4000000e+01   4.0000000e+00   4.7000000e+01   0.0000000e+00  3.78685185568474
   2.0170000e+03   7.0000000e+00   2.4000000e+01   4.0000000e+00   4.8000000e+01   0.0000000e+00  1.27958158490020
   2.0170000e+03   7.0000000e+00   2.4000000e+01   4.0000000e+00   4.9000000e+01   0.0000000e+00  0.982489099456378
   2.0170000e+03   7.0000000e+00   2.4000000e+01   4.0000000e+00   5.0000000e+01   0.0000000e+00  0.408698662630008
   2.0170000e+03   7.0000000e+00   2.4000000e+01   4.0000000e+00   5.1000000e+01   0.0000000e+00  0.445558685306357
   2.0170000e+03   7.0000000e+00   2.4000000e+01   4.0000000e+00   5.2000000e+01   0.0000000e+00  0.00175175507595595
   2.0170000e+03   7.0000000e+00   2.4000000e+01   4.0000000e+00   5.3000000e+01   0.0000000e+00  1.01660140497007
   2.0170000e+03   7.0000000e+00   2.4000000e+01   4.0000000e+00   5.4000000e+01   0.0000000e+00  1.97036136294409
   2.0170000e+03   7.0000000e+00   2.4000000e+01   4.0000000e+00   5.5000000e+01   0.0000000e+00  1.39225453560534
   2.0170000e+03   7.0000000e+00   2.4000000e+01   4.0000000e+00   5.6000000e+01   0.0000000e+00  2.84812082475864
   2.0170000e+03   7.0000000e+00   2.4000000e+01   4.0000000e+00   5.7000000e+01   0.0000000e+00  1.03541659243563
   2.0170000e+03   7.0000000e+00   2.4000000e+01   4.0000000e+00   5.8000000e+01   0.0000000e+00  1.68728783744062
   2.0170000e+03   7.0000000e+00   2.4000000e+01   4.0000000e+00   5.9000000e+01   0.0000000e+00  1.24064709526479
   2.0170000e+03   7.0000000e+00   2.4000000e+01   5.0000000e+00   0.0000000e+00   0.0000000e+00  5.50909457170006
   2.0170000e+03   7.0000000e+00   2.4000000e+01   5.0000000e+00   1.0000000e+00   0.0000000e+00  1.83437811496301
   2.0170000e+03   7.0000000e+00   2.4000000e+01   5.0000000e+00   2.0000000e+00   0.0000000e+00  3.22553829983274
   2.0170000e+03   7.0000000e+00   2.4000000e+01   5.0000000e+00   3.0000000e+00   0.0000000e+00  4.04029801906946
   2.0170000e+03   7.0000000e+00   2.4000000e+01   5.0000000e+00   4.0000000e+00   0.0000000e+00  2.84311192409657
   2.0170000e+03   7.0000000e+00   2.4000000e+01   5.0000000e+00   5.0000000e+00   0.0000000e+00  1.03418665554325
   2.0170000e+03   7.0000000e+00   2.4000000e+01   5.0000000e+00   6.0000000e+00   0.0000000e+00  1.11474488377637
   2.0170000e+03   7.0000000e+00   2.4000000e+01   5.0000000e+00   7.0000000e+00   0.0000000e+00  0
   2.0170000e+03   7.0000000e+00   2.4000000e+01   5.0000000e+00   8.0000000e+00   0.0000000e+00  0.00313424734928924
   2.0170000e+03   7.0000000e+00   2.4000000e+01   5.0000000e+00   9.0000000e+00   0.0000000e+00  0.368685809051232
   2.0170000e+03   7.0000000e+00   2.4000000e+01   5.0000000e+00   1.0000000e+01   0.0000000e+00  2.26377165640051
   2.0170000e+03   7.0000000e+00   2.4000000e+01   5.0000000e+00   1.1000000e+01   0.0000000e+00  3.34573171018150
   2.0170000e+03   7.0000000e+00   2.4000000e+01   5.0000000e+00   1.2000000e+01   0.0000000e+00  5.47766854834555
   2.0170000e+03   7.0000000e+00   2.4000000e+01   5.0000000e+00   1.3000000e+01   0.0000000e+00  9.27630730094131
   2.0170000e+03   7.0000000e+00   2.4000000e+01   5.0000000e+00   1.4000000e+01   0.0000000e+00  18.9175049288129
   2.0170000e+03   7.0000000e+00   2.4000000e+01   5.0000000e+00   1.5000000e+01   0.0000000e+00  25.0526763672697
   2.0170000e+03   7.0000000e+00   2.4000000e+01   5.0000000e+00   1.6000000e+01   0.0000000e+00  20.5146110396438
   2.0170000e+03   7.0000000e+00   2.4000000e+01   5.0000000e+00   1.7000000e+01   0.0000000e+00  20.1638404230208
   2.0170000e+03   7.0000000e+00   2.4000000e+01   5.0000000e+00   1.8000000e+01   0.0000000e+00  23.8660055083904
   2.0170000e+03   7.0000000e+00   2.4000000e+01   5.0000000e+00   1.9000000e+01   0.0000000e+00  13.8040588799490
   2.0170000e+03   7.0000000e+00   2.4000000e+01   5.0000000e+00   2.0000000e+01   0.0000000e+00  10.2621475775031
   2.0170000e+03   7.0000000e+00   2.4000000e+01   5.0000000e+00   2.1000000e+01   0.0000000e+00  14.8746760750295
   2.0170000e+03   7.0000000e+00   2.4000000e+01   5.0000000e+00   2.2000000e+01   0.0000000e+00  8.18222828238907
   2.0170000e+03   7.0000000e+00   2.4000000e+01   5.0000000e+00   2.3000000e+01   0.0000000e+00  17.1207041867174
   2.0170000e+03   7.0000000e+00   2.4000000e+01   5.0000000e+00   2.4000000e+01   0.0000000e+00  12.7744693277629
   2.0170000e+03   7.0000000e+00   2.4000000e+01   5.0000000e+00   2.5000000e+01   0.0000000e+00  4.87912096791071
   2.0170000e+03   7.0000000e+00   2.4000000e+01   5.0000000e+00   2.6000000e+01   0.0000000e+00  5.58873476330340
   2.0170000e+03   7.0000000e+00   2.4000000e+01   5.0000000e+00   2.7000000e+01   0.0000000e+00  3.57396835918483
   2.0170000e+03   7.0000000e+00   2.4000000e+01   5.0000000e+00   2.8000000e+01   0.0000000e+00  0.460108964034209
   2.0170000e+03   7.0000000e+00   2.4000000e+01   5.0000000e+00   2.9000000e+01   0.0000000e+00  1.05113398467973
   2.0170000e+03   7.0000000e+00   2.4000000e+01   5.0000000e+00   3.0000000e+01   0.0000000e+00  0.206276349311451
   2.0170000e+03   7.0000000e+00   2.4000000e+01   5.0000000e+00   3.1000000e+01   0.0000000e+00  0
   2.0170000e+03   7.0000000e+00   2.4000000e+01   5.0000000e+00   3.2000000e+01   0.0000000e+00  0
   2.0170000e+03   7.0000000e+00   2.4000000e+01   5.0000000e+00   3.3000000e+01   0.0000000e+00  1.07549555014224
   2.0170000e+03   7.0000000e+00   2.4000000e+01   5.0000000e+00   3.4000000e+01   0.0000000e+00  0
   2.0170000e+03   7.0000000e+00   2.4000000e+01   5.0000000e+00   3.5000000e+01   0.0000000e+00  0
   2.0170000e+03   7.0000000e+00   2.4000000e+01   5.0000000e+00   3.6000000e+01   0.0000000e+00  0
   2.0170000e+03   7.0000000e+00   2.4000000e+01   5.0000000e+00   3.7000000e+01   0.0000000e+00  0
   2.0170000e+03   7.0000000e+00   2.4000000e+01   5.0000000e+00   3.8000000e+01   0.0000000e+00  0
   2.0170000e+03   7.0000000e+00   2.4000000e+01   5.0000000e+00   3.9000000e+01   0.0000000e+00  0.513923861536877
   2.0170000e+03   7.0000000e+00   2.4000000e+01   5.0000000e+00   4.0000000e+01   0.0000000e+00  0.164196947452866
   2.0170000e+03   7.0000000e+00   2.4000000e+01   5.0000000e+00   4.1000000e+01   0.0000000e+00  0.822251717170502
   2.0170000e+03   7.0000000e+00   2.4000000e+01   5.0000000e+00   4.2000000e+01   0.0000000e+00  0.698099932246592
   2.0170000e+03   7.0000000e+00   2.4000000e+01   5.0000000e+00   4.3000000e+01   0.0000000e+00  3.91262365310051
   2.0170000e+03   7.0000000e+00   2.4000000e+01   5.0000000e+00   4.4000000e+01   0.0000000e+00  1.72411561052465
   2.0170000e+03   7.0000000e+00   2.4000000e+01   5.0000000e+00   4.5000000e+01   0.0000000e+00  2.58861124494882
   2.0170000e+03   7.0000000e+00   2.4000000e+01   5.0000000e+00   4.6000000e+01   0.0000000e+00  1.92262284758134
   2.0170000e+03   7.0000000e+00   2.4000000e+01   5.0000000e+00   4.7000000e+01   0.0000000e+00  2.71792003180713
   2.0170000e+03   7.0000000e+00   2.4000000e+01   5.0000000e+00   4.8000000e+01   0.0000000e+00  1.09284267716989
   2.0170000e+03   7.0000000e+00   2.4000000e+01   5.0000000e+00   4.9000000e+01   0.0000000e+00  1.87017363580754
   2.0170000e+03   7.0000000e+00   2.4000000e+01   5.0000000e+00   5.0000000e+01   0.0000000e+00  2.96703865771215
   2.0170000e+03   7.0000000e+00   2.4000000e+01   5.0000000e+00   5.1000000e+01   0.0000000e+00  0.782673968222258
   2.0170000e+03   7.0000000e+00   2.4000000e+01   5.0000000e+00   5.2000000e+01   0.0000000e+00  0.0697030890278302
   2.0170000e+03   7.0000000e+00   2.4000000e+01   5.0000000e+00   5.3000000e+01   0.0000000e+00  0.370244785794165
   2.0170000e+03   7.0000000e+00   2.4000000e+01   5.0000000e+00   5.4000000e+01   0.0000000e+00  0
   2.0170000e+03   7.0000000e+00   2.4000000e+01   5.0000000e+00   5.5000000e+01   0.0000000e+00  0.422974555977704
   2.0170000e+03   7.0000000e+00   2.4000000e+01   5.0000000e+00   5.6000000e+01   0.0000000e+00  0.0241115814337424
   2.0170000e+03   7.0000000e+00   2.4000000e+01   5.0000000e+00   5.7000000e+01   0.0000000e+00  0.989297373681514
   2.0170000e+03   7.0000000e+00   2.4000000e+01   5.0000000e+00   5.8000000e+01   0.0000000e+00  1.87036175085906
   2.0170000e+03   7.0000000e+00   2.4000000e+01   5.0000000e+00   5.9000000e+01   0.0000000e+00  0.632402489711748
   2.0170000e+03   7.0000000e+00   2.4000000e+01   6.0000000e+00   0.0000000e+00   0.0000000e+00  0
   2.0170000e+03   7.0000000e+00   2.4000000e+01   6.0000000e+00   1.0000000e+00   0.0000000e+00  0
   2.0170000e+03   7.0000000e+00   2.4000000e+01   6.0000000e+00   2.0000000e+00   0.0000000e+00  0
   2.0170000e+03   7.0000000e+00   2.4000000e+01   6.0000000e+00   3.0000000e+00   0.0000000e+00  0.288443759559213
   2.0170000e+03   7.0000000e+00   2.4000000e+01   6.0000000e+00   4.0000000e+00   0.0000000e+00  0.328630972261791
   2.0170000e+03   7.0000000e+00   2.4000000e+01   6.0000000e+00   5.0000000e+00   0.0000000e+00  0
   2.0170000e+03   7.0000000e+00   2.4000000e+01   6.0000000e+00   6.0000000e+00   0.0000000e+00  0
   2.0170000e+03   7.0000000e+00   2.4000000e+01   6.0000000e+00   7.0000000e+00   0.0000000e+00  0.000608050366572877
   2.0170000e+03   7.0000000e+00   2.4000000e+01   6.0000000e+00   8.0000000e+00   0.0000000e+00  0
   2.0170000e+03   7.0000000e+00   2.4000000e+01   6.0000000e+00   9.0000000e+00   0.0000000e+00  1.11065870383231
   2.0170000e+03   7.0000000e+00   2.4000000e+01   6.0000000e+00   1.0000000e+01   0.0000000e+00  0.422930189799230
   2.0170000e+03   7.0000000e+00   2.4000000e+01   6.0000000e+00   1.1000000e+01   0.0000000e+00  0
   2.0170000e+03   7.0000000e+00   2.4000000e+01   6.0000000e+00   1.2000000e+01   0.0000000e+00  0.763734087476696
   2.0170000e+03   7.0000000e+00   2.4000000e+01   6.0000000e+00   1.3000000e+01   0.0000000e+00  0.969461609471559
   2.0170000e+03   7.0000000e+00   2.4000000e+01   6.0000000e+00   1.4000000e+01   0.0000000e+00  1.62404216650823
   2.0170000e+03   7.0000000e+00   2.4000000e+01   6.0000000e+00   1.5000000e+01   0.0000000e+00  2.25011035373632
   2.0170000e+03   7.0000000e+00   2.4000000e+01   6.0000000e+00   1.6000000e+01   0.0000000e+00  2.08126900192481
   2.0170000e+03   7.0000000e+00   2.4000000e+01   6.0000000e+00   1.7000000e+01   0.0000000e+00  3.37814652165382
   2.0170000e+03   7.0000000e+00   2.4000000e+01   6.0000000e+00   1.8000000e+01   0.0000000e+00  3.61565375521127
   2.0170000e+03   7.0000000e+00   2.4000000e+01   6.0000000e+00   1.9000000e+01   0.0000000e+00  3.62765361943332
   2.0170000e+03   7.0000000e+00   2.4000000e+01   6.0000000e+00   2.0000000e+01   0.0000000e+00  6.29092457759115
   2.0170000e+03   7.0000000e+00   2.4000000e+01   6.0000000e+00   2.1000000e+01   0.0000000e+00  5.29936547393935
   2.0170000e+03   7.0000000e+00   2.4000000e+01   6.0000000e+00   2.2000000e+01   0.0000000e+00  8.20772869916156
   2.0170000e+03   7.0000000e+00   2.4000000e+01   6.0000000e+00   2.3000000e+01   0.0000000e+00  6.03880770528013
   2.0170000e+03   7.0000000e+00   2.4000000e+01   6.0000000e+00   2.4000000e+01   0.0000000e+00  6.88380763004967
   2.0170000e+03   7.0000000e+00   2.4000000e+01   6.0000000e+00   2.5000000e+01   0.0000000e+00  4.55439437308497
   2.0170000e+03   7.0000000e+00   2.4000000e+01   6.0000000e+00   2.6000000e+01   0.0000000e+00  6.17724074182618
   2.0170000e+03   7.0000000e+00   2.4000000e+01   6.0000000e+00   2.7000000e+01   0.0000000e+00  2.95009755306869
   2.0170000e+03   7.0000000e+00   2.4000000e+01   6.0000000e+00   2.8000000e+01   0.0000000e+00  5.44566002163036
   2.0170000e+03   7.0000000e+00   2.4000000e+01   6.0000000e+00   2.9000000e+01   0.0000000e+00  0.861675356640655
   2.0170000e+03   7.0000000e+00   2.4000000e+01   6.0000000e+00   3.0000000e+01   0.0000000e+00  0.728432620703067
   2.0170000e+03   7.0000000e+00   2.4000000e+01   6.0000000e+00   3.1000000e+01   0.0000000e+00  1.44869804022734
   2.0170000e+03   7.0000000e+00   2.4000000e+01   6.0000000e+00   3.2000000e+01   0.0000000e+00  0.212413170333834
   2.0170000e+03   7.0000000e+00   2.4000000e+01   6.0000000e+00   3.3000000e+01   0.0000000e+00  2.25782893659124
   2.0170000e+03   7.0000000e+00   2.4000000e+01   6.0000000e+00   3.4000000e+01   0.0000000e+00  2.73662840042530
   2.0170000e+03   7.0000000e+00   2.4000000e+01   6.0000000e+00   3.5000000e+01   0.0000000e+00  5.74998485068774
   2.0170000e+03   7.0000000e+00   2.4000000e+01   6.0000000e+00   3.6000000e+01   0.0000000e+00  5.43680734945038
   2.0170000e+03   7.0000000e+00   2.4000000e+01   6.0000000e+00   3.7000000e+01   0.0000000e+00  2.84390410247956
   2.0170000e+03   7.0000000e+00   2.4000000e+01   6.0000000e+00   3.8000000e+01   0.0000000e+00  1.23331044063295
   2.0170000e+03   7.0000000e+00   2.4000000e+01   6.0000000e+00   3.9000000e+01   0.0000000e+00  1.93941459016704