   2.0170000e+03   8.0000000e+00   8.0000000e+00   4.0000000e+00   0.0000000e+00   0.0000000e+00   0.0000000e+00
   2.0170000e+03   8.0000000e+00   8.0000000e+00   4.0000000e+00   1.0000000e+00   0.0000000e+00   0.0000000e+00
   2.0170000e+03   8.0000000e+00   8.0000000e+00   4.0000000e+00   2.0000000e+00   0.0000000e+00   0.0000000e+00
   2.0170000e+03   8.0000000e+00   8.0000000e+00   4.0000000e+00   3.0000000e+00   0.0000000e+00   0.0000000e+00
   2.0170000e+03   8.0000000e+00   8.0000000e+00   4.0000000e+00   4.0000000e+00   0.0000000e+00   0.0000000e+00
   2.0170000e+03   8.0000000e+00   8.0000000e+00   4.0000000e+00   5.0000000e+00   0.0000000e+00   0.0000000e+00
   2.0170000e+03   8.0000000e+00   8.0000000e+00   4.0000000e+00   6.0000000e+00   0.0000000e+00   0.0000000e+00
   2.0170000e+03   8.0000000e+00   8.0000000e+00   4.0000000e+00   7.0000000e+00   0.0000000e+00   0.0000000e+00
   2.0170000e+03   8.0000000e+00   8.0000000e+00   4.0000000e+00   8.0000000e+00   0.0000000e+00   0.0000000e+00
   2.0170000e+03   8.0000000e+00   8.0000000e+00   4.0000000e+00   9.0000000e+00   0.0000000e+00   0.0000000e+00
   2.0170000e+03   8.0000000e+00   8.0000000e+00   4.0000000e+00   1.0000000e+01   0.0000000e+00   0.0000000e+00
   2.0170000e+03   8.0000000e+00   8.0000000e+00   4.0000000e+00   1.1000000e+01   0.0000000e+00   0.0000000e+00
   2.0170000e+03   8.0000000e+00   8.0000000e+00   4.0000000e+00   1.2000000e+01   0.0000000e+00   0.0000000e+00
   2.0170000e+03   8.0000000e+00   8.0000000e+00   4.0000000e+00   1.3000000e+01   0.0000000e+00   0.0000000e+00
   2.0170000e+03   8.0000000e+00   8.0000000e+00   4.0000000e+00   1.4000000e+01   0.0000000e+00   0.0000000e+00
   2.0170000e+03   8.0000000e+00   8.0000000e+00   4.0000000e+00   1.5000000e+01   0.0000000e+00   0.0000000e+00
   2.0170000e+03   8.0000000e+00   8.0000000e+00   4.0000000e+00   1.6000000e+01   0.0000000e+00   0.0000000e+00
   2.0170000e+03   8.0000000e+00   8.0000000e+00   4.0000000e+00   1.7000000e+01   0.0000000e+00   0.0000000e+00
   2.0170000e+03   8.0000000e+00   8.0000000e+00   4.0000000e+00   1.8000000e+01   0.0000000e+00   0.0000000e+00
   2.0170000e+03   8.0000000e+00   8.0000000e+00   4.0000000e+00   1.9000000e+01   0.0000000e+00   0.0000000e+00
   2.0170000e+03   8.0000000e+00   8.0000000e+00   4.0000000e+00   2.0000000e+01   0.0000000e+00   0.0000000e+00
   2.0170000e+03   8.0000000e+00   8.0000000e+00   4.0000000e+00   2.1000000e+01   0.0000000e+00   0.0000000e+00
   2.0170000e+03   8.0000000e+00   8.0000000e+00   4.0000000e+00   2.2000000e+01   0.0000000e+00   0.0000000e+00
   2.0170000e+03   8.0000000e+00   8.0000000e+00   4.0000000e+00   2.3000000e+01   0.0000000e+00   0.0000000e+00
   2.0170000e+03   8.0000000e+00   8.0000000e+00   4.0000000e+00   2.4000000e+01   0.0000000e+00   0.0000000e+00
   2.0170000e+03   8.0000000e+00   8.0000000e+00   4.0000000e+00   2.5000000e+01   0.0000000e+00   0.0000000e+00
   2.0170000e+03   8.0000000e+00   8.0000000e+00   4.0000000e+00   2.6000000e+01   0.0000000e+00   0.0000000e+00
   2.0170000e+03   8.0000000e+00   8.0000000e+00   4.0000000e+00   2.7000000e+01   0.0000000e+00   0.0000000e+00
   2.0170000e+03   8.0000000e+00   8.0000000e+00   4.0000000e+00   2.8000000e+01   0.0000000e+00   0.0000000e+00
   2.0170000e+03   8.0000000e+00   8.0000000e+00   4.0000000e+00   2.9000000e+01   0.0000000e+00   0.0000000e+00
   2.0170000e+03   8.0000000e+00   8.0000000e+00   4.0000000e+00   3.0000000e+01   0.0000000e+00   0.0000000e+00
   2.0170000e+03   8.0000000e+00   8.0000000e+00   4.0000000e+00   3.1000000e+01   0.0000000e+00   0.0000000e+00
   2.0170000e+03   8.0000000e+00   8.0000000e+00   4.0000000e+00   3.2000000e+01   0.0000000e+00   0.0000000e+00
   2.0170000e+03   8.0000000e+00   8.0000000e+00   4.0000000e+00   3.3000000e+01   0.0000000e+00   0.0000000e+00
   2.0170000e+03   8.0000000e+00   8.0000000e+00   4.0000000e+00   3.4000000e+01   0.0000000e+00   0.0000000e+00
   2.0170000e+03   8.0000000e+00   8.0000000e+00   4.0000000e+00   3.5000000e+01   0.0000000e+00   0.0000000e+00
   2.0170000e+03   8.0000000e+00   8.0000000e+00   4.0000000e+00   3.6000000e+01   0.0000000e+00   0.0000000e+00
   2.0170000e+03   8.0000000e+00   8.0000000e+00   4.0000000e+00   3.7000000e+01   0.0000000e+00   0.0000000e+00
   2.0170000e+03   8.0000000e+00   8.0000000e+00   4.0000000e+00   3.8000000e+01   0.0000000e+00   0.0000000e+00
   2.0170000e+03   8.0000000e+00   8.0000000e+00   4.0000000e+00   3.9000000e+01   0.0000000e+00   0.0000000e+00
   2.0170000e+03   8.0000000e+00   8.0000000e+00   4.0000000e+00   4.0000000e+01   0.0000000e+00   0.0000000e+00
   2.0170000e+03   8.0000000e+00   8.0000000e+00   4.0000000e+00   4.1000000e+01   0.0000000e+00   0.0000000e+00
   2.0170000e+03   8.0000000e+00   8.0000000e+00   4.0000000e+00   4.2000000e+01   0.0000000e+00   0.0000000e+00
   2.0170000e+03   8.0000000e+00   8.0000000e+00   4.0000000e+00   4.3000000e+01   0.0000000e+00   0.0000000e+00
   2.0170000e+03   8.0000000e+00   8.0000000e+00   4.0000000e+00   4.4000000e+01   0.0000000e+00   0.0000000e+00
   2.0170000e+03   8.0000000e+00   8.0000000e+00   4.0000000e+00   4.5000000e+01   0.0000000e+00   0.0000000e+00
   2.0170000e+03   8.0000000e+00   8.0000000e+00   4.0000000e+00   4.6000000e+01   0.0000000e+00   5.5999992e-01
   2.0170000e+03   8.0000000e+00   8.0000000e+00   4.0000000e+00   4.7000000e+01   0.0000000e+00   9.2000000e-01
   2.0170000e+03   8.0000000e+00   8.0000000e+00   4.0000000e+00   4.8000000e+01   0.0000000e+00   6.0000000e-01
   2.0170000e+03   8.0000000e+00   8.0000000e+00   4.0000000e+00   4.9000000e+01   0.0000000e+00   1.1600000e+00
   2.0170000e+03   8.0000000e+00   8.0000000e+00   4.0000000e+00   5.0000000e+01   0.0000000e+00   2.6400000e+00
   2.0170000e+03   8.0000000e+00   8.0000000e+00   4.0000000e+00   5.1000000e+01   0.0000000e+00   3.0400000e+00
   2.0170000e+03   8.0000000e+00   8.0000000e+00   4.0000000e+00   5.2000000e+01   0.0000000e+00   3.8000000e+00
   2.0170000e+03   8.0000000e+00   8.0000000e+00   4.0000000e+00   5.3000000e+01   0.0000000e+00   5.6800000e+00
   2.0170000e+03   8.0000000e+00   8.0000000e+00   4.0000000e+00   5.4000000e+01   0.0000000e+00   7.4000002e+00
   2.0170000e+03   8.0000000e+00   8.0000000e+00   4.0000000e+00   5.5000000e+01   0.0000000e+00   1.1240000e+01
   2.0170000e+03   8.0000000e+00   8.0000000e+00   4.0000000e+00   5.6000000e+01   0.0000000e+00   1.1280000e+01
   2.0170000e+03   8.0000000e+00   8.0000000e+00   4.0000000e+00   5.7000000e+01   0.0000000e+00   7.5599999e+00
   2.0170000e+03   8.0000000e+00   8.0000000e+00   4.0000000e+00   5.8000000e+01   0.0000000e+00   6.6000000e+00
   2.0170000e+03   8.0000000e+00   8.0000000e+00   4.0000000e+00   5.9000000e+01   0.0000000e+00   6.6000000e+00
   2.0170000e+03   8.0000000e+00   8.0000000e+00   5.0000000e+00   0.0000000e+00   0.0000000e+00   6.8800000e+00
   2.0170000e+03   8.0000000e+00   8.0000000e+00   5.0000000e+00   1.0000000e+00   0.0000000e+00   6.9200000e+00
   2.0170000e+03   8.0000000e+00   8.0000000e+00   5.0000000e+00   2.0000000e+00   0.0000000e+00   7.1600000e+00
   2.0170000e+03   8.0000000e+00   8.0000000e+00   5.0000000e+00   3.0000000e+00   0.0000000e+00   6.9600000e+00
   2.0170000e+03   8.0000000e+00   8.0000000e+00   5.0000000e+00   4.0000000e+00   0.0000000e+00   5.4400000e+00
   2.0170000e+03   8.0000000e+00   8.0000000e+00   5.0000000e+00   5.0000000e+00   0.0000000e+00   5.0800000e+00
   2.0170000e+03   8.0000000e+00   8.0000000e+00   5.0000000e+00   6.0000000e+00   0.0000000e+00   6.8000000e+00
   2.0170000e+03   8.0000000e+00   8.0000000e+00   5.0000000e+00   7.0000000e+00   0.0000000e+00   7.5599999e+00
   2.0170000e+03   8.0000000e+00   8.0000000e+00   5.0000000e+00   8.0000000e+00   0.0000000e+00   6.0399999e+00
   2.0170000e+03   8.0000000e+00   8.0000000e+00   5.0000000e+00   9.0000000e+00   0.0000000e+00   5.6800000e+00
   2.0170000e+03   8.0000000e+00   8.0000000e+00   5.0000000e+00   1.0000000e+01   0.0000000e+00   6.2800000e+00
   2.0170000e+03   8.0000000e+00   8.0000000e+00   5.0000000e+00   1.1000000e+01   0.0000000e+00   7.1600001e+00
   2.0170000e+03   8.0000000e+00   8.0000000e+00   5.0000000e+00   1.2000000e+01   0.0000000e+00   8.6400000e+00
   2.0170000e+03   8.0000000e+00   8.0000000e+00   5.0000000e+00   1.3000000e+01   0.0000000e+00   1.0440000e+01
   2.0170000e+03   8.0000000e+00   8.0000000e+00   5.0000000e+00   1.4000000e+01   0.0000000e+00   1.3640000e+01
   2.0170000e+03   8.0000000e+00   8.0000000e+00   5.0000000e+00   1.5000000e+01   0.0000000e+00   1.8160000e+01
   2.0170000e+03   8.0000000e+00   8.0000000e+00   5.0000000e+00   1.6000000e+01   0.0000000e+00   1.8440000e+01
   2.0170000e+03   8.0000000e+00   8.0000000e+00   5.0000000e+00   1.7000000e+01   0.0000000e+00   1.5920000e+01
   2.0170000e+03   8.0000000e+00   8.0000000e+00   5.0000000e+00   1.8000000e+01   0.0000000e+00   1.6160000e+01
   2.0170000e+03   8.0000000e+00   8.0000000e+00   5.0000000e+00   1.9000000e+01   0.0000000e+00   1.5400000e+01
   2.0170000e+03   8.0000000e+00   8.0000000e+00   5.0000000e+00   2.0000000e+01   0.0000000e+00   1.2960000e+01
   2.0170000e+03   8.0000000e+00   8.0000000e+00   5.0000000e+00   2.1000000e+01   0.0000000e+00   1.1160000e+01
   2.0170000e+03   8.0000000e+00   8.0000000e+00   5.0000000e+00   2.2000000e+01   0.0000000e+00   1.1600000e+01
   2.0170000e+03   8.0000000e+00   8.0000000e+00   5.0000000e+00   2.3000000e+01   0.0000000e+00   1.2640000e+01
   2.0170000e+03   8.0000000e+00   8.0000000e+00   5.0000000e+00   2.4000000e+01   0.0000000e+00   1.1720000e+01
   2.0170000e+03   8.0000000e+00   8.0000000e+00   5.0000000e+00   2.5000000e+01   0.0000000e+00   1.0560000e+01
   2.0170000e+03   8.0000000e+00   8.0000000e+00   5.0000000e+00   2.6000000e+01   0.0000000e+00   9.6000000e+00
   2.0170000e+03   8.0000000e+00   8.0000000e+00   5.0000000e+00   2.7000000e+01   0.0000000e+00   9.6000000e+00
   2.0170000e+03   8.0000000e+00   8.0000000e+00   5.0000000e+00   2.8000000e+01   0.0000000e+00   1.1000000e+01
   2.0170000e+03   8.0000000e+00   8.0000000e+00   5.0000000e+00   2.9000000e+01   0.0000000e+00   1.5120000e+01
   2.0170000e+03   8.0000000e+00   8.0000000e+00   5.0000000e+00   3.0000000e+01   0.0000000e+00   1.7160000e+01
   2.0170000e+03   8.0000000e+00   8.0000000e+00   5.0000000e+00   3.1000000e+01   0.0000000e+00   1.4240000e+01
   2.0170000e+03   8.0000000e+00   8.0000000e+00   5.0000000e+00   3.2000000e+01   0.0000000e+00   9.7600000e+00
   2.0170000e+03   8.0000000e+00   8.0000000e+00   5.0000000e+00   3.3000000e+01   0.0000000e+00   6.6400000e+00
   2.0170000e+03   8.0000000e+00   8.0000000e+00   5.0000000e+00   3.4000000e+01   0.0000000e+00   4.6000000e+00
   2.0170000e+03   8.0000000e+00   8.0000000e+00   5.0000000e+00   3.5000000e+01   0.0000000e+00   2.7200000e+00
   2.0170000e+03   8.0000000e+00   8.0000000e+00   5.0000000e+00   3.6000000e+01   0.0000000e+00   2.4000000e+00
   2.0170000e+03   8.0000000e+00   8.0000000e+00   5.0000000e+00   3.7000000e+01   0.0000000e+00   2.1200000e+00
   2.0170000e+03   8.0000000e+00   8.0000000e+00   5.0000000e+00   3.8000000e+01   0.0000000e+00   1.8000000e+00
   2.0170000e+03   8.0000000e+00   8.0000000e+00   5.0000000e+00   3.9000000e+01   0.0000000e+00   2.0800000e+00
   2.0170000e+03   8.0000000e+00   8.0000000e+00   5.0000000e+00   4.0000000e+01   0.0000000e+00   1.8400000e+00
   2.0170000e+03   8.0000000e+00   8.0000000e+00   5.0000000e+00   4.1000000e+01   0.0000000e+00   1.2000000e+00
   2.0170000e+03   8.0000000e+00   8.0000000e+00   5.0000000e+00   4.2000000e+01   0.0000000e+00   9.1999996e-01
   2.0170000e+03   8.0000000e+00   8.0000000e+00   5.0000000e+00   4.3000000e+01   0.0000000e+00   6.0000000e-01
   2.0170000e+03   8.0000000e+00   8.0000000e+00   5.0000000e+00   4.4000000e+01   0.0000000e+00   6.0000000e-01
   2.0170000e+03   8.0000000e+00   8.0000000e+00   5.0000000e+00   4.5000000e+01   0.0000000e+00   3.2000004e-01
   2.0170000e+03   8.0000000e+00   8.0000000e+00   5.0000000e+00   4.6000000e+01   0.0000000e+00   2.8000000e-01
   2.0170000e+03   8.0000000e+00   8.0000000e+00   5.0000000e+00   4.7000000e+01   0.0000000e+00   3.2000000e-01
   2.0170000e+03   8.0000000e+00   8.0000000e+00   5.0000000e+00   4.8000000e+01   0.0000000e+00   2.8000000e-01
   2.0170000e+03   8.0000000e+00   8.0000000e+00   5.0000000e+00   4.9000000e+01   0.0000000e+00   3.2000000e-01
   2.0170000e+03   8.0000000e+00   8.0000000e+00   5.0000000e+00   5.0000000e+01   0.0000000e+00   0.0000000e+00
   2.0170000e+03   8.0000000e+00   8.0000000e+00   5.0000000e+00   5.1000000e+01   0.0000000e+00   2.8000000e-01
   2.0170000e+03   8.0000000e+00   8.0000000e+00   5.0000000e+00   5.2000000e+01   0.0000000e+00   3.1999996e-01
   2.0170000e+03   8.0000000e+00   8.0000000e+00   5.0000000e+00   5.3000000e+01   0.0000000e+00   0.0000000e+00
   2.0170000e+03   8.0000000e+00   8.0000000e+00   5.0000000e+00   5.4000000e+01   0.0000000e+00   0.0000000e+00
   2.0170000e+03   8.0000000e+00   8.0000000e+00   5.0000000e+00   5.5000000e+01   0.0000000e+00   2.8000004e-01
   2.0170000e+03   8.0000000e+00   8.0000000e+00   5.0000000e+00   5.6000000e+01   0.0000000e+00   3.1999996e-01
   2.0170000e+03   8.0000000e+00   8.0000000e+00   5.0000000e+00   5.7000000e+01   0.0000000e+00   0.0000000e+00
   2.0170000e+03   8.0000000e+00   8.0000000e+00   5.0000000e+00   5.8000000e+01   0.0000000e+00   0.0000000e+00
   2.0170000e+03   8.0000000e+00   8.0000000e+00   5.0000000e+00   5.9000000e+01   0.0000000e+00   2.7999996e-01
   2.0170000e+03   8.0000000e+00   8.0000000e+00   6.0000000e+00   0.0000000e+00   0.0000000e+00   3.2000000e-01
   2.0170000e+03   8.0000000e+00   8.0000000e+00   6.0000000e+00   1.0000000e+00   0.0000000e+00   0.0000000e+00
   2.0170000e+03   8.0000000e+00   8.0000000e+00   6.0000000e+00   2.0000000e+00   0.0000000e+00   0.0000000e+00
   2.0170000e+03   8.0000000e+00   8.0000000e+00   6.0000000e+00   3.0000000e+00   0.0000000e+00   0.0000000e+00
   2.0170000e+03   8.0000000e+00   8.0000000e+00   6.0000000e+00   4.0000000e+00   0.0000000e+00   0.0000000e+00
   2.0170000e+03   8.0000000e+00   8.0000000e+00   6.0000000e+00   5.0000000e+00   0.0000000e+00   0.0000000e+00
   2.0170000e+03   8.0000000e+00   8.0000000e+00   6.0000000e+00   6.0000000e+00   0.0000000e+00   2.8000004e-01
   2.0170000e+03   8.0000000e+00   8.0000000e+00   6.0000000e+00   7.0000000e+00   0.0000000e+00   6.0000000e-01
   2.0170000e+03   8.0000000e+00   8.0000000e+00   6.0000000e+00   8.0000000e+00   0.0000000e+00   8.8000000e-01
   2.0170000e+03   8.0000000e+00   8.0000000e+00   6.0000000e+00   9.0000000e+00   0.0000000e+00   9.1999996e-01
   2.0170000e+03   8.0000000e+00   8.0000000e+00   6.0000000e+00   1.0000000e+01   0.0000000e+00   6.0000000e-01
   2.0170000e+03   8.0000000e+00   8.0000000e+00   6.0000000e+00   1.1000000e+01   0.0000000e+00   3.2000000e-01
   2.0170000e+03   8.0000000e+00   8.0000000e+00   6.0000000e+00   1.2000000e+01   0.0000000e+00   2.7999996e-01
   2.0170000e+03   8.0000000e+00   8.0000000e+00   6.0000000e+00   1.3000000e+01   0.0000000e+00   3.2000004e-01
   2.0170000e+03   8.0000000e+00   8.0000000e+00   6.0000000e+00   1.4000000e+01   0.0000000e+00   0.0000000e+00
   2.0170000e+03   8.0000000e+00   8.0000000e+00   6.0000000e+00   1.5000000e+01   0.0000000e+00   0.0000000e+00
   2.0170000e+03   8.0000000e+00   8.0000000e+00   6.0000000e+00   1.6000000e+01   0.0000000e+00   2.7999996e-01
   2.0170000e+03   8.0000000e+00   8.0000000e+00   6.0000000e+00   1.7000000e+01   0.0000000e+00   3.2000000e-01
   2.0170000e+03   8.0000000e+00   8.0000000e+00   6.0000000e+00   1.8000000e+01   0.0000000e+00   0.0000000e+00
   2.0170000e+03   8.0000000e+00   8.0000000e+00   6.0000000e+00   1.9000000e+01   0.0000000e+00   0.0000000e+00
   2.0170000e+03   8.0000000e+00   8.0000000e+00   6.0000000e+00   2.0000000e+01   0.0000000e+00   0.0000000e+00
   2.0170000e+03   8.0000000e+00   8.0000000e+00   6.0000000e+00   2.1000000e+01   0.0000000e+00   0.0000000e+00
   2.0170000e+03   8.0000000e+00   8.0000000e+00   6.0000000e+00   2.2000000e+01   0.0000000e+00   0.0000000e+00
   2.0170000e+03   8.0000000e+00   8.0000000e+00   6.0000000e+00   2.3000000e+01   0.0000000e+00   0.0000000e+00
   2.0170000e+03   8.0000000e+00   8.0000000e+00   6.0000000e+00   2.4000000e+01   0.0000000e+00   0.0000000e+00
   2.0170000e+03   8.0000000e+00   8.0000000e+00   6.0000000e+00   2.5000000e+01   0.0000000e+00   0.0000000e+00
   2.0170000e+03   8.0000000e+00   8.0000000e+00   6.0000000e+00   2.6000000e+01   0.0000000e+00   0.0000000e+00
   2.0170000e+03   8.0000000e+00   8.0000000e+00   6.0000000e+00   2.7000000e+01   0.0000000e+00   0.0000000e+00
   2.0170000e+03   8.0000000e+00   8.0000000e+00   6.0000000e+00   2.8000000e+01   0.0000000e+00   2.8000000e-01
   2.0170000e+03   8.0000000e+00   8.0000000e+00   6.0000000e+00   2.9000000e+01   0.0000000e+00   3.2000004e-01
   2.0170000e+03   8.0000000e+00   8.0000000e+00   6.0000000e+00   3.0000000e+01   0.0000000e+00   0.0000000e+00
   2.0170000e+03   8.0000000e+00   8.0000000e+00   6.0000000e+00   3.1000000e+01   0.0000000e+00   1.4000000e+00
   2.0170000e+03   8.0000000e+00   8.0000000e+00   6.0000000e+00   3.2000000e+01   0.0000000e+00   2.7200000e+00
   2.0170000e+03   8.0000000e+00   8.0000000e+00   6.0000000e+00   3.3000000e+01   0.0000000e+00   2.1200000e+00
   2.0170000e+03   8.0000000e+00   8.0000000e+00   6.0000000e+00   3.4000000e+01   0.0000000e+00   2.0800000e+00
   2.0170000e+03   8.0000000e+00   8.0000000e+00   6.0000000e+00   3.5000000e+01   0.0000000e+00   2.1200000e+00
   2.0170000e+03   8.0000000e+00   8.0000000e+00   6.0000000e+00   3.6000000e+01   0.0000000e+00   2.3600000e+00
   2.0170000e+03   8.0000000e+00   8.0000000e+00   6.0000000e+00   3.7000000e+01   0.0000000e+00   3.5600001e+00
   2.0170000e+03   8.0000000e+00   8.0000000e+00   6.0000000e+00   3.8000000e+01   0.0000000e+00   4.7600001e+00
   2.0170000e+03   8.0000000e+00   8.0000000e+00   6.0000000e+00   3.9000000e+01   0.0000000e+00   4.8400000e+00
   2.0170000e+03   8.0000000e+00   8.0000000e+00   6.0000000e+00   4.0000000e+01   0.0000000e+00   3.6399999e+00
   2.0170000e+03   8.0000000e+00   8.0000000e+00   6.0000000e+00   4.1000000e+01   0.0000000e+00   3.0000000e+00
   2.0170000e+03   8.0000000e+00   8.0000000e+00   6.0000000e+00   4.2000000e+01   0.0000000e+00   2.4400000e+00
   2.0170000e+03   8.0000000e+00   8.0000000e+00   6.0000000e+00   4.3000000e+01   0.0000000e+00   1.2400001e+00
   2.0170000e+03   8.0000000e+00   8.0000000e+00   6.0000000e+00   4.4000000e+01   0.0000000e+00   8.7999996e-01
   2.0170000e+03   8.0000000e+00   8.0000000e+00   6.0000000e+00   4.5000000e+01   0.0000000e+00   6.4000000e-01
   2.0170000e+03   8.0000000e+00   8.0000000e+00   6.0000000e+00   4.6000000e+01   0.0000000e+00   2.7999996e-01
   2.0170000e+03   8.0000000e+00   8.0000000e+00   6.0000000e+00   4.7000000e+01   0.0000000e+00   3.2000004e-01
   2.0170000e+03   8.0000000e+00   8.0000000e+00   6.0000000e+00   4.8000000e+01   0.0000000e+00   2.8000000e-01
   2.0170000e+03   8.0000000e+00   8.0000000e+00   6.0000000e+00   4.9000000e+01   0.0000000e+00   3.2000000e-01
   2.0170000e+03   8.0000000e+00   8.0000000e+00   6.0000000e+00   5.0000000e+01   0.0000000e+00   0.0000000e+00
   2.0170000e+03   8.0000000e+00   8.0000000e+00   6.0000000e+00   5.1000000e+01   0.0000000e+00   0.0000000e+00
   2.0170000e+03   8.0000000e+00   8.0000000e+00   6.0000000e+00   5.2000000e+01   0.0000000e+00   2.8000004e-01
   2.0170000e+03   8.0000000e+00   8.0000000e+00   6.0000000e+00   5.3000000e+01   0.0000000e+00   3.2000000e-01
   2.0170000e+03   8.0000000e+00   8.0000000e+00   6.0000000e+00   5.4000000e+01   0.0000000e+00   0.0000000e+00
   2.0170000e+03   8.0000000e+00   8.0000000e+00   6.0000000e+00   5.5000000e+01   0.0000000e+00   0.0000000e+00
   2.0170000e+03   8.0000000e+00   8.0000000e+00   6.0000000e+00   5.6000000e+01   0.0000000e+00   0.0000000e+00
   2.0170000e+03   8.0000000e+00   8.0000000e+00   6.0000000e+00   5.7000000e+01   0.0000000e+00   0.0000000e+00
   2.0170000e+03   8.0000000e+00   8.0000000e+00   6.0000000e+00   5.8000000e+01   0.0000000e+00   0.0000000e+00
   2.0170000e+03   8.0000000e+00   8.0000000e+00   6.0000000e+00   5.9000000e+01   0.0000000e+00   5.3200000e+00
   2.0170000e+03   8.0000000e+00   8.0000000e+00   7.0000000e+00   0.0000000e+00   0.0000000e+00   2.1479999e+01
   2.0170000e+03   8.0000000e+00   8.0000000e+00   7.0000000e+00   1.0000000e+00   0.0000000e+00   2.8520001e+01
   2.0170000e+03   8.0000000e+00   8.0000000e+00   7.0000000e+00   2.0000000e+00   0.0000000e+00   2.0040000e+01
   2.0170000e+03   8.0000000e+00   8.0000000e+00   7.0000000e+00   3.0000000e+00   0.0000000e+00   1.3120000e+01
   2.0170000e+03   8.0000000e+00   8.0000000e+00   7.0000000e+00   4.0000000e+00   0.0000000e+00   7.3600000e+00
   2.0170000e+03   8.0000000e+00   8.0000000e+00   7.0000000e+00   5.0000000e+00   0.0000000e+00   4.8000000e+00
   2.0170000e+03   8.0000000e+00   8.0000000e+00   7.0000000e+00   6.0000000e+00   0.0000000e+00   4.8000000e+00
   2.0170000e+03   8.0000000e+00   8.0000000e+00   7.0000000e+00   7.0000000e+00   0.0000000e+00   4.2400000e+00
   2.0170000e+03   8.0000000e+00   8.0000000e+00   7.0000000e+00   8.0000000e+00   0.0000000e+00   3.0399999e+00
   2.0170000e+03   8.0000000e+00   8.0000000e+00   7.0000000e+00   9.0000000e+00   0.0000000e+00   2.4000000e+00
   2.0170000e+03   8.0000000e+00   8.0000000e+00   7.0000000e+00   1.0000000e+01   0.0000000e+00   2.1200000e+00
   2.0170000e+03   8.0000000e+00   8.0000000e+00   7.0000000e+00   1.1000000e+01   0.0000000e+00   1.5200000e+00
   2.0170000e+03   8.0000000e+00   8.0000000e+00   7.0000000e+00   1.2000000e+01   0.0000000e+00   1.2000000e+00
   2.0170000e+03   8.0000000e+00   8.0000000e+00   7.0000000e+00   1.3000000e+01   0.0000000e+00   9.2000000e-01
   2.0170000e+03   8.0000000e+00   8.0000000e+00   7.0000000e+00   1.4000000e+01   0.0000000e+00   6.0000000e-01
   2.0170000e+03   8.0000000e+00   8.0000000e+00   7.0000000e+00   1.5000000e+01   0.0000000e+00   6.0000000e-01
   2.0170000e+03   8.0000000e+00   8.0000000e+00   7.0000000e+00   1.6000000e+01   0.0000000e+00   8.8000000e-01
   2.0170000e+03   8.0000000e+00   8.0000000e+00   7.0000000e+00   1.7000000e+01   0.0000000e+00   1.2000000e+00
   2.0170000e+03   8.0000000e+00   8.0000000e+00   7.0000000e+00   1.8000000e+01   0.0000000e+00   1.2000000e+00
   2.0170000e+03   8.0000000e+00   8.0000000e+00   7.0000000e+00   1.9000000e+01   0.0000000e+00   1.2000000e+00
   2.0170000e+03   8.0000000e+00   8.0000000e+00   7.0000000e+00   2.0000000e+01   0.0000000e+00   1.2000000e+00
   2.0170000e+03   8.0000000e+00   8.0000000e+00   7.0000000e+00   2.1000000e+01   0.0000000e+00   9.2000000e-01
   2.0170000e+03   8.0000000e+00   8.0000000e+00   7.0000000e+00   2.2000000e+01   0.0000000e+00   6.0000000e-01
   2.0170000e+03   8.0000000e+00   8.0000000e+00   7.0000000e+00   2.3000000e+01   0.0000000e+00   6.0000000e-01
   2.0170000e+03   8.0000000e+00   8.0000000e+00   7.0000000e+00   2.4000000e+01   0.0000000e+00   3.2000000e-01
   2.0170000e+03   8.0000000e+00   8.0000000e+00   7.0000000e+00   2.5000000e+01   0.0000000e+00   2.8000004e-01
   2.0170000e+03   8.0000000e+00   8.0000000e+00   7.0000000e+00   2.6000000e+01   0.0000000e+00   3.1999996e-01
   2.0170000e+03   8.0000000e+00   8.0000000e+00   7.0000000e+00   2.7000000e+01   0.0000000e+00   0.0000000e+00
   2.0170000e+03   8.0000000e+00   8.0000000e+00   7.0000000e+00   2.8000000e+01   0.0000000e+00   0.0000000e+00
   2.0170000e+03   8.0000000e+00   8.0000000e+00   7.0000000e+00   2.9000000e+01   0.0000000e+00   0.0000000e+00
   2.0170000e+03   8.0000000e+00   8.0000000e+00   7.0000000e+00   3.0000000e+01   0.0000000e+00   2.8000000e-01
   2.0170000e+03   8.0000000e+00   8.0000000e+00   7.0000000e+00   3.1000000e+01   0.0000000e+00   3.2000004e-01
   2.0170000e+03   8.0000000e+00   8.0000000e+00   7.0000000e+00   3.2000000e+01   0.0000000e+00   0.0000000e+00
   2.0170000e+03   8.0000000e+00   8.0000000e+00   7.0000000e+00   3.3000000e+01   0.0000000e+00   0.0000000e+00
   2.0170000e+03   8.0000000e+00   8.0000000e+00   7.0000000e+00   3.4000000e+01   0.0000000e+00   0.0000000e+00
   2.0170000e+03   8.0000000e+00   8.0000000e+00   7.0000000e+00   3.5000000e+01   0.0000000e+00   0.0000000e+00
   2.0170000e+03   8.0000000e+00   8.0000000e+00   7.0000000e+00   3.6000000e+01   0.0000000e+00   0.0000000e+00
   2.0170000e+03   8.0000000e+00   8.0000000e+00   7.0000000e+00   3.7000000e+01   0.0000000e+00   0.0000000e+00
   2.0170000e+03   8.0000000e+00   8.0000000e+00   7.0000000e+00   3.8000000e+01   0.0000000e+00   0.0000000e+00
   2.0170000e+03   8.0000000e+00   8.0000000e+00   7.0000000e+00   3.9000000e+01   0.0000000e+00   0.0000000e+00
   2.0170000e+03   8.0000000e+00   8.0000000e+00   7.0000000e+00   4.0000000e+01   0.0000000e+00   2.8000004e-01
   2.0170000e+03   8.0000000e+00   8.0000000e+00   7.0000000e+00   4.1000000e+01   0.0000000e+00   3.2000000e-01
   2.0170000e+03   8.0000000e+00   8.0000000e+00   7.0000000e+00   4.2000000e+01   0.0000000e+00   0.0000000e+00
   2.0170000e+03   8.0000000e+00   8.0000000e+00   7.0000000e+00   4.3000000e+01   0.0000000e+00   0.0000000e+00
   2.0170000e+03   8.0000000e+00   8.0000000e+00   7.0000000e+00   4.4000000e+01   0.0000000e+00   0.0000000e+00
   2.0170000e+03   8.0000000e+00   8.0000000e+00   7.0000000e+00   4.5000000e+01   0.0000000e+00   0.0000000e+00
   2.0170000e+03   8.0000000e+00   8.0000000e+00   7.0000000e+00   4.6000000e+01   0.0000000e+00   0.0000000e+00
   2.0170000e+03   8.0000000e+00   8.0000000e+00   7.0000000e+00   4.7000000e+01   0.0000000e+00   0.0000000e+00
   2.0170000e+03   8.0000000e+00   8.0000000e+00   7.0000000e+00   4.8000000e+01   0.0000000e+00   0.0000000e+00
   2.0170000e+03   8.0000000e+00   8.0000000e+00   7.0000000e+00   4.9000000e+01   0.0000000e+00   0.0000000e+00
   2.0170000e+03   8.0000000e+00   8.0000000e+00   7.0000000e+00   5.0000000e+01   0.0000000e+00   0.0000000e+00
   2.0170000e+03   8.0000000e+00   8.0000000e+00   7.0000000e+00   5.1000000e+01   0.0000000e+00   0.0000000e+00
   2.0170000e+03   8.0000000e+00   8.0000000e+00   7.0000000e+00   5.2000000e+01   0.0000000e+00   0.0000000e+00
   2.0170000e+03   8.0000000e+00   8.0000000e+00   7.0000000e+00   5.3000000e+01   0.0000000e+00   0.0000000e+00
   2.0170000e+03   8.0000000e+00   8.0000000e+00   7.0000000e+00   5.4000000e+01   0.0000000e+00   0.0000000e+00
   2.0170000e+03   8.0000000e+00   8.0000000e+00   7.0000000e+00   5.5000000e+01   0.0000000e+00   0.0000000e+00
   2.0170000e+03   8.0000000e+00   8.0000000e+00   7.0000000e+00   5.6000000e+01   0.0000000e+00   0.0000000e+00
   2.0170000e+03   8.0000000e+00   8.0000000e+00   7.0000000e+00   5.7000000e+01   0.0000000e+00   0.0000000e+00
   2.0170000e+03   8.0000000e+00   8.0000000e+00   7.0000000e+00   5.8000000e+01   0.0000000e+00   0.0000000e+00
   2.0170000e+03   8.0000000e+00   8.0000000e+00   7.0000000e+00   5.9000000e+01   0.0000000e+00   0.0000000e+00
   2.0170000e+03   8.0000000e+00   8.0000000e+00   8.0000000e+00   0.0000000e+00   0.0000000e+00   5.5999992e-01
   2.0170000e+03   8.0000000e+00   8.0000000e+00   8.0000000e+00   1.0000000e+00   0.0000000e+00   3.1600000e+00
   2.0170000e+03   8.0000000e+00   8.0000000e+00   8.0000000e+00   2.0000000e+00   0.0000000e+00   4.2800000e+00
   2.0170000e+03   8.0000000e+00   8.0000000e+00   8.0000000e+00   3.0000000e+00   0.0000000e+00   9.1600000e+00
   2.0170000e+03   8.0000000e+00   8.0000000e+00   8.0000000e+00   4.0000000e+00   0.0000000e+00   1.3680000e+01
   2.0170000e+03   8.0000000e+00   8.0000000e+00   8.0000000e+00   5.0000000e+00   0.0000000e+00   1.6120000e+01
   2.0170000e+03   8.0000000e+00   8.0000000e+00   8.0000000e+00   6.0000000e+00   0.0000000e+00   2.6960000e+01
   2.0170000e+03   8.0000000e+00   8.0000000e+00   8.0000000e+00   7.0000000e+00   0.0000000e+00   5.1160002e+01
   2.0170000e+03   8.0000000e+00   8.0000000e+00   8.0000000e+00   8.0000000e+00   0.0000000e+00   6.4479999e+01
   2.0170000e+03   8.0000000e+00   8.0000000e+00   8.0000000e+00   9.0000000e+00   0.0000000e+00   4.7640000e+01
   2.0170000e+03   8.0000000e+00   8.0000000e+00   8.0000000e+00   1.0000000e+01   0.0000000e+00   3.7880000e+01
   2.0170000e+03   8.0000000e+00   8.0000000e+00   8.0000000e+00   1.1000000e+01   0.0000000e+00   2.9599999e+01
   2.0170000e+03   8.0000000e+00   8.0000000e+00   8.0000000e+00   1.2000000e+01   0.0000000e+00   1.7400000e+01
   2.0170000e+03   8.0000000e+00   8.0000000e+00   8.0000000e+00   1.3000000e+01   0.0000000e+00   1.1480000e+01
   2.0170000e+03   8.0000000e+00   8.0000000e+00   8.0000000e+00   1.4000000e+01   0.0000000e+00   1.0200000e+01
   2.0170000e+03   8.0000000e+00   8.0000000e+00   8.0000000e+00   1.5000000e+01   0.0000000e+00   1.1320000e+01
   2.0170000e+03   8.0000000e+00   8.0000000e+00   8.0000000e+00   1.6000000e+01   0.0000000e+00   1.1760000e+01
   2.0170000e+03   8.0000000e+00   8.0000000e+00   8.0000000e+00   1.7000000e+01   0.0000000e+00   7.7200004e+00
   2.0170000e+03   8.0000000e+00   8.0000000e+00   8.0000000e+00   1.8000000e+01   0.0000000e+00   3.9200000e+00
   2.0170000e+03   8.0000000e+00   8.0000000e+00   8.0000000e+00   1.9000000e+01   0.0000000e+00   4.1600000e+00
   2.0170000e+03   8.0000000e+00   8.0000000e+00   8.0000000e+00   2.0000000e+01   0.0000000e+00   4.5200000e+00
   2.0170000e+03   8.0000000e+00   8.0000000e+00   8.0000000e+00   2.1000000e+01   0.0000000e+00   3.9200000e+00
   2.0170000e+03   8.0000000e+00   8.0000000e+00   8.0000000e+00   2.2000000e+01   0.0000000e+00   3.3200000e+00
   2.0170000e+03   8.0000000e+00   8.0000000e+00   8.0000000e+00   2.3000000e+01   0.0000000e+00   2.7200000e+00
   2.0170000e+03   8.0000000e+00   8.0000000e+00   8.0000000e+00   2.4000000e+01   0.0000000e+00   2.1200000e+00
   2.0170000e+03   8.0000000e+00   8.0000000e+00   8.0000000e+00   2.5000000e+01   0.0000000e+00   1.8000000e+00
   2.0170000e+03   8.0000000e+00   8.0000000e+00   8.0000000e+00   2.6000000e+01   0.0000000e+00   1.5200000e+00
   2.0170000e+03   8.0000000e+00   8.0000000e+00   8.0000000e+00   2.7000000e+01   0.0000000e+00   9.2000004e-01
   2.0170000e+03   8.0000000e+00   8.0000000e+00   8.0000000e+00   2.8000000e+01   0.0000000e+00   6.0000000e-01
   2.0170000e+03   8.0000000e+00   8.0000000e+00   8.0000000e+00   2.9000000e+01   0.0000000e+00   3.2000000e-01
   2.0170000e+03   8.0000000e+00   8.0000000e+00   8.0000000e+00   3.0000000e+01   0.0000000e+00   2.7999996e-01
   2.0170000e+03   8.0000000e+00   8.0000000e+00   8.0000000e+00   3.1000000e+01   0.0000000e+00   3.2000004e-01
   2.0170000e+03   8.0000000e+00   8.0000000e+00   8.0000000e+00   3.2000000e+01   0.0000000e+00   0.0000000e+00
   2.0170000e+03   8.0000000e+00   8.0000000e+00   8.0000000e+00   3.3000000e+01   0.0000000e+00   2.8000000e-01
   2.0170000e+03   8.0000000e+00   8.0000000e+00   8.0000000e+00   3.4000000e+01   0.0000000e+00   3.2000000e-01
   2.0170000e+03   8.0000000e+00   8.0000000e+00   8.0000000e+00   3.5000000e+01   0.0000000e+00   0.0000000e+00
   2.0170000e+03   8.0000000e+00   8.0000000e+00   8.0000000e+00   3.6000000e+01   0.0000000e+00   0.0000000e+00
   2.0170000e+03   8.0000000e+00   8.0000000e+00   8.0000000e+00   3.7000000e+01   0.0000000e+00   0.0000000e+00
   2.0170000e+03   8.0000000e+00   8.0000000e+00   8.0000000e+00   3.8000000e+01   0.0000000e+00   2.8000004e-01
   2.0170000e+03   8.0000000e+00   8.0000000e+00   8.0000000e+00   3.9000000e+01   0.0000000e+00   3.1999996e-01
   2.0170000e+03   8.0000000e+00   8.0000000e+00   8.0000000e+00   4.0000000e+01   0.0000000e+00   0.0000000e+00
   2.0170000e+03   8.0000000e+00   8.0000000e+00   8.0000000e+00   4.1000000e+01   0.0000000e+00   0.0000000e+00
   2.0170000e+03   8.0000000e+00   8.0000000e+00   8.0000000e+00   4.2000000e+01   0.0000000e+00   0.0000000e+00
   2.0170000e+03   8.0000000e+00   8.0000000e+00   8.0000000e+00   4.3000000e+01   0.0000000e+00   2.8000000e-01
   2.0170000e+03   8.0000000e+00   8.0000000e+00   8.0000000e+00   4.4000000e+01   0.0000000e+00   8.7999996e-01
   2.0170000e+03   8.0000000e+00   8.0000000e+00   8.0000000e+00   4.5000000e+01   0.0000000e+00   1.2000000e+00
   2.0170000e+03   8.0000000e+00   8.0000000e+00   8.0000000e+00   4.6000000e+01   0.0000000e+00   1.2000000e+00
   2.0170000e+03   8.0000000e+00   8.0000000e+00   8.0000000e+00   4.7000000e+01   0.0000000e+00   1.7600000e+00
   2.0170000e+03   8.0000000e+00   8.0000000e+00   8.0000000e+00   4.8000000e+01   0.0000000e+00   2.4000000e+00
   2.0170000e+03   8.0000000e+00   8.0000000e+00   8.0000000e+00   4.9000000e+01   0.0000000e+00   3.5200000e+00
   2.0170000e+03   8.0000000e+00   8.0000000e+00   8.0000000e+00   5.0000000e+01   0.0000000e+00   4.2400000e+00
   2.0170000e+03   8.0000000e+00   8.0000000e+00   8.0000000e+00   5.1000000e+01   0.0000000e+00   3.3200000e+00
   2.0170000e+03   8.0000000e+00   8.0000000e+00   8.0000000e+00   5.2000000e+01   0.0000000e+00   3.0000000e+00
   2.0170000e+03   8.0000000e+00   8.0000000e+00   8.0000000e+00   5.3000000e+01   0.0000000e+00   2.7200000e+00
   2.0170000e+03   8.0000000e+00   8.0000000e+00   8.0000000e+00   5.4000000e+01   0.0000000e+00   2.9600000e+00
   2.0170000e+03   8.0000000e+00   8.0000000e+00   8.0000000e+00   5.5000000e+01   0.0000000e+00   3.6000000e+00
   2.0170000e+03   8.0000000e+00   8.0000000e+00   8.0000000e+00   5.6000000e+01   0.0000000e+00   3.3200000e+00
   2.0170000e+03   8.0000000e+00   8.0000000e+00   8.0000000e+00   5.7000000e+01   0.0000000e+00   3.2800000e+00
   2.0170000e+03   8.0000000e+00   8.0000000e+00   8.0000000e+00   5.8000000e+01   0.0000000e+00   3.0400001e+00
   2.0170000e+03   8.0000000e+00   8.0000000e+00   8.0000000e+00   5.9000000e+01   0.0000000e+00   2.4000000e+00
   2.0170000e+03   8.0000000e+00   8.0000000e+00   9.0000000e+00   0.0000000e+00   0.0000000e+00   1.8400000e+00
   2.0170000e+03   8.0000000e+00   8.0000000e+00   9.0000000e+00   1.0000000e+00   0.0000000e+00   9.2000004e-01
   2.0170000e+03   8.0000000e+00   8.0000000e+00   9.0000000e+00   2.0000000e+00   0.0000000e+00   8.7999996e-01
   2.0170000e+03   8.0000000e+00   8.0000000e+00   9.0000000e+00   3.0000000e+00   0.0000000e+00   9.2000000e-01
   2.0170000e+03   8.0000000e+00   8.0000000e+00   9.0000000e+00   4.0000000e+00   0.0000000e+00   3.2000000e-01
   2.0170000e+03   8.0000000e+00   8.0000000e+00   9.0000000e+00   5.0000000e+00   0.0000000e+00   2.8000000e-01
   2.0170000e+03   8.0000000e+00   8.0000000e+00   9.0000000e+00   6.0000000e+00   0.0000000e+00   6.0000000e-01
   2.0170000e+03   8.0000000e+00   8.0000000e+00   9.0000000e+00   7.0000000e+00   0.0000000e+00   3.1999996e-01
   2.0170000e+03   8.0000000e+00   8.0000000e+00   9.0000000e+00   8.0000000e+00   0.0000000e+00   0.0000000e+00
   2.0170000e+03   8.0000000e+00   8.0000000e+00   9.0000000e+00   9.0000000e+00   0.0000000e+00   2.8000004e-01
   2.0170000e+03   8.0000000e+00   8.0000000e+00   9.0000000e+00   1.0000000e+01   0.0000000e+00   3.1999996e-01
   2.0170000e+03   8.0000000e+00   8.0000000e+00   9.0000000e+00   1.1000000e+01   0.0000000e+00   0.0000000e+00
   2.0170000e+03   8.0000000e+00   8.0000000e+00   9.0000000e+00   1.2000000e+01   0.0000000e+00   0.0000000e+00
   2.0170000e+03   8.0000000e+00   8.0000000e+00   9.0000000e+00   1.3000000e+01   0.0000000e+00   2.7999996e-01
   2.0170000e+03   8.0000000e+00   8.0000000e+00   9.0000000e+00   1.4000000e+01   0.0000000e+00   3.2000000e-01
   2.0170000e+03   8.0000000e+00   8.0000000e+00   9.0000000e+00   1.5000000e+01   0.0000000e+00   0.0000000e+00
   2.0170000e+03   8.0000000e+00   8.0000000e+00   9.0000000e+00   1.6000000e+01   0.0000000e+00   0.0000000e+00
   2.0170000e+03   8.0000000e+00   8.0000000e+00   9.0000000e+00   1.7000000e+01   0.0000000e+00   0.0000000e+00
   2.0170000e+03   8.0000000e+00   8.0000000e+00   9.0000000e+00   1.8000000e+01   0.0000000e+00   0.0000000e+00
   2.0170000e+03   8.0000000e+00   8.0000000e+00   9.0000000e+00   1.9000000e+01   0.0000000e+00   0.0000000e+00
   2.0170000e+03   8.0000000e+00   8.0000000e+00   9.0000000e+00   2.0000000e+01   0.0000000e+00   2.8000000e-01
   2.0170000e+03   8.0000000e+00   8.0000000e+00   9.0000000e+00   2.1000000e+01   0.0000000e+00   3.2000000e-01
   2.0170000e+03   8.0000000e+00   8.0000000e+00   9.0000000e+00   2.2000000e+01   0.0000000e+00   0.0000000e+00
   2.0170000e+03   8.0000000e+00   8.0000000e+00   9.0000000e+00   2.3000000e+01   0.0000000e+00   0.0000000e+00
   2.0170000e+03   8.0000000e+00   8.0000000e+00   9.0000000e+00   2.4000000e+01   0.0000000e+00   0.0000000e+00
   2.0170000e+03   8.0000000e+00   8.0000000e+00   9.0000000e+00   2.5000000e+01   0.0000000e+00   0.0000000e+00
   2.0170000e+03   8.0000000e+00   8.0000000e+00   9.0000000e+00   2.6000000e+01   0.0000000e+00   0.0000000e+00
   2.0170000e+03   8.0000000e+00   8.0000000e+00   9.0000000e+00   2.7000000e+01   0.0000000e+00   0.0000000e+00
   2.0170000e+03   8.0000000e+00   8.0000000e+00   9.0000000e+00   2.8000000e+01   0.0000000e+00   0.0000000e+00
   2.0170000e+03   8.0000000e+00   8.0000000e+00   9.0000000e+00   2.9000000e+01   0.0000000e+00   0.0000000e+00
   2.0170000e+03   8.0000000e+00   8.0000000e+00   9.0000000e+00   3.0000000e+01   0.0000000e+00   0.0000000e+00
   2.0170000e+03   8.0000000e+00   8.0000000e+00   9.0000000e+00   3.1000000e+01   0.0000000e+00   0.0000000e+00
   2.0170000e+03   8.0000000e+00   8.0000000e+00   9.0000000e+00   3.2000000e+01   0.0000000e+00   0.0000000e+00
   2.0170000e+03   8.0000000e+00   8.0000000e+00   9.0000000e+00   3.3000000e+01   0.0000000e+00   0.0000000e+00
   2.0170000e+03   8.0000000e+00   8.0000000e+00   9.0000000e+00   3.4000000e+01   0.0000000e+00   1.1200000e+00
   2.0170000e+03   8.0000000e+00   8.0000000e+00   9.0000000e+00   3.5000000e+01   0.0000000e+00   5.2000000e+00
   2.0170000e+03   8.0000000e+00   8.0000000e+00   9.0000000e+00   3.6000000e+01   0.0000000e+00   1.1760000e+01
   2.0170000e+03   8.0000000e+00   8.0000000e+00   9.0000000e+00   3.7000000e+01   0.0000000e+00   1.8400000e+01
   2.0170000e+03   8.0000000e+00   8.0000000e+00   9.0000000e+00   3.8000000e+01   0.0000000e+00   2.2160000e+01
   2.0170000e+03   8.0000000e+00   8.0000000e+00   9.0000000e+00   3.9000000e+01   0.0000000e+00   2.2800000e+01
   2.0170000e+03   8.0000000e+00   8.0000000e+00   9.0000000e+00   4.0000000e+01   0.0000000e+00   1.6919999e+01
   2.0170000e+03   8.0000000e+00   8.0000000e+00   9.0000000e+00   4.1000000e+01   0.0000000e+00   7.3999996e+00
   2.0170000e+03   8.0000000e+00   8.0000000e+00   9.0000000e+00   4.2000000e+01   0.0000000e+00   3.3600000e+00
   2.0170000e+03   8.0000000e+00   8.0000000e+00   9.0000000e+00   4.3000000e+01   0.0000000e+00   2.6800000e+00
   2.0170000e+03   8.0000000e+00   8.0000000e+00   9.0000000e+00   4.4000000e+01   0.0000000e+00   2.4400001e+00
   2.0170000e+03   8.0000000e+00   8.0000000e+00   9.0000000e+00   4.5000000e+01   0.0000000e+00   1.8000000e+00
   2.0170000e+03   8.0000000e+00   8.0000000e+00   9.0000000e+00   4.6000000e+01   0.0000000e+00   1.8000000e+00
   2.0170000e+03   8.0000000e+00   8.0000000e+00   9.0000000e+00   4.7000000e+01   0.0000000e+00   1.8000000e+00
   2.0170000e+03   8.0000000e+00   8.0000000e+00   9.0000000e+00   4.8000000e+01   0.0000000e+00   1.8000000e+00
   2.0170000e+03   8.0000000e+00   8.0000000e+00   9.0000000e+00   4.9000000e+01   0.0000000e+00   1.5200000e+00
   2.0170000e+03   8.0000000e+00   8.0000000e+00   9.0000000e+00   5.0000000e+01   0.0000000e+00   9.2000000e-01
   2.0170000e+03   8.0000000e+00   8.0000000e+00   9.0000000e+00   5.1000000e+01   0.0000000e+00   6.0000000e-01
   2.0170000e+03   8.0000000e+00   8.0000000e+00   9.0000000e+00   5.2000000e+01   0.0000000e+00   6.0000000e-01
   2.0170000e+03   8.0000000e+00   8.0000000e+00   9.0000000e+00   5.3000000e+01   0.0000000e+00   6.0000000e-01
   2.0170000e+03   8.0000000e+00   8.0000000e+00   9.0000000e+00   5.4000000e+01   0.0000000e+00   3.1999996e-01
   2.0170000e+03   8.0000000e+00   8.0000000e+00   9.0000000e+00   5.5000000e+01   0.0000000e+00   2.8000004e-01
   2.0170000e+03   8.0000000e+00   8.0000000e+00   9.0000000e+00   5.6000000e+01   0.0000000e+00   3.2000000e-01
   2.0170000e+03   8.0000000e+00   8.0000000e+00   9.0000000e+00   5.7000000e+01   0.0000000e+00   0.0000000e+00
   2.0170000e+03   8.0000000e+00   8.0000000e+00   9.0000000e+00   5.8000000e+01   0.0000000e+00   0.0000000e+00
   2.0170000e+03   8.0000000e+00   8.0000000e+00   9.0000000e+00   5.9000000e+01   0.0000000e+00   0.0000000e+00
   2.0170000e+03   8.0000000e+00   8.0000000e+00   1.0000000e+01   0.0000000e+00   0.0000000e+00   2.7999996e-01
   2.0170000e+03   8.0000000e+00   8.0000000e+00   1.0000000e+01   1.0000000e+00   0.0000000e+00   3.2000004e-01
   2.0170000e+03   8.0000000e+00   8.0000000e+00   1.0000000e+01   2.0000000e+00   0.0000000e+00   0.0000000e+00
   2.0170000e+03   8.0000000e+00   8.0000000e+00   1.0000000e+01   3.0000000e+00   0.0000000e+00   0.0000000e+00
   2.0170000e+03   8.0000000e+00   8.0000000e+00   1.0000000e+01   4.0000000e+00   0.0000000e+00   0.0000000e+00
   2.0170000e+03   8.0000000e+00   8.0000000e+00   1.0000000e+01   5.0000000e+00   0.0000000e+00   0.0000000e+00
   2.0170000e+03   8.0000000e+00   8.0000000e+00   1.0000000e+01   6.0000000e+00   0.0000000e+00   0.0000000e+00
   2.0170000e+03   8.0000000e+00   8.0000000e+00   1.0000000e+01   7.0000000e+00   0.0000000e+00   0.0000000e+00
   2.0170000e+03   8.0000000e+00   8.0000000e+00   1.0000000e+01   8.0000000e+00   0.0000000e+00   0.0000000e+00
   2.0170000e+03   8.0000000e+00   8.0000000e+00   1.0000000e+01   9.0000000e+00   0.0000000e+00   2.8000004e-01
   2.0170000e+03   8.0000000e+00   8.0000000e+00   1.0000000e+01   1.0000000e+01   0.0000000e+00   3.2000000e-01
   2.0170000e+03   8.0000000e+00   8.0000000e+00   1.0000000e+01   1.1000000e+01   0.0000000e+00   0.0000000e+00
   2.0170000e+03   8.0000000e+00   8.0000000e+00   1.0000000e+01   1.2000000e+01   0.0000000e+00   0.0000000e+00
   2.0170000e+03   8.0000000e+00   8.0000000e+00   1.0000000e+01   1.3000000e+01   0.0000000e+00   0.0000000e+00
   2.0170000e+03   8.0000000e+00   8.0000000e+00   1.0000000e+01   1.4000000e+01   0.0000000e+00   0.0000000e+00
   2.0170000e+03   8.0000000e+00   8.0000000e+00   1.0000000e+01   1.5000000e+01   0.0000000e+00   0.0000000e+00
   2.0170000e+03   8.0000000e+00   8.0000000e+00   1.0000000e+01   1.6000000e+01   0.0000000e+00   2.8000000e-01
   2.0170000e+03   8.0000000e+00   8.0000000e+00   1.0000000e+01   1.7000000e+01   0.0000000e+00   2.8400000e+00
   2.0170000e+03   8.0000000e+00   8.0000000e+00   1.0000000e+01   1.8000000e+01   0.0000000e+00   5.4000000e+00
   2.0170000e+03   8.0000000e+00   8.0000000e+00   1.0000000e+01   1.9000000e+01   0.0000000e+00   5.9600000e+00
   2.0170000e+03   8.0000000e+00   8.0000000e+00   1.0000000e+01   2.0000000e+01   0.0000000e+00   9.1200000e+00
   2.0170000e+03   8.0000000e+00   8.0000000e+00   1.0000000e+01   2.1000000e+01   0.0000000e+00   9.4800000e+00
   2.0170000e+03   8.0000000e+00   8.0000000e+00   1.0000000e+01   2.2000000e+01   0.0000000e+00   6.6000000e+00
   2.0170000e+03   8.0000000e+00   8.0000000e+00   1.0000000e+01   2.3000000e+01   0.0000000e+00   6.3200000e+00
   2.0170000e+03   8.0000000e+00   8.0000000e+00   1.0000000e+01   2.4000000e+01   0.0000000e+00   6.5600000e+00
   2.0170000e+03   8.0000000e+00   8.0000000e+00   1.0000000e+01   2.5000000e+01   0.0000000e+00   6.9200000e+00
   2.0170000e+03   8.0000000e+00   8.0000000e+00   1.0000000e+01   2.6000000e+01   0.0000000e+00   7.7200002e+00
   2.0170000e+03   8.0000000e+00   8.0000000e+00   1.0000000e+01   2.7000000e+01   0.0000000e+00   8.4400000e+00
   2.0170000e+03   8.0000000e+00   8.0000000e+00   1.0000000e+01   2.8000000e+01   0.0000000e+00   9.4799998e+00
   2.0170000e+03   8.0000000e+00   8.0000000e+00   1.0000000e+01   2.9000000e+01   0.0000000e+00   1.1120000e+01
   2.0170000e+03   8.0000000e+00   8.0000000e+00   1.0000000e+01   3.0000000e+01   0.0000000e+00   9.1200000e+00
   2.0170000e+03   8.0000000e+00   8.0000000e+00   1.0000000e+01   3.1000000e+01   0.0000000e+00   8.0399999e+00
   2.0170000e+03   8.0000000e+00   8.0000000e+00   1.0000000e+01   3.2000000e+01   0.0000000e+00   8.4400001e+00
   2.0170000e+03   8.0000000e+00   8.0000000e+00   1.0000000e+01   3.3000000e+01   0.0000000e+00   8.0800000e+00
   2.0170000e+03   8.0000000e+00   8.0000000e+00   1.0000000e+01   3.4000000e+01   0.0000000e+00   7.8400000e+00
   2.0170000e+03   8.0000000e+00   8.0000000e+00   1.0000000e+01   3.5000000e+01   0.0000000e+00   6.6400000e+00
   2.0170000e+03   8.0000000e+00   8.0000000e+00   1.0000000e+01   3.6000000e+01   0.0000000e+00   6.5600001e+00
   2.0170000e+03   8.0000000e+00   8.0000000e+00   1.0000000e+01   3.7000000e+01   0.0000000e+00   6.6399999e+00
   2.0170000e+03   8.0000000e+00   8.0000000e+00   1.0000000e+01   3.8000000e+01   0.0000000e+00   4.8800000e+00
   2.0170000e+03   8.0000000e+00   8.0000000e+00   1.0000000e+01   3.9000000e+01   0.0000000e+00   3.8800000e+00
   2.0170000e+03   8.0000000e+00   8.0000000e+00   1.0000000e+01   4.0000000e+01   0.0000000e+00   5.3200002e+00
   2.0170000e+03   8.0000000e+00   8.0000000e+00   1.0000000e+01   4.1000000e+01   0.0000000e+00   8.0000000e+00
   2.0170000e+03   8.0000000e+00   8.0000000e+00   1.0000000e+01   4.2000000e+01   0.0000000e+00   8.7600001e+00
   2.0170000e+03   8.0000000e+00   8.0000000e+00   1.0000000e+01   4.3000000e+01   0.0000000e+00   6.6800002e+00
   2.0170000e+03   8.0000000e+00   8.0000000e+00   1.0000000e+01   4.4000000e+01   0.0000000e+00   5.6800000e+00
   2.0170000e+03   8.0000000e+00   8.0000000e+00   1.0000000e+01   4.5000000e+01   0.0000000e+00   6.2800000e+00
   2.0170000e+03   8.0000000e+00   8.0000000e+00   1.0000000e+01   4.6000000e+01   0.0000000e+00   6.8800000e+00
   2.0170000e+03   8.0000000e+00   8.0000000e+00   1.0000000e+01   4.7000000e+01   0.0000000e+00   6.3600000e+00
   2.0170000e+03   8.0000000e+00   8.0000000e+00   1.0000000e+01   4.8000000e+01   0.0000000e+00   5.1200000e+00
   2.0170000e+03   8.0000000e+00   8.0000000e+00   1.0000000e+01   4.9000000e+01   0.0000000e+00   4.5200000e+00
   2.0170000e+03   8.0000000e+00   8.0000000e+00   1.0000000e+01   5.0000000e+01   0.0000000e+00   3.3600000e+00
   2.0170000e+03   8.0000000e+00   8.0000000e+00   1.0000000e+01   5.1000000e+01   0.0000000e+00   3.2400000e+00
   2.0170000e+03   8.0000000e+00   8.0000000e+00   1.0000000e+01   5.2000000e+01   0.0000000e+00   3.9200000e+00
   2.0170000e+03   8.0000000e+00   8.0000000e+00   1.0000000e+01   5.3000000e+01   0.0000000e+00   3.0399999e+00
   2.0170000e+03   8.0000000e+00   8.0000000e+00   1.0000000e+01   5.4000000e+01   0.0000000e+00   2.4000000e+00
   2.0170000e+03   8.0000000e+00   8.0000000e+00   1.0000000e+01   5.5000000e+01   0.0000000e+00   2.6800000e+00
   2.0170000e+03   8.0000000e+00   8.0000000e+00   1.0000000e+01   5.6000000e+01   0.0000000e+00   2.4399999e+00
   2.0170000e+03   8.0000000e+00   8.0000000e+00   1.0000000e+01   5.7000000e+01   0.0000000e+00   2.3600001e+00
   2.0170000e+03   8.0000000e+00   8.0000000e+00   1.0000000e+01   5.8000000e+01   0.0000000e+00   2.4400000e+00
   2.0170000e+03   8.0000000e+00   8.0000000e+00   1.0000000e+01   5.9000000e+01   0.0000000e+00   1.8000000e+00
   2.0170000e+03   8.0000000e+00   8.0000000e+00   1.1000000e+01   0.0000000e+00   0.0000000e+00   2.0800000e+00
   2.0170000e+03   8.0000000e+00   8.0000000e+00   1.1000000e+01   1.0000000e+00   0.0000000e+00   2.4000000e+00
   2.0170000e+03   8.0000000e+00   8.0000000e+00   1.1000000e+01   2.0000000e+00   0.0000000e+00   2.9600000e+00
   2.0170000e+03   8.0000000e+00   8.0000000e+00   1.1000000e+01   3.0000000e+00   0.0000000e+00   4.1600000e+00
   2.0170000e+03   8.0000000e+00   8.0000000e+00   1.1000000e+01   4.0000000e+00   0.0000000e+00   4.8000000e+00
   2.0170000e+03   8.0000000e+00   8.0000000e+00   1.1000000e+01   5.0000000e+00   0.0000000e+00   4.8000000e+00
   2.0170000e+03   8.0000000e+00   8.0000000e+00   1.1000000e+01   6.0000000e+00   0.0000000e+00   5.0800000e+00
   2.0170000e+03   8.0000000e+00   8.0000000e+00   1.1000000e+01   7.0000000e+00   0.0000000e+00   4.8399999e+00
   2.0170000e+03   8.0000000e+00   8.0000000e+00   1.1000000e+01   8.0000000e+00   0.0000000e+00   3.9200000e+00
   2.0170000e+03   8.0000000e+00   8.0000000e+00   1.1000000e+01   9.0000000e+00   0.0000000e+00   3.8800000e+00
   2.0170000e+03   8.0000000e+00   8.0000000e+00   1.1000000e+01   1.0000000e+01   0.0000000e+00   3.6399999e+00
   2.0170000e+03   8.0000000e+00   8.0000000e+00   1.1000000e+01   1.1000000e+01   0.0000000e+00   3.2800000e+00
   2.0170000e+03   8.0000000e+00   8.0000000e+00   1.1000000e+01   1.2000000e+01   0.0000000e+00   4.1600000e+00
   2.0170000e+03   8.0000000e+00   8.0000000e+00   1.1000000e+01   1.3000000e+01   0.0000000e+00   4.8000000e+00
   2.0170000e+03   8.0000000e+00   8.0000000e+00   1.1000000e+01   1.4000000e+01   0.0000000e+00   4.8000000e+00
   2.0170000e+03   8.0000000e+00   8.0000000e+00   1.1000000e+01   1.5000000e+01   0.0000000e+00   4.5200000e+00
   2.0170000e+03   8.0000000e+00   8.0000000e+00   1.1000000e+01   1.6000000e+01   0.0000000e+00   4.4800000e+00
   2.0170000e+03   8.0000000e+00   8.0000000e+00   1.1000000e+01   1.7000000e+01   0.0000000e+00   4.8000000e+00
   2.0170000e+03   8.0000000e+00   8.0000000e+00   1.1000000e+01   1.8000000e+01   0.0000000e+00   4.8000000e+00
   2.0170000e+03   8.0000000e+00   8.0000000e+00   1.1000000e+01   1.9000000e+01   0.0000000e+00   4.2400000e+00
   2.0170000e+03   8.0000000e+00   8.0000000e+00   1.1000000e+01   2.0000000e+01   0.0000000e+00   3.0400000e+00
   2.0170000e+03   8.0000000e+00   8.0000000e+00   1.1000000e+01   2.1000000e+01   0.0000000e+00   2.9600001e+00
   2.0170000e+03   8.0000000e+00   8.0000000e+00   1.1000000e+01   2.2000000e+01   0.0000000e+00   2.7599999e+00
   2.0170000e+03   8.0000000e+00   8.0000000e+00   1.1000000e+01   2.3000000e+01   0.0000000e+00   1.2400000e+00
   2.0170000e+03   8.0000000e+00   8.0000000e+00   1.1000000e+01   2.4000000e+01   0.0000000e+00   8.8000004e-01
   2.0170000e+03   8.0000000e+00   8.0000000e+00   1.1000000e+01   2.5000000e+01   0.0000000e+00   6.3999992e-01
   2.0170000e+03   8.0000000e+00   8.0000000e+00   1.1000000e+01   2.6000000e+01   0.0000000e+00   2.8000000e-01
   2.0170000e+03   8.0000000e+00   8.0000000e+00   1.1000000e+01   2.7000000e+01   0.0000000e+00   6.0000000e-01
   2.0170000e+03   8.0000000e+00   8.0000000e+00   1.1000000e+01   2.8000000e+01   0.0000000e+00   6.0000000e-01
   2.0170000e+03   8.0000000e+00   8.0000000e+00   1.1000000e+01   2.9000000e+01   0.0000000e+00   3.2000000e-01
   2.0170000e+03   8.0000000e+00   8.0000000e+00   1.1000000e+01   3.0000000e+01   0.0000000e+00   2.7999996e-01
   2.0170000e+03   8.0000000e+00   8.0000000e+00   1.1000000e+01   3.1000000e+01   0.0000000e+00   6.0000000e-01
   2.0170000e+03   8.0000000e+00   8.0000000e+00   1.1000000e+01   3.2000000e+01   0.0000000e+00   8.8000000e-01
   2.0170000e+03   8.0000000e+00   8.0000000e+00   1.1000000e+01   3.3000000e+01   0.0000000e+00   1.2000000e+00
   2.0170000e+03   8.0000000e+00   8.0000000e+00   1.1000000e+01   3.4000000e+01   0.0000000e+00   1.2000000e+00
   2.0170000e+03   8.0000000e+00   8.0000000e+00   1.1000000e+01   3.5000000e+01   0.0000000e+00   1.4800000e+00
   2.0170000e+03   8.0000000e+00   8.0000000e+00   1.1000000e+01   3.6000000e+01   0.0000000e+00   2.3600000e+00
   2.0170000e+03   8.0000000e+00   8.0000000e+00   1.1000000e+01   3.7000000e+01   0.0000000e+00   3.2800000e+00
   2.0170000e+03   8.0000000e+00   8.0000000e+00   1.1000000e+01   3.8000000e+01   0.0000000e+00   3.3200000e+00
   2.0170000e+03   8.0000000e+00   8.0000000e+00   1.1000000e+01   3.9000000e+01   0.0000000e+00   2.7200000e+00
   2.0170000e+03   8.0000000e+00   8.0000000e+00   1.1000000e+01   4.0000000e+01   0.0000000e+00   2.4000000e+00
   2.0170000e+03   8.0000000e+00   8.0000000e+00   1.1000000e+01   4.1000000e+01   0.0000000e+00   1.8399999e+00
   2.0170000e+03   8.0000000e+00   8.0000000e+00   1.1000000e+01   4.2000000e+01   0.0000000e+00   1.2000000e+00
   2.0170000e+03   8.0000000e+00   8.0000000e+00   1.1000000e+01   4.3000000e+01   0.0000000e+00   9.2000000e-01
   2.0170000e+03   8.0000000e+00   8.0000000e+00   1.1000000e+01   4.4000000e+01   0.0000000e+00   6.0000000e-01
   2.0170000e+03   8.0000000e+00   8.0000000e+00   1.1000000e+01   4.5000000e+01   0.0000000e+00   6.0000000e-01
   2.0170000e+03   8.0000000e+00   8.0000000e+00   1.1000000e+01   4.6000000e+01   0.0000000e+00   6.0000000e-01
   2.0170000e+03   8.0000000e+00   8.0000000e+00   1.1000000e+01   4.7000000e+01   0.0000000e+00   6.0000000e-01
   2.0170000e+03   8.0000000e+00   8.0000000e+00   1.1000000e+01   4.8000000e+01   0.0000000e+00   8.8000000e-01
   2.0170000e+03   8.0000000e+00   8.0000000e+00   1.1000000e+01   4.9000000e+01   0.0000000e+00   1.4800000e+00
   2.0170000e+03   8.0000000e+00   8.0000000e+00   1.1000000e+01   5.0000000e+01   0.0000000e+00   1.8000000e+00
   2.0170000e+03   8.0000000e+00   8.0000000e+00   1.1000000e+01   5.1000000e+01   0.0000000e+00   2.6400000e+00
   2.0170000e+03   8.0000000e+00   8.0000000e+00   1.1000000e+01   5.2000000e+01   0.0000000e+00   3.8800000e+00
   2.0170000e+03   8.0000000e+00   8.0000000e+00   1.1000000e+01   5.3000000e+01   0.0000000e+00   4.2000000e+00
   2.0170000e+03   8.0000000e+00   8.0000000e+00   1.1000000e+01   5.4000000e+01   0.0000000e+00   3.9200000e+00
   2.0170000e+03   8.0000000e+00   8.0000000e+00   1.1000000e+01   5.5000000e+01   0.0000000e+00   3.8800000e+00
   2.0170000e+03   8.0000000e+00   8.0000000e+00   1.1000000e+01   5.6000000e+01   0.0000000e+00   4.2000000e+00
   2.0170000e+03   8.0000000e+00   8.0000000e+00   1.1000000e+01   5.7000000e+01   0.0000000e+00   4.4800000e+00
   2.0170000e+03   8.0000000e+00   8.0000000e+00   1.1000000e+01   5.8000000e+01   0.0000000e+00   4.8000000e+00
   2.0170000e+03   8.0000000e+00   8.0000000e+00   1.1000000e+01   5.9000000e+01   0.0000000e+00   4.2400001e+00
   2.0170000e+03   8.0000000e+00   8.0000000e+00   1.2000000e+01   0.0000000e+00   0.0000000e+00   3.3200000e+00
   2.0170000e+03   8.0000000e+00   8.0000000e+00   1.2000000e+01   1.0000000e+00   0.0000000e+00   2.7200000e+00
   2.0170000e+03   8.0000000e+00   8.0000000e+00   1.2000000e+01   2.0000000e+00   0.0000000e+00   2.4000000e+00
   2.0170000e+03   8.0000000e+00   8.0000000e+00   1.2000000e+01   3.0000000e+00   0.0000000e+00   1.8400000e+00
   2.0170000e+03   8.0000000e+00   8.0000000e+00   1.2000000e+01   4.0000000e+00   0.0000000e+00   1.2000000e+00
   2.0170000e+03   8.0000000e+00   8.0000000e+00   1.2000000e+01   5.0000000e+00   0.0000000e+00   9.2000000e-01
   2.0170000e+03   8.0000000e+00   8.0000000e+00   1.2000000e+01   6.0000000e+00   0.0000000e+00   6.0000000e-01
   2.0170000e+03   8.0000000e+00   8.0000000e+00   1.2000000e+01   7.0000000e+00   0.0000000e+00   6.0000000e-01
   2.0170000e+03   8.0000000e+00   8.0000000e+00   1.2000000e+01   8.0000000e+00   0.0000000e+00   6.0000000e-01
   2.0170000e+03   8.0000000e+00   8.0000000e+00   1.2000000e+01   9.0000000e+00   0.0000000e+00   6.0000000e-01
   2.0170000e+03   8.0000000e+00   8.0000000e+00   1.2000000e+01   1.0000000e+01   0.0000000e+00   3.1999996e-01
   2.0170000e+03   8.0000000e+00   8.0000000e+00   1.2000000e+01   1.1000000e+01   0.0000000e+00   2.8000000e-01
   2.0170000e+03   8.0000000e+00   8.0000000e+00   1.2000000e+01   1.2000000e+01   0.0000000e+00   3.2000004e-01
   2.0170000e+03   8.0000000e+00   8.0000000e+00   1.2000000e+01   1.3000000e+01   0.0000000e+00   0.0000000e+00
   2.0170000e+03   8.0000000e+00   8.0000000e+00   1.2000000e+01   1.4000000e+01   0.0000000e+00   2.8000000e-01
   2.0170000e+03   8.0000000e+00   8.0000000e+00   1.2000000e+01   1.5000000e+01   0.0000000e+00   3.2000004e-01
   2.0170000e+03   8.0000000e+00   8.0000000e+00   1.2000000e+01   1.6000000e+01   0.0000000e+00   0.0000000e+00
   2.0170000e+03   8.0000000e+00   8.0000000e+00   1.2000000e+01   1.7000000e+01   0.0000000e+00   0.0000000e+00
   2.0170000e+03   8.0000000e+00   8.0000000e+00   1.2000000e+01   1.8000000e+01   0.0000000e+00   1.1200000e+00
   2.0170000e+03   8.0000000e+00   8.0000000e+00   1.2000000e+01   1.9000000e+01   0.0000000e+00   2.6800000e+00
   2.0170000e+03   8.0000000e+00   8.0000000e+00   1.2000000e+01   2.0000000e+01   0.0000000e+00   3.8400000e+00
   2.0170000e+03   8.0000000e+00   8.0000000e+00   1.2000000e+01   2.1000000e+01   0.0000000e+00   4.8000000e+00
   2.0170000e+03   8.0000000e+00   8.0000000e+00   1.2000000e+01   2.2000000e+01   0.0000000e+00   4.8000000e+00
   2.0170000e+03   8.0000000e+00   8.0000000e+00   1.2000000e+01   2.3000000e+01   0.0000000e+00   4.5200000e+00
   2.0170000e+03   8.0000000e+00   8.0000000e+00   1.2000000e+01   2.4000000e+01   0.0000000e+00   3.6399999e+00
   2.0170000e+03   8.0000000e+00   8.0000000e+00   1.2000000e+01   2.5000000e+01   0.0000000e+00   3.2800000e+00
   2.0170000e+03   8.0000000e+00   8.0000000e+00   1.2000000e+01   2.6000000e+01   0.0000000e+00   3.6000000e+00
   2.0170000e+03   8.0000000e+00   8.0000000e+00   1.2000000e+01   2.7000000e+01   0.0000000e+00   3.6000000e+00
   2.0170000e+03   8.0000000e+00   8.0000000e+00   1.2000000e+01   2.8000000e+01   0.0000000e+00   5.0000000e+00
   2.0170000e+03   8.0000000e+00   8.0000000e+00   1.2000000e+01   2.9000000e+01   0.0000000e+00   7.7199999e+00
   2.0170000e+03   8.0000000e+00   8.0000000e+00   1.2000000e+01   3.0000000e+01   0.0000000e+00   8.1600001e+00
   2.0170000e+03   8.0000000e+00   8.0000000e+00   1.2000000e+01   3.1000000e+01   0.0000000e+00   6.3600000e+00
   2.0170000e+03   8.0000000e+00   8.0000000e+00   1.2000000e+01   3.2000000e+01   0.0000000e+00   4.8400000e+00
   2.0170000e+03   8.0000000e+00   8.0000000e+00   1.2000000e+01   3.3000000e+01   0.0000000e+00   3.6400000e+00
   2.0170000e+03   8.0000000e+00   8.0000000e+00   1.2000000e+01   3.4000000e+01   0.0000000e+00   2.7200000e+00
   2.0170000e+03   8.0000000e+00   8.0000000e+00   1.2000000e+01   3.5000000e+01   0.0000000e+00   1.8400000e+00
   2.0170000e+03   8.0000000e+00   8.0000000e+00   1.2000000e+01   3.6000000e+01   0.0000000e+00   1.2000000e+00
   2.0170000e+03   8.0000000e+00   8.0000000e+00   1.2000000e+01   3.7000000e+01   0.0000000e+00   1.2000000e+00
   2.0170000e+03   8.0000000e+00   8.0000000e+00   1.2000000e+01   3.8000000e+01   0.0000000e+00   9.1999996e-01
   2.0170000e+03   8.0000000e+00   8.0000000e+00   1.2000000e+01   3.9000000e+01   0.0000000e+00   6.0000000e-01
   2.0170000e+03   8.0000000e+00   8.0000000e+00   1.2000000e+01   4.0000000e+01   0.0000000e+00   6.0000000e-01
   2.0170000e+03   8.0000000e+00   8.0000000e+00   1.2000000e+01   4.1000000e+01   0.0000000e+00   6.0000000e-01
   2.0170000e+03   8.0000000e+00   8.0000000e+00   1.2000000e+01   4.2000000e+01   0.0000000e+00   6.0000000e-01
   2.0170000e+03   8.0000000e+00   8.0000000e+00   1.2000000e+01   4.3000000e+01   0.0000000e+00   6.0000000e-01
   2.0170000e+03   8.0000000e+00   8.0000000e+00   1.2000000e+01   4.4000000e+01   0.0000000e+00   3.2000004e-01
   2.0170000e+03   8.0000000e+00   8.0000000e+00   1.2000000e+01   4.5000000e+01   0.0000000e+00   2.8000000e-01
   2.0170000e+03   8.0000000e+00   8.0000000e+00   1.2000000e+01   4.6000000e+01   0.0000000e+00   6.0000000e-01
   2.0170000e+03   8.0000000e+00   8.0000000e+00   1.2000000e+01   4.7000000e+01   0.0000000e+00   6.0000000e-01
   2.0170000e+03   8.0000000e+00   8.0000000e+00   1.2000000e+01   4.8000000e+01   0.0000000e+00   6.0000000e-01
   2.0170000e+03   8.0000000e+00   8.0000000e+00   1.2000000e+01   4.9000000e+01   0.0000000e+00   3.2000000e-01
   2.0170000e+03   8.0000000e+00   8.0000000e+00   1.2000000e+01   5.0000000e+01   0.0000000e+00   8.4000000e-01
   2.0170000e+03   8.0000000e+00   8.0000000e+00   1.2000000e+01   5.1000000e+01   0.0000000e+00   2.3600001e+00
   2.0170000e+03   8.0000000e+00   8.0000000e+00   1.2000000e+01   5.2000000e+01   0.0000000e+00   4.6800002e+00
   2.0170000e+03   8.0000000e+00   8.0000000e+00   1.2000000e+01   5.3000000e+01   0.0000000e+00   9.1200000e+00
   2.0170000e+03   8.0000000e+00   8.0000000e+00   1.2000000e+01   5.4000000e+01   0.0000000e+00   1.2280000e+01
   2.0170000e+03   8.0000000e+00   8.0000000e+00   1.2000000e+01   5.5000000e+01   0.0000000e+00   1.1480000e+01
   2.0170000e+03   8.0000000e+00   8.0000000e+00   1.2000000e+01   5.6000000e+01   0.0000000e+00   8.5200000e+00
   2.0170000e+03   8.0000000e+00   8.0000000e+00   1.2000000e+01   5.7000000e+01   0.0000000e+00   5.7600001e+00
   2.0170000e+03   8.0000000e+00   8.0000000e+00   1.2000000e+01   5.8000000e+01   0.0000000e+00   3.9600001e+00
   2.0170000e+03   8.0000000e+00   8.0000000e+00   1.2000000e+01   5.9000000e+01   0.0000000e+00   2.4400000e+00
   2.0170000e+03   8.0000000e+00   8.0000000e+00   1.3000000e+01   0.0000000e+00   0.0000000e+00   1.8000000e+00
   2.0170000e+03   8.0000000e+00   8.0000000e+00   1.3000000e+01   1.0000000e+00   0.0000000e+00   2.0800000e+00
   2.0170000e+03   8.0000000e+00   8.0000000e+00   1.3000000e+01   2.0000000e+00   0.0000000e+00   2.6800000e+00
   2.0170000e+03   8.0000000e+00   8.0000000e+00   1.3000000e+01   3.0000000e+00   0.0000000e+00   3.5600000e+00
   2.0170000e+03   8.0000000e+00   8.0000000e+00   1.3000000e+01   4.0000000e+00   0.0000000e+00   5.3200000e+00
   2.0170000e+03   8.0000000e+00   8.0000000e+00   1.3000000e+01   5.0000000e+00   0.0000000e+00   6.3200000e+00
   2.0170000e+03   8.0000000e+00   8.0000000e+00   1.3000000e+01   6.0000000e+00   0.0000000e+00   4.6000000e+00
   2.0170000e+03   8.0000000e+00   8.0000000e+00   1.3000000e+01   7.0000000e+00   0.0000000e+00   2.4400000e+00
   2.0170000e+03   8.0000000e+00   8.0000000e+00   1.3000000e+01   8.0000000e+00   0.0000000e+00   1.8000000e+00
   2.0170000e+03   8.0000000e+00   8.0000000e+00   1.3000000e+01   9.0000000e+00   0.0000000e+00   1.8000000e+00
   2.0170000e+03   8.0000000e+00   8.0000000e+00   1.3000000e+01   1.0000000e+01   0.0000000e+00   1.5200000e+00
   2.0170000e+03   8.0000000e+00   8.0000000e+00   1.3000000e+01   1.1000000e+01   0.0000000e+00   1.4800000e+00
   2.0170000e+03   8.0000000e+00   8.0000000e+00   1.3000000e+01   1.2000000e+01   0.0000000e+00   1.5200000e+00
   2.0170000e+03   8.0000000e+00   8.0000000e+00   1.3000000e+01   1.3000000e+01   0.0000000e+00   1.4800000e+00
   2.0170000e+03   8.0000000e+00   8.0000000e+00   1.3000000e+01   1.4000000e+01   0.0000000e+00   1.8000000e+00
   2.0170000e+03   8.0000000e+00   8.0000000e+00   1.3000000e+01   1.5000000e+01   0.0000000e+00   1.2400001e+00
   2.0170000e+03   8.0000000e+00   8.0000000e+00   1.3000000e+01   1.6000000e+01   0.0000000e+00   8.8000000e-01
   2.0170000e+03   8.0000000e+00   8.0000000e+00   1.3000000e+01   1.7000000e+01   0.0000000e+00   6.4000000e-01
   2.0170000e+03   8.0000000e+00   8.0000000e+00   1.3000000e+01   1.8000000e+01   0.0000000e+00   2.8000000e-01
   2.0170000e+03   8.0000000e+00   8.0000000e+00   1.3000000e+01   1.9000000e+01   0.0000000e+00   6.0000000e-01
   2.0170000e+03   8.0000000e+00   8.0000000e+00   1.3000000e+01   2.0000000e+01   0.0000000e+00   3.2000000e-01
   2.0170000e+03   8.0000000e+00   8.0000000e+00   1.3000000e+01   2.1000000e+01   0.0000000e+00   2.8000000e-01
   2.0170000e+03   8.0000000e+00   8.0000000e+00   1.3000000e+01   2.2000000e+01   0.0000000e+00   6.0000000e-01
   2.0170000e+03   8.0000000e+00   8.0000000e+00   1.3000000e+01   2.3000000e+01   0.0000000e+00   6.0000000e-01
   2.0170000e+03   8.0000000e+00   8.0000000e+00   1.3000000e+01   2.4000000e+01   0.0000000e+00   3.2000000e-01
   2.0170000e+03   8.0000000e+00   8.0000000e+00   1.3000000e+01   2.5000000e+01   0.0000000e+00   2.8000004e-01
   2.0170000e+03   8.0000000e+00   8.0000000e+00   1.3000000e+01   2.6000000e+01   0.0000000e+00   3.1999996e-01
   2.0170000e+03   8.0000000e+00   8.0000000e+00   1.3000000e+01   2.7000000e+01   0.0000000e+00   2.8000000e-01
   2.0170000e+03   8.0000000e+00   8.0000000e+00   1.3000000e+01   2.8000000e+01   0.0000000e+00   6.0000000e-01
   2.0170000e+03   8.0000000e+00   8.0000000e+00   1.3000000e+01   2.9000000e+01   0.0000000e+00   6.0000000e-01
   2.0170000e+03   8.0000000e+00   8.0000000e+00   1.3000000e+01   3.0000000e+01   0.0000000e+00   6.0000000e-01
   2.0170000e+03   8.0000000e+00   8.0000000e+00   1.3000000e+01   3.1000000e+01   0.0000000e+00   6.0000000e-01
   2.0170000e+03   8.0000000e+00   8.0000000e+00   1.3000000e+01   3.2000000e+01   0.0000000e+00   1.1599999e+00
   2.0170000e+03   8.0000000e+00   8.0000000e+00   1.3000000e+01   3.3000000e+01   0.0000000e+00   2.9200000e+00
   2.0170000e+03   8.0000000e+00   8.0000000e+00   1.3000000e+01   3.4000000e+01   0.0000000e+00   5.0400000e+00
   2.0170000e+03   8.0000000e+00   8.0000000e+00   1.3000000e+01   3.5000000e+01   0.0000000e+00   4.8800000e+00
   2.0170000e+03   8.0000000e+00   8.0000000e+00   1.3000000e+01   3.6000000e+01   0.0000000e+00   3.8800000e+00
   2.0170000e+03   8.0000000e+00   8.0000000e+00   1.3000000e+01   3.7000000e+01   0.0000000e+00   3.9200000e+00
   2.0170000e+03   8.0000000e+00   8.0000000e+00   1.3000000e+01   3.8000000e+01   0.0000000e+00   4.1600000e+00
   2.0170000e+03   8.0000000e+00   8.0000000e+00   1.3000000e+01   3.9000000e+01   0.0000000e+00   3.9599999e+00
   2.0170000e+03   8.0000000e+00   8.0000000e+00   1.3000000e+01   4.0000000e+01   0.0000000e+00   3.2800000e+00
   2.0170000e+03   8.0000000e+00   8.0000000e+00   1.3000000e+01   4.1000000e+01   0.0000000e+00   5.2800000e+00
   2.0170000e+03   8.0000000e+00   8.0000000e+00   1.3000000e+01   4.2000000e+01   0.0000000e+00   6.0800001e+00
   2.0170000e+03   8.0000000e+00   8.0000000e+00   1.3000000e+01   4.3000000e+01   0.0000000e+00   4.8000000e+00
   2.0170000e+03   8.0000000e+00   8.0000000e+00   1.3000000e+01   4.4000000e+01   0.0000000e+00   4.2400000e+00
   2.0170000e+03   8.0000000e+00   8.0000000e+00   1.3000000e+01   4.5000000e+01   0.0000000e+00   3.8800000e+00
   2.0170000e+03   8.0000000e+00   8.0000000e+00   1.3000000e+01   4.6000000e+01   0.0000000e+00   3.9200000e+00
   2.0170000e+03   8.0000000e+00   8.0000000e+00   1.3000000e+01   4.7000000e+01   0.0000000e+00   3.3200000e+00
   2.0170000e+03   8.0000000e+00   8.0000000e+00   1.3000000e+01   4.8000000e+01   0.0000000e+00   3.2800000e+00
   2.0170000e+03   8.0000000e+00   8.0000000e+00   1.3000000e+01   4.9000000e+01   0.0000000e+00   3.6000000e+00
   2.0170000e+03   8.0000000e+00   8.0000000e+00   1.3000000e+01   5.0000000e+01   0.0000000e+00   3.8800000e+00
   2.0170000e+03   8.0000000e+00   8.0000000e+00   1.3000000e+01   5.1000000e+01   0.0000000e+00   4.7600000e+00
   2.0170000e+03   8.0000000e+00   8.0000000e+00   1.3000000e+01   5.2000000e+01   0.0000000e+00   5.9600000e+00
   2.0170000e+03   8.0000000e+00   8.0000000e+00   1.3000000e+01   5.3000000e+01   0.0000000e+00   6.6000000e+00
   2.0170000e+03   8.0000000e+00   8.0000000e+00   1.3000000e+01   5.4000000e+01   0.0000000e+00   5.7599999e+00
   2.0170000e+03   8.0000000e+00   8.0000000e+00   1.3000000e+01   5.5000000e+01   0.0000000e+00   3.4000000e+00
   2.0170000e+03   8.0000000e+00   8.0000000e+00   1.3000000e+01   5.6000000e+01   0.0000000e+00   1.8000000e+00
   2.0170000e+03   8.0000000e+00   8.0000000e+00   1.3000000e+01   5.7000000e+01   0.0000000e+00   2.3600001e+00
   2.0170000e+03   8.0000000e+00   8.0000000e+00   1.3000000e+01   5.8000000e+01   0.0000000e+00   2.4400000e+00
   2.0170000e+03   8.0000000e+00   8.0000000e+00   1.3000000e+01   5.9000000e+01   0.0000000e+00   1.5200000e+00
   2.0170000e+03   8.0000000e+00   8.0000000e+00   1.4000000e+01   0.0000000e+00   0.0000000e+00   1.4800000e+00
   2.0170000e+03   8.0000000e+00   8.0000000e+00   1.4000000e+01   1.0000000e+00   0.0000000e+00   1.2400000e+00
   2.0170000e+03   8.0000000e+00   8.0000000e+00   1.4000000e+01   2.0000000e+00   0.0000000e+00   6.0000000e-01
   2.0170000e+03   8.0000000e+00   8.0000000e+00   1.4000000e+01   3.0000000e+00   0.0000000e+00   6.0000000e-01
   2.0170000e+03   8.0000000e+00   8.0000000e+00   1.4000000e+01   4.0000000e+00   0.0000000e+00   6.0000000e-01
   2.0170000e+03   8.0000000e+00   8.0000000e+00   1.4000000e+01   5.0000000e+00   0.0000000e+00   3.2000000e-01
   2.0170000e+03   8.0000000e+00   8.0000000e+00   1.4000000e+01   6.0000000e+00   0.0000000e+00   2.8000000e-01
   2.0170000e+03   8.0000000e+00   8.0000000e+00   1.4000000e+01   7.0000000e+00   0.0000000e+00   3.1999996e-01
   2.0170000e+03   8.0000000e+00   8.0000000e+00   1.4000000e+01   8.0000000e+00   0.0000000e+00   2.8000004e-01
   2.0170000e+03   8.0000000e+00   8.0000000e+00   1.4000000e+01   9.0000000e+00   0.0000000e+00   1.1600000e+00
   2.0170000e+03   8.0000000e+00   8.0000000e+00   1.4000000e+01   1.0000000e+01   0.0000000e+00   1.5200000e+00
   2.0170000e+03   8.0000000e+00   8.0000000e+00   1.4000000e+01   1.1000000e+01   0.0000000e+00   1.4800000e+00
   2.0170000e+03   8.0000000e+00   8.0000000e+00   1.4000000e+01   1.2000000e+01   0.0000000e+00   2.3600000e+00
   2.0170000e+03   8.0000000e+00   8.0000000e+00   1.4000000e+01   1.3000000e+01   0.0000000e+00   3.2800000e+00
   2.0170000e+03   8.0000000e+00   8.0000000e+00   1.4000000e+01   1.4000000e+01   0.0000000e+00   3.8800000e+00
   2.0170000e+03   8.0000000e+00   8.0000000e+00   1.4000000e+01   1.5000000e+01   0.0000000e+00   4.4800000e+00
   2.0170000e+03   8.0000000e+00   8.0000000e+00   1.4000000e+01   1.6000000e+01   0.0000000e+00   4.2400001e+00
   2.0170000e+03   8.0000000e+00   8.0000000e+00   1.4000000e+01   1.7000000e+01   0.0000000e+00   3.6000000e+00
   2.0170000e+03   8.0000000e+00   8.0000000e+00   1.4000000e+01   1.8000000e+01   0.0000000e+00   4.1600000e+00
   2.0170000e+03   8.0000000e+00   8.0000000e+00   1.4000000e+01   1.9000000e+01   0.0000000e+00   4.2400000e+00
   2.0170000e+03   8.0000000e+00   8.0000000e+00   1.4000000e+01   2.0000000e+01   0.0000000e+00   3.3200000e+00
   2.0170000e+03   8.0000000e+00   8.0000000e+00   1.4000000e+01   2.1000000e+01   0.0000000e+00   2.1599999e+00
   2.0170000e+03   8.0000000e+00   8.0000000e+00   1.4000000e+01   2.2000000e+01   0.0000000e+00   9.1999996e-01
   2.0170000e+03   8.0000000e+00   8.0000000e+00   1.4000000e+01   2.3000000e+01   0.0000000e+00   3.2000000e-01
   2.0170000e+03   8.0000000e+00   8.0000000e+00   1.4000000e+01   2.4000000e+01   0.0000000e+00   2.8000004e-01
   2.0170000e+03   8.0000000e+00   8.0000000e+00   1.4000000e+01   2.5000000e+01   0.0000000e+00   6.0000000e-01
   2.0170000e+03   8.0000000e+00   8.0000000e+00   1.4000000e+01   2.6000000e+01   0.0000000e+00   6.0000000e-01
   2.0170000e+03   8.0000000e+00   8.0000000e+00   1.4000000e+01   2.7000000e+01   0.0000000e+00   3.2000004e-01
   2.0170000e+03   8.0000000e+00   8.0000000e+00   1.4000000e+01   2.8000000e+01   0.0000000e+00   2.7999996e-01
   2.0170000e+03   8.0000000e+00   8.0000000e+00   1.4000000e+01   2.9000000e+01   0.0000000e+00   6.0000000e-01
   2.0170000e+03   8.0000000e+00   8.0000000e+00   1.4000000e+01   3.0000000e+01   0.0000000e+00   6.0000000e-01
   2.0170000e+03   8.0000000e+00   8.0000000e+00   1.4000000e+01   3.1000000e+01   0.0000000e+00   6.0000000e-01
   2.0170000e+03   8.0000000e+00   8.0000000e+00   1.4000000e+01   3.2000000e+01   0.0000000e+00   6.0000000e-01
   2.0170000e+03   8.0000000e+00   8.0000000e+00   1.4000000e+01   3.3000000e+01   0.0000000e+00   6.0000000e-01
   2.0170000e+03   8.0000000e+00   8.0000000e+00   1.4000000e+01   3.4000000e+01   0.0000000e+00   1.1600000e+00
   2.0170000e+03   8.0000000e+00   8.0000000e+00   1.4000000e+01   3.5000000e+01   0.0000000e+00   2.0800000e+00
   2.0170000e+03   8.0000000e+00   8.0000000e+00   1.4000000e+01   3.6000000e+01   0.0000000e+00   2.1200000e+00
   2.0170000e+03   8.0000000e+00   8.0000000e+00   1.4000000e+01   3.7000000e+01   0.0000000e+00   1.5200000e+00
   2.0170000e+03   8.0000000e+00   8.0000000e+00   1.4000000e+01   3.8000000e+01   0.0000000e+00   9.1999996e-01
   2.0170000e+03   8.0000000e+00   8.0000000e+00   1.4000000e+01   3.9000000e+01   0.0000000e+00   6.0000000e-01
   2.0170000e+03   8.0000000e+00   8.0000000e+00   1.4000000e+01   4.0000000e+01   0.0000000e+00   8.8000000e-01
   2.0170000e+03   8.0000000e+00   8.0000000e+00   1.4000000e+01   4.1000000e+01   0.0000000e+00   1.2000000e+00
   2.0170000e+03   8.0000000e+00   8.0000000e+00   1.4000000e+01   4.2000000e+01   0.0000000e+00   1.2000000e+00
   2.0170000e+03   8.0000000e+00   8.0000000e+00   1.4000000e+01   4.3000000e+01   0.0000000e+00   1.2000000e+00
   2.0170000e+03   8.0000000e+00   8.0000000e+00   1.4000000e+01   4.4000000e+01   0.0000000e+00   6.4000007e-01
   2.0170000e+03   8.0000000e+00   8.0000000e+00   1.4000000e+01   4.5000000e+01   0.0000000e+00   0.0000000e+00
   2.0170000e+03   8.0000000e+00   8.0000000e+00   1.4000000e+01   4.6000000e+01   0.0000000e+00   2.8000000e-01
   2.0170000e+03   8.0000000e+00   8.0000000e+00   1.4000000e+01   4.7000000e+01   0.0000000e+00   3.2000000e-01
   2.0170000e+03   8.0000000e+00   8.0000000e+00   1.4000000e+01   4.8000000e+01   0.0000000e+00   0.0000000e+00
   2.0170000e+03   8.0000000e+00   8.0000000e+00   1.4000000e+01   4.9000000e+01   0.0000000e+00   2.8000000e-01
   2.0170000e+03   8.0000000e+00   8.0000000e+00   1.4000000e+01   5.0000000e+01   0.0000000e+00   3.2000000e-01
   2.0170000e+03   8.0000000e+00   8.0000000e+00   1.4000000e+01   5.1000000e+01   0.0000000e+00   0.0000000e+00
   2.0170000e+03   8.0000000e+00   8.0000000e+00   1.4000000e+01   5.2000000e+01   0.0000000e+00   2.8000004e-01
   2.0170000e+03   8.0000000e+00   8.0000000e+00   1.4000000e+01   5.3000000e+01   0.0000000e+00   6.0000000e-01
   2.0170000e+03   8.0000000e+00   8.0000000e+00   1.4000000e+01   5.4000000e+01   0.0000000e+00   3.2000000e-01
   2.0170000e+03   8.0000000e+00   8.0000000e+00   1.4000000e+01   5.5000000e+01   0.0000000e+00   2.8000004e-01
   2.0170000e+03   8.0000000e+00   8.0000000e+00   1.4000000e+01   5.6000000e+01   0.0000000e+00   3.1999996e-01
   2.0170000e+03   8.0000000e+00   8.0000000e+00   1.4000000e+01   5.7000000e+01   0.0000000e+00   0.0000000e+00
   2.0170000e+03   8.0000000e+00   8.0000000e+00   1.4000000e+01   5.8000000e+01   0.0000000e+00   2.7999996e-01
   2.0170000e+03   8.0000000e+00   8.0000000e+00   1.4000000e+01   5.9000000e+01   0.0000000e+00   3.2000004e-01
   2.0170000e+03   8.0000000e+00   8.0000000e+00   1.5000000e+01   0.0000000e+00   0.0000000e+00   1.1200000e+00
   2.0170000e+03   8.0000000e+00   8.0000000e+00   1.5000000e+01   1.0000000e+00   0.0000000e+00   2.6800000e+00
   2.0170000e+03   8.0000000e+00   8.0000000e+00   1.5000000e+01   2.0000000e+00   0.0000000e+00   2.7200000e+00
   2.0170000e+03   8.0000000e+00   8.0000000e+00   1.5000000e+01   3.0000000e+00   0.0000000e+00   2.4000000e+00
   2.0170000e+03   8.0000000e+00   8.0000000e+00   1.5000000e+01   4.0000000e+00   0.0000000e+00   2.1200000e+00
   2.0170000e+03   8.0000000e+00   8.0000000e+00   1.5000000e+01   5.0000000e+00   0.0000000e+00   1.5200000e+00
   2.0170000e+03   8.0000000e+00   8.0000000e+00   1.5000000e+01   6.0000000e+00   0.0000000e+00   9.1999996e-01
   2.0170000e+03   8.0000000e+00   8.0000000e+00   1.5000000e+01   7.0000000e+00   0.0000000e+00   8.8000004e-01
   2.0170000e+03   8.0000000e+00   8.0000000e+00   1.5000000e+01   8.0000000e+00   0.0000000e+00   1.2000000e+00
   2.0170000e+03   8.0000000e+00   8.0000000e+00   1.5000000e+01   9.0000000e+00   0.0000000e+00   1.7600001e+00
   2.0170000e+03   8.0000000e+00   8.0000000e+00   1.5000000e+01   1.0000000e+01   0.0000000e+00   2.6800000e+00
   2.0170000e+03   8.0000000e+00   8.0000000e+00   1.5000000e+01   1.1000000e+01   0.0000000e+00   3.0000000e+00
   2.0170000e+03   8.0000000e+00   8.0000000e+00   1.5000000e+01   1.2000000e+01   0.0000000e+00   2.7200000e+00
   2.0170000e+03   8.0000000e+00   8.0000000e+00   1.5000000e+01   1.3000000e+01   0.0000000e+00   2.6800000e+00
   2.0170000e+03   8.0000000e+00   8.0000000e+00   1.5000000e+01   1.4000000e+01   0.0000000e+00   3.0000000e+00
   2.0170000e+03   8.0000000e+00   8.0000000e+00   1.5000000e+01   1.5000000e+01   0.0000000e+00   2.4400001e+00
   2.0170000e+03   8.0000000e+00   8.0000000e+00   1.5000000e+01   1.6000000e+01   0.0000000e+00   1.5200000e+00
   2.0170000e+03   8.0000000e+00   8.0000000e+00   1.5000000e+01   1.7000000e+01   0.0000000e+00   9.2000000e-01
   2.0170000e+03   8.0000000e+00   8.0000000e+00   1.5000000e+01   1.8000000e+01   0.0000000e+00   3.2000000e-01
   2.0170000e+03   8.0000000e+00   8.0000000e+00   1.5000000e+01   1.9000000e+01   0.0000000e+00   0.0000000e+00
   2.0170000e+03   8.0000000e+00   8.0000000e+00   1.5000000e+01   2.0000000e+01   0.0000000e+00   2.8000000e-01
   2.0170000e+03   8.0000000e+00   8.0000000e+00   1.5000000e+01   2.1000000e+01   0.0000000e+00   1.1600000e+00
   2.0170000e+03   8.0000000e+00   8.0000000e+00   1.5000000e+01   2.2000000e+01   0.0000000e+00   3.7600000e+00
   2.0170000e+03   8.0000000e+00   8.0000000e+00   1.5000000e+01   2.3000000e+01   0.0000000e+00   5.4399999e+00
   2.0170000e+03   8.0000000e+00   8.0000000e+00   1.5000000e+01   2.4000000e+01   0.0000000e+00   4.8000000e+00
   2.0170000e+03   8.0000000e+00   8.0000000e+00   1.5000000e+01   2.5000000e+01   0.0000000e+00   3.9600000e+00
   2.0170000e+03   8.0000000e+00   8.0000000e+00   1.5000000e+01   2.6000000e+01   0.0000000e+00   3.5600001e+00
   2.0170000e+03   8.0000000e+00   8.0000000e+00   1.5000000e+01   2.7000000e+01   0.0000000e+00   3.6399999e+00
   2.0170000e+03   8.0000000e+00   8.0000000e+00   1.5000000e+01   2.8000000e+01   0.0000000e+00   3.8400000e+00
   2.0170000e+03   8.0000000e+00   8.0000000e+00   1.5000000e+01   2.9000000e+01   0.0000000e+00   4.2400001e+00
   2.0170000e+03   8.0000000e+00   8.0000000e+00   1.5000000e+01   3.0000000e+01   0.0000000e+00   3.3200000e+00
   2.0170000e+03   8.0000000e+00   8.0000000e+00   1.5000000e+01   3.1000000e+01   0.0000000e+00   3.2800000e+00
   2.0170000e+03   8.0000000e+00   8.0000000e+00   1.5000000e+01   3.2000000e+01   0.0000000e+00   4.1600000e+00
   2.0170000e+03   8.0000000e+00   8.0000000e+00   1.5000000e+01   3.3000000e+01   0.0000000e+00   4.5200000e+00
   2.0170000e+03   8.0000000e+00   8.0000000e+00   1.5000000e+01   3.4000000e+01   0.0000000e+00   6.7200000e+00
   2.0170000e+03   8.0000000e+00   8.0000000e+00   1.5000000e+01   3.5000000e+01   0.0000000e+00   8.2000000e+00
   2.0170000e+03   8.0000000e+00   8.0000000e+00   1.5000000e+01   3.6000000e+01   0.0000000e+00   5.7600000e+00
   2.0170000e+03   8.0000000e+00   8.0000000e+00   1.5000000e+01   3.7000000e+01   0.0000000e+00   3.3999998e+00
   2.0170000e+03   8.0000000e+00   8.0000000e+00   1.5000000e+01   3.8000000e+01   0.0000000e+00   1.2399999e+00
   2.0170000e+03   8.0000000e+00   8.0000000e+00   1.5000000e+01   3.9000000e+01   0.0000000e+00   6.0000000e-01
   2.0170000e+03   8.0000000e+00   8.0000000e+00   1.5000000e+01   4.0000000e+01   0.0000000e+00   6.0000000e-01
   2.0170000e+03   8.0000000e+00   8.0000000e+00   1.5000000e+01   4.1000000e+01   0.0000000e+00   3.1999996e-01
   2.0170000e+03   8.0000000e+00   8.0000000e+00   1.5000000e+01   4.2000000e+01   0.0000000e+00   0.0000000e+00
   2.0170000e+03   8.0000000e+00   8.0000000e+00   1.5000000e+01   4.3000000e+01   0.0000000e+00   0.0000000e+00
   2.0170000e+03   8.0000000e+00   8.0000000e+00   1.5000000e+01   4.4000000e+01   0.0000000e+00   0.0000000e+00
   2.0170000e+03   8.0000000e+00   8.0000000e+00   1.5000000e+01   4.5000000e+01   0.0000000e+00   2.8000000e-01
   2.0170000e+03   8.0000000e+00   8.0000000e+00   1.5000000e+01   4.6000000e+01   0.0000000e+00   3.2000004e-01
   2.0170000e+03   8.0000000e+00   8.0000000e+00   1.5000000e+01   4.7000000e+01   0.0000000e+00   0.0000000e+00
   2.0170000e+03   8.0000000e+00   8.0000000e+00   1.5000000e+01   4.8000000e+01   0.0000000e+00   0.0000000e+00
   2.0170000e+03   8.0000000e+00   8.0000000e+00   1.5000000e+01   4.9000000e+01   0.0000000e+00   0.0000000e+00
   2.0170000e+03   8.0000000e+00   8.0000000e+00   1.5000000e+01   5.0000000e+01   0.0000000e+00   0.0000000e+00
   2.0170000e+03   8.0000000e+00   8.0000000e+00   1.5000000e+01   5.1000000e+01   0.0000000e+00   2.8000004e-01
   2.0170000e+03   8.0000000e+00   8.0000000e+00   1.5000000e+01   5.2000000e+01   0.0000000e+00   3.1999996e-01
   2.0170000e+03   8.0000000e+00   8.0000000e+00   1.5000000e+01   5.3000000e+01   0.0000000e+00   0.0000000e+00
   2.0170000e+03   8.0000000e+00   8.0000000e+00   1.5000000e+01   5.4000000e+01   0.0000000e+00   0.0000000e+00
   2.0170000e+03   8.0000000e+00   8.0000000e+00   1.5000000e+01   5.5000000e+01   0.0000000e+00   0.0000000e+00
   2.0170000e+03   8.0000000e+00   8.0000000e+00   1.5000000e+01   5.6000000e+01   0.0000000e+00   0.0000000e+00
   2.0170000e+03   8.0000000e+00   8.0000000e+00   1.5000000e+01   5.7000000e+01   0.0000000e+00   0.0000000e+00
   2.0170000e+03   8.0000000e+00   8.0000000e+00   1.5000000e+01   5.8000000e+01   0.0000000e+00   0.0000000e+00
   2.0170000e+03   8.0000000e+00   8.0000000e+00   1.5000000e+01   5.9000000e+01   0.0000000e+00   0.0000000e+00
   2.0170000e+03   8.0000000e+00   8.0000000e+00   1.6000000e+01   0.0000000e+00   0.0000000e+00   2.7999996e-01