   2.0170000e+03   8.0000000e+00   1.8000000e+01   1.5000000e+01   3.0000000e+01   0.0000000e+00   0.0000000e+00
   2.0170000e+03   8.0000000e+00   1.8000000e+01   1.5000000e+01   3.1000000e+01   0.0000000e+00   0.0000000e+00
   2.0170000e+03   8.0000000e+00   1.8000000e+01   1.5000000e+01   3.2000000e+01   0.0000000e+00   0.0000000e+00
   2.0170000e+03   8.0000000e+00   1.8000000e+01   1.5000000e+01   3.3000000e+01   0.0000000e+00   0.0000000e+00
   2.0170000e+03   8.0000000e+00   1.8000000e+01   1.5000000e+01   3.4000000e+01   0.0000000e+00   0.0000000e+00
   2.0170000e+03   8.0000000e+00   1.8000000e+01   1.5000000e+01   3.5000000e+01   0.0000000e+00   0.0000000e+00
   2.0170000e+03   8.0000000e+00   1.8000000e+01   1.5000000e+01   3.6000000e+01   0.0000000e+00   0.0000000e+00
   2.0170000e+03   8.0000000e+00   1.8000000e+01   1.5000000e+01   3.7000000e+01   0.0000000e+00   0.0000000e+00
   2.0170000e+03   8.0000000e+00   1.8000000e+01   1.5000000e+01   3.8000000e+01   0.0000000e+00   0.0000000e+00
   2.0170000e+03   8.0000000e+00   1.8000000e+01   1.5000000e+01   3.9000000e+01   0.0000000e+00   0.0000000e+00
   2.0170000e+03   8.0000000e+00   1.8000000e+01   1.5000000e+01   4.0000000e+01   0.0000000e+00   0.0000000e+00
   2.0170000e+03   8.0000000e+00   1.8000000e+01   1.5000000e+01   4.1000000e+01   0.0000000e+00   0.0000000e+00
   2.0170000e+03   8.0000000e+00   1.8000000e+01   1.5000000e+01   4.2000000e+01   0.0000000e+00   0.0000000e+00
   2.0170000e+03   8.0000000e+00   1.8000000e+01   1.5000000e+01   4.3000000e+01   0.0000000e+00   0.0000000e+00
   2.0170000e+03   8.0000000e+00   1.8000000e+01   1.5000000e+01   4.4000000e+01   0.0000000e+00   0.0000000e+00
   2.0170000e+03   8.0000000e+00   1.8000000e+01   1.5000000e+01   4.5000000e+01   0.0000000e+00   0.0000000e+00
   2.0170000e+03   8.0000000e+00   1.8000000e+01   1.5000000e+01   4.6000000e+01   0.0000000e+00   0.0000000e+00
   2.0170000e+03   8.0000000e+00   1.8000000e+01   1.5000000e+01   4.7000000e+01   0.0000000e+00   0.0000000e+00
   2.0170000e+03   8.0000000e+00   1.8000000e+01   1.5000000e+01   4.8000000e+01   0.0000000e+00   0.0000000e+00
   2.0170000e+03   8.0000000e+00   1.8000000e+01   1.5000000e+01   4.9000000e+01   0.0000000e+00   0.0000000e+00
   2.0170000e+03   8.0000000e+00   1.8000000e+01   1.5000000e+01   5.0000000e+01   0.0000000e+00   0.0000000e+00
   2.0170000e+03   8.0000000e+00   1.8000000e+01   1.5000000e+01   5.1000000e+01   0.0000000e+00   0.0000000e+00
   2.0170000e+03   8.0000000e+00   1.8000000e+01   1.5000000e+01   5.2000000e+01   0.0000000e+00   0.0000000e+00
   2.0170000e+03   8.0000000e+00   1.8000000e+01   1.5000000e+01   5.3000000e+01   0.0000000e+00   0.0000000e+00
   2.0170000e+03   8.0000000e+00   1.8000000e+01   1.5000000e+01   5.4000000e+01   0.0000000e+00   0.0000000e+00
   2.0170000e+03   8.0000000e+00   1.8000000e+01   1.5000000e+01   5.5000000e+01   0.0000000e+00   0.0000000e+00
   2.0170000e+03   8.0000000e+00   1.8000000e+01   1.5000000e+01   5.6000000e+01   0.0000000e+00   0.0000000e+00
   2.0170000e+03   8.0000000e+00   1.8000000e+01   1.5000000e+01   5.7000000e+01   0.0000000e+00   0.0000000e+00
   2.0170000e+03   8.0000000e+00   1.8000000e+01   1.5000000e+01   5.8000000e+01   0.0000000e+00   0.0000000e+00
   2.0170000e+03   8.0000000e+00   1.8000000e+01   1.5000000e+01   5.9000000e+01   0.0000000e+00   0.0000000e+00
   2.0170000e+03   8.0000000e+00   1.8000000e+01   1.6000000e+01   0.0000000e+00   0.0000000e+00   0.0000000e+00
   2.0170000e+03   8.0000000e+00   1.8000000e+01   1.6000000e+01   1.0000000e+00   0.0000000e+00   0.0000000e+00
   2.0170000e+03   8.0000000e+00   1.8000000e+01   1.6000000e+01   2.0000000e+00   0.0000000e+00   0.0000000e+00
   2.0170000e+03   8.0000000e+00   1.8000000e+01   1.6000000e+01   3.0000000e+00   0.0000000e+00   0.0000000e+00
   2.0170000e+03   8.0000000e+00   1.8000000e+01   1.6000000e+01   4.0000000e+00   0.0000000e+00   0.0000000e+00
   2.0170000e+03   8.0000000e+00   1.8000000e+01   1.6000000e+01   5.0000000e+00   0.0000000e+00   0.0000000e+00
   2.0170000e+03   8.0000000e+00   1.8000000e+01   1.6000000e+01   6.0000000e+00   0.0000000e+00   0.0000000e+00
   2.0170000e+03   8.0000000e+00   1.8000000e+01   1.6000000e+01   7.0000000e+00   0.0000000e+00   0.0000000e+00
   2.0170000e+03   8.0000000e+00   1.8000000e+01   1.6000000e+01   8.0000000e+00   0.0000000e+00   0.0000000e+00
   2.0170000e+03   8.0000000e+00   1.8000000e+01   1.6000000e+01   9.0000000e+00   0.0000000e+00   0.0000000e+00
   2.0170000e+03   8.0000000e+00   1.8000000e+01   1.6000000e+01   1.0000000e+01   0.0000000e+00   0.0000000e+00
   2.0170000e+03   8.0000000e+00   1.8000000e+01   1.6000000e+01   1.1000000e+01   0.0000000e+00   0.0000000e+00
   2.0170000e+03   8.0000000e+00   1.8000000e+01   1.6000000e+01   1.2000000e+01   0.0000000e+00   1.7600000e+00
   2.0170000e+03   8.0000000e+00   1.8000000e+01   1.6000000e+01   1.3000000e+01   0.0000000e+00   1.1690000e+01
   2.0170000e+03   8.0000000e+00   1.8000000e+01   1.6000000e+01   1.4000000e+01   0.0000000e+00   1.9790000e+01
   2.0170000e+03   8.0000000e+00   1.8000000e+01   1.6000000e+01   1.5000000e+01   0.0000000e+00   1.4290000e+01
   2.0170000e+03   8.0000000e+00   1.8000000e+01   1.6000000e+01   1.6000000e+01   0.0000000e+00   1.2700000e+01
   2.0170000e+03   8.0000000e+00   1.8000000e+01   1.6000000e+01   1.7000000e+01   0.0000000e+00   8.0200001e+00
   2.0170000e+03   8.0000000e+00   1.8000000e+01   1.6000000e+01   1.8000000e+01   0.0000000e+00   9.4400000e+00
   2.0170000e+03   8.0000000e+00   1.8000000e+01   1.6000000e+01   1.9000000e+01   0.0000000e+00   1.1950000e+01
   2.0170000e+03   8.0000000e+00   1.8000000e+01   1.6000000e+01   2.0000000e+01   0.0000000e+00   1.4510000e+01
   2.0170000e+03   8.0000000e+00   1.8000000e+01   1.6000000e+01   2.1000000e+01   0.0000000e+00   1.5550000e+01
   2.0170000e+03   8.0000000e+00   1.8000000e+01   1.6000000e+01   2.2000000e+01   0.0000000e+00   1.8110000e+01
   2.0170000e+03   8.0000000e+00   1.8000000e+01   1.6000000e+01   2.3000000e+01   0.0000000e+00   1.9150000e+01
   2.0170000e+03   8.0000000e+00   1.8000000e+01   1.6000000e+01   2.4000000e+01   0.0000000e+00   2.4460000e+01
   2.0170000e+03   8.0000000e+00   1.8000000e+01   1.6000000e+01   2.5000000e+01   0.0000000e+00   4.2480000e+01
   2.0170000e+03   8.0000000e+00   1.8000000e+01   1.6000000e+01   2.6000000e+01   0.0000000e+00   6.2920000e+01
   2.0170000e+03   8.0000000e+00   1.8000000e+01   1.6000000e+01   2.7000000e+01   0.0000000e+00   4.9640000e+01
   2.0170000e+03   8.0000000e+00   1.8000000e+01   1.6000000e+01   2.8000000e+01   0.0000000e+00   5.2260000e+01
   2.0170000e+03   8.0000000e+00   1.8000000e+01   1.6000000e+01   2.9000000e+01   0.0000000e+00   5.2010000e+01
   2.0170000e+03   8.0000000e+00   1.8000000e+01   1.6000000e+01   3.0000000e+01   0.0000000e+00   3.2519999e+01
   2.0170000e+03   8.0000000e+00   1.8000000e+01   1.6000000e+01   3.1000000e+01   0.0000000e+00   8.0099994e+00
   2.0170000e+03   8.0000000e+00   1.8000000e+01   1.6000000e+01   3.2000000e+01   0.0000000e+00   4.0400000e+00
   2.0170000e+03   8.0000000e+00   1.8000000e+01   1.6000000e+01   3.3000000e+01   0.0000000e+00   6.2200000e+00
   2.0170000e+03   8.0000000e+00   1.8000000e+01   1.6000000e+01   3.4000000e+01   0.0000000e+00   6.6500003e+00
   2.0170000e+03   8.0000000e+00   1.8000000e+01   1.6000000e+01   3.5000000e+01   0.0000000e+00   3.8700000e+00
   2.0170000e+03   8.0000000e+00   1.8000000e+01   1.6000000e+01   3.6000000e+01   0.0000000e+00   2.4000000e+00
   2.0170000e+03   8.0000000e+00   1.8000000e+01   1.6000000e+01   3.7000000e+01   0.0000000e+00   2.2900001e+00
   2.0170000e+03   8.0000000e+00   1.8000000e+01   1.6000000e+01   3.8000000e+01   0.0000000e+00   1.8000000e+00
   2.0170000e+03   8.0000000e+00   1.8000000e+01   1.6000000e+01   3.9000000e+01   0.0000000e+00   1.9100000e+00
   2.0170000e+03   8.0000000e+00   1.8000000e+01   1.6000000e+01   4.0000000e+01   0.0000000e+00   2.4000000e+00
   2.0170000e+03   8.0000000e+00   1.8000000e+01   1.6000000e+01   4.1000000e+01   0.0000000e+00   2.4000000e+00
   2.0170000e+03   8.0000000e+00   1.8000000e+01   1.6000000e+01   4.2000000e+01   0.0000000e+00   2.4000000e+00
   2.0170000e+03   8.0000000e+00   1.8000000e+01   1.6000000e+01   4.3000000e+01   0.0000000e+00   2.2900000e+00
   2.0170000e+03   8.0000000e+00   1.8000000e+01   1.6000000e+01   4.4000000e+01   0.0000000e+00   2.3500001e+00
   2.0170000e+03   8.0000000e+00   1.8000000e+01   1.6000000e+01   4.5000000e+01   0.0000000e+00   4.8000000e+00
   2.0170000e+03   8.0000000e+00   1.8000000e+01   1.6000000e+01   4.6000000e+01   0.0000000e+00   4.9100000e+00
   2.0170000e+03   8.0000000e+00   1.8000000e+01   1.6000000e+01   4.7000000e+01   0.0000000e+00   5.1800000e+00
   2.0170000e+03   8.0000000e+00   1.8000000e+01   1.6000000e+01   4.8000000e+01   0.0000000e+00   4.4200001e+00
   2.0170000e+03   8.0000000e+00   1.8000000e+01   1.6000000e+01   4.9000000e+01   0.0000000e+00   5.5100000e+00
   2.0170000e+03   8.0000000e+00   1.8000000e+01   1.6000000e+01   5.0000000e+01   0.0000000e+00   5.8900000e+00
   2.0170000e+03   8.0000000e+00   1.8000000e+01   1.6000000e+01   5.1000000e+01   0.0000000e+00   4.9600002e+00
   2.0170000e+03   8.0000000e+00   1.8000000e+01   1.6000000e+01   5.2000000e+01   0.0000000e+00   3.3300000e+00
   2.0170000e+03   8.0000000e+00   1.8000000e+01   1.6000000e+01   5.3000000e+01   0.0000000e+00   4.9100000e+00
   2.0170000e+03   8.0000000e+00   1.8000000e+01   1.6000000e+01   5.4000000e+01   0.0000000e+00   4.8500003e+00
   2.0170000e+03   8.0000000e+00   1.8000000e+01   1.6000000e+01   5.5000000e+01   0.0000000e+00   2.8400000e+00
   2.0170000e+03   8.0000000e+00   1.8000000e+01   1.6000000e+01   5.6000000e+01   0.0000000e+00   4.8000000e+00
   2.0170000e+03   8.0000000e+00   1.8000000e+01   1.6000000e+01   5.7000000e+01   0.0000000e+00   4.8000000e+00
   2.0170000e+03   8.0000000e+00   1.8000000e+01   1.6000000e+01   5.8000000e+01   0.0000000e+00   4.5800000e+00
   2.0170000e+03   8.0000000e+00   1.8000000e+01   1.6000000e+01   5.9000000e+01   0.0000000e+00   3.6000000e+00
   2.0170000e+03   8.0000000e+00   1.8000000e+01   1.7000000e+01   0.0000000e+00   0.0000000e+00   3.6000000e+00
   2.0170000e+03   8.0000000e+00   1.8000000e+01   1.7000000e+01   1.0000000e+00   0.0000000e+00   3.9300000e+00
   2.0170000e+03   8.0000000e+00   1.8000000e+01   1.7000000e+01   2.0000000e+00   0.0000000e+00   6.2800005e+00
   2.0170000e+03   8.0000000e+00   1.8000000e+01   1.7000000e+01   3.0000000e+00   0.0000000e+00   9.7600000e+00
   2.0170000e+03   8.0000000e+00   1.8000000e+01   1.7000000e+01   4.0000000e+00   0.0000000e+00   7.6900000e+00
   2.0170000e+03   8.0000000e+00   1.8000000e+01   1.7000000e+01   5.0000000e+00   0.0000000e+00   6.5399996e+00
   2.0170000e+03   8.0000000e+00   1.8000000e+01   1.7000000e+01   6.0000000e+00   0.0000000e+00   3.7100000e+00
   2.0170000e+03   8.0000000e+00   1.8000000e+01   1.7000000e+01   7.0000000e+00   0.0000000e+00   4.0900000e+00
   2.0170000e+03   8.0000000e+00   1.8000000e+01   1.7000000e+01   8.0000000e+00   0.0000000e+00   3.4900001e+00
   2.0170000e+03   8.0000000e+00   1.8000000e+01   1.7000000e+01   9.0000000e+00   0.0000000e+00   3.1100000e+00
   2.0170000e+03   8.0000000e+00   1.8000000e+01   1.7000000e+01   1.0000000e+01   0.0000000e+00   3.3800000e+00
   2.0170000e+03   8.0000000e+00   1.8000000e+01   1.7000000e+01   1.1000000e+01   0.0000000e+00   2.1800000e+00
   2.0170000e+03   8.0000000e+00   1.8000000e+01   1.7000000e+01   1.2000000e+01   0.0000000e+00   1.0900000e+00
   2.0170000e+03   8.0000000e+00   1.8000000e+01   1.7000000e+01   1.3000000e+01   0.0000000e+00   6.0000000e-01
   2.0170000e+03   8.0000000e+00   1.8000000e+01   1.7000000e+01   1.4000000e+01   0.0000000e+00   4.9000000e-01
   2.0170000e+03   8.0000000e+00   1.8000000e+01   1.7000000e+01   1.5000000e+01   0.0000000e+00   1.1000001e-01
   2.0170000e+03   8.0000000e+00   1.8000000e+01   1.7000000e+01   1.6000000e+01   0.0000000e+00   4.8999994e-01
   2.0170000e+03   8.0000000e+00   1.8000000e+01   1.7000000e+01   1.7000000e+01   0.0000000e+00   1.1000000e-01
   2.0170000e+03   8.0000000e+00   1.8000000e+01   1.7000000e+01   1.8000000e+01   0.0000000e+00   4.9000001e-01
   2.0170000e+03   8.0000000e+00   1.8000000e+01   1.7000000e+01   1.9000000e+01   0.0000000e+00   0.0000000e+00
   2.0170000e+03   8.0000000e+00   1.8000000e+01   1.7000000e+01   2.0000000e+01   0.0000000e+00   0.0000000e+00
   2.0170000e+03   8.0000000e+00   1.8000000e+01   1.7000000e+01   2.1000000e+01   0.0000000e+00   1.0999999e-01
   2.0170000e+03   8.0000000e+00   1.8000000e+01   1.7000000e+01   2.2000000e+01   0.0000000e+00   4.9000006e-01
   2.0170000e+03   8.0000000e+00   1.8000000e+01   1.7000000e+01   2.3000000e+01   0.0000000e+00   0.0000000e+00
   2.0170000e+03   8.0000000e+00   1.8000000e+01   1.7000000e+01   2.4000000e+01   0.0000000e+00   0.0000000e+00
   2.0170000e+03   8.0000000e+00   1.8000000e+01   1.7000000e+01   2.5000000e+01   0.0000000e+00   0.0000000e+00
   2.0170000e+03   8.0000000e+00   1.8000000e+01   1.7000000e+01   2.6000000e+01   0.0000000e+00   0.0000000e+00
   2.0170000e+03   8.0000000e+00   1.8000000e+01   1.7000000e+01   2.7000000e+01   0.0000000e+00   0.0000000e+00
   2.0170000e+03   8.0000000e+00   1.8000000e+01   1.7000000e+01   2.8000000e+01   0.0000000e+00   0.0000000e+00
   2.0170000e+03   8.0000000e+00   1.8000000e+01   1.7000000e+01   2.9000000e+01   0.0000000e+00   1.1000001e-01
   2.0170000e+03   8.0000000e+00   1.8000000e+01   1.7000000e+01   3.0000000e+01   0.0000000e+00   4.8999994e-01
   2.0170000e+03   8.0000000e+00   1.8000000e+01   1.7000000e+01   3.1000000e+01   0.0000000e+00   0.0000000e+00
   2.0170000e+03   8.0000000e+00   1.8000000e+01   1.7000000e+01   3.2000000e+01   0.0000000e+00   0.0000000e+00
   2.0170000e+03   8.0000000e+00   1.8000000e+01   1.7000000e+01   3.3000000e+01   0.0000000e+00   0.0000000e+00
   2.0170000e+03   8.0000000e+00   1.8000000e+01   1.7000000e+01   3.4000000e+01   0.0000000e+00   0.0000000e+00
   2.0170000e+03   8.0000000e+00   1.8000000e+01   1.7000000e+01   3.5000000e+01   0.0000000e+00   0.0000000e+00
   2.0170000e+03   8.0000000e+00   1.8000000e+01   1.7000000e+01   3.6000000e+01   0.0000000e+00   1.0999994e-01
   2.0170000e+03   8.0000000e+00   1.8000000e+01   1.7000000e+01   3.7000000e+01   0.0000000e+00   4.9000000e-01
   2.0170000e+03   8.0000000e+00   1.8000000e+01   1.7000000e+01   3.8000000e+01   0.0000000e+00   0.0000000e+00
   2.0170000e+03   8.0000000e+00   1.8000000e+01   1.7000000e+01   3.9000000e+01   0.0000000e+00   0.0000000e+00
   2.0170000e+03   8.0000000e+00   1.8000000e+01   1.7000000e+01   4.0000000e+01   0.0000000e+00   1.1000000e-01
   2.0170000e+03   8.0000000e+00   1.8000000e+01   1.7000000e+01   4.1000000e+01   0.0000000e+00   6.0000000e-01
   2.0170000e+03   8.0000000e+00   1.8000000e+01   1.7000000e+01   4.2000000e+01   0.0000000e+00   7.1000000e-01
   2.0170000e+03   8.0000000e+00   1.8000000e+01   1.7000000e+01   4.3000000e+01   0.0000000e+00   1.2000000e+00
   2.0170000e+03   8.0000000e+00   1.8000000e+01   1.7000000e+01   4.4000000e+01   0.0000000e+00   1.0900000e+00
   2.0170000e+03   8.0000000e+00   1.8000000e+01   1.7000000e+01   4.5000000e+01   0.0000000e+00   8.2000000e-01
   2.0170000e+03   8.0000000e+00   1.8000000e+01   1.7000000e+01   4.6000000e+01   0.0000000e+00   2.4600001e+00
   2.0170000e+03   8.0000000e+00   1.8000000e+01   1.7000000e+01   4.7000000e+01   0.0000000e+00   4.9599998e+00
   2.0170000e+03   8.0000000e+00   1.8000000e+01   1.7000000e+01   4.8000000e+01   0.0000000e+00   2.6700000e+00
   2.0170000e+03   8.0000000e+00   1.8000000e+01   1.7000000e+01   4.9000000e+01   0.0000000e+00   1.2000000e+00
   2.0170000e+03   8.0000000e+00   1.8000000e+01   1.7000000e+01   5.0000000e+01   0.0000000e+00   3.6200014e+00
   2.0170000e+03   8.0000000e+00   1.8000000e+01   1.7000000e+01   5.1000000e+01   0.0000000e+00   1.3080000e+01
   2.0170000e+03   8.0000000e+00   1.8000000e+01   1.7000000e+01   5.2000000e+01   0.0000000e+00   6.4300001e+00
   2.0170000e+03   8.0000000e+00   1.8000000e+01   1.7000000e+01   5.3000000e+01   0.0000000e+00   2.5600002e+00
   2.0170000e+03   8.0000000e+00   1.8000000e+01   1.7000000e+01   5.4000000e+01   0.0000000e+00   6.0000000e-01
   2.0170000e+03   8.0000000e+00   1.8000000e+01   1.7000000e+01   5.5000000e+01   0.0000000e+00   6.0000000e-01
   2.0170000e+03   8.0000000e+00   1.8000000e+01   1.7000000e+01   5.6000000e+01   0.0000000e+00   6.0000000e-01
   2.0170000e+03   8.0000000e+00   1.8000000e+01   1.7000000e+01   5.7000000e+01   0.0000000e+00   4.9000000e-01
   2.0170000e+03   8.0000000e+00   1.8000000e+01   1.7000000e+01   5.8000000e+01   0.0000000e+00   0.0000000e+00
   2.0170000e+03   8.0000000e+00   1.8000000e+01   1.7000000e+01   5.9000000e+01   0.0000000e+00   1.1000000e-01
   2.0170000e+03   8.0000000e+00   1.8000000e+01   1.8000000e+01   0.0000000e+00   0.0000000e+00   4.8999999e-01
   2.0170000e+03   8.0000000e+00   1.8000000e+01   1.8000000e+01   1.0000000e+00   0.0000000e+00   0.0000000e+00
   2.0170000e+03   8.0000000e+00   1.8000000e+01   1.8000000e+01   2.0000000e+00   0.0000000e+00   0.0000000e+00
   2.0170000e+03   8.0000000e+00   1.8000000e+01   1.8000000e+01   3.0000000e+00   0.0000000e+00   0.0000000e+00
   2.0170000e+03   8.0000000e+00   1.8000000e+01   1.8000000e+01   4.0000000e+00   0.0000000e+00   0.0000000e+00
   2.0170000e+03   8.0000000e+00   1.8000000e+01   1.8000000e+01   5.0000000e+00   0.0000000e+00   1.1000000e-01
   2.0170000e+03   8.0000000e+00   1.8000000e+01   1.8000000e+01   6.0000000e+00   0.0000000e+00   4.9000001e-01
   2.0170000e+03   8.0000000e+00   1.8000000e+01   1.8000000e+01   7.0000000e+00   0.0000000e+00   0.0000000e+00
   2.0170000e+03   8.0000000e+00   1.8000000e+01   1.8000000e+01   8.0000000e+00   0.0000000e+00   0.0000000e+00
   2.0170000e+03   8.0000000e+00   1.8000000e+01   1.8000000e+01   9.0000000e+00   0.0000000e+00   0.0000000e+00
   2.0170000e+03   8.0000000e+00   1.8000000e+01   1.8000000e+01   1.0000000e+01   0.0000000e+00   0.0000000e+00
   2.0170000e+03   8.0000000e+00   1.8000000e+01   1.8000000e+01   1.1000000e+01   0.0000000e+00   0.0000000e+00
   2.0170000e+03   8.0000000e+00   1.8000000e+01   1.8000000e+01   1.2000000e+01   0.0000000e+00   0.0000000e+00
   2.0170000e+03   8.0000000e+00   1.8000000e+01   1.8000000e+01   1.3000000e+01   0.0000000e+00   0.0000000e+00
   2.0170000e+03   8.0000000e+00   1.8000000e+01   1.8000000e+01   1.4000000e+01   0.0000000e+00   0.0000000e+00
   2.0170000e+03   8.0000000e+00   1.8000000e+01   1.8000000e+01   1.5000000e+01   0.0000000e+00   0.0000000e+00
   2.0170000e+03   8.0000000e+00   1.8000000e+01   1.8000000e+01   1.6000000e+01   0.0000000e+00   0.0000000e+00
   2.0170000e+03   8.0000000e+00   1.8000000e+01   1.8000000e+01   1.7000000e+01   0.0000000e+00   0.0000000e+00
   2.0170000e+03   8.0000000e+00   1.8000000e+01   1.8000000e+01   1.8000000e+01   0.0000000e+00   1.1000006e-01
   2.0170000e+03   8.0000000e+00   1.8000000e+01   1.8000000e+01   1.9000000e+01   0.0000000e+00   4.9000000e-01
   2.0170000e+03   8.0000000e+00   1.8000000e+01   1.8000000e+01   2.0000000e+01   0.0000000e+00   0.0000000e+00
   2.0170000e+03   8.0000000e+00   1.8000000e+01   1.8000000e+01   2.1000000e+01   0.0000000e+00   0.0000000e+00
   2.0170000e+03   8.0000000e+00   1.8000000e+01   1.8000000e+01   2.2000000e+01   0.0000000e+00   0.0000000e+00
   2.0170000e+03   8.0000000e+00   1.8000000e+01   1.8000000e+01   2.3000000e+01   0.0000000e+00   0.0000000e+00
   2.0170000e+03   8.0000000e+00   1.8000000e+01   1.8000000e+01   2.4000000e+01   0.0000000e+00   0.0000000e+00
   2.0170000e+03   8.0000000e+00   1.8000000e+01   1.8000000e+01   2.5000000e+01   0.0000000e+00   0.0000000e+00
   2.0170000e+03   8.0000000e+00   1.8000000e+01   1.8000000e+01   2.6000000e+01   0.0000000e+00   0.0000000e+00
   2.0170000e+03   8.0000000e+00   1.8000000e+01   1.8000000e+01   2.7000000e+01   0.0000000e+00   0.0000000e+00
   2.0170000e+03   8.0000000e+00   1.8000000e+01   1.8000000e+01   2.8000000e+01   0.0000000e+00   0.0000000e+00
   2.0170000e+03   8.0000000e+00   1.8000000e+01   1.8000000e+01   2.9000000e+01   0.0000000e+00   0.0000000e+00
   2.0170000e+03   8.0000000e+00   1.8000000e+01   1.8000000e+01   3.0000000e+01   0.0000000e+00   0.0000000e+00
   2.0170000e+03   8.0000000e+00   1.8000000e+01   1.8000000e+01   3.1000000e+01   0.0000000e+00   0.0000000e+00
   2.0170000e+03   8.0000000e+00   1.8000000e+01   1.8000000e+01   3.2000000e+01   0.0000000e+00   0.0000000e+00
   2.0170000e+03   8.0000000e+00   1.8000000e+01   1.8000000e+01   3.3000000e+01   0.0000000e+00   0.0000000e+00
   2.0170000e+03   8.0000000e+00   1.8000000e+01   1.8000000e+01   3.4000000e+01   0.0000000e+00   0.0000000e+00
   2.0170000e+03   8.0000000e+00   1.8000000e+01   1.8000000e+01   3.5000000e+01   0.0000000e+00   0.0000000e+00
   2.0170000e+03   8.0000000e+00   1.8000000e+01   1.8000000e+01   3.6000000e+01   0.0000000e+00   0.0000000e+00
   2.0170000e+03   8.0000000e+00   1.8000000e+01   1.8000000e+01   3.7000000e+01   0.0000000e+00   0.0000000e+00
   2.0170000e+03   8.0000000e+00   1.8000000e+01   1.8000000e+01   3.8000000e+01   0.0000000e+00   0.0000000e+00
   2.0170000e+03   8.0000000e+00   1.8000000e+01   1.8000000e+01   3.9000000e+01   0.0000000e+00   0.0000000e+00
   2.0170000e+03   8.0000000e+00   1.8000000e+01   1.8000000e+01   4.0000000e+01   0.0000000e+00   0.0000000e+00
   2.0170000e+03   8.0000000e+00   1.8000000e+01   1.8000000e+01   4.1000000e+01   0.0000000e+00   0.0000000e+00
   2.0170000e+03   8.0000000e+00   1.8000000e+01   1.8000000e+01   4.2000000e+01   0.0000000e+00   0.0000000e+00
   2.0170000e+03   8.0000000e+00   1.8000000e+01   1.8000000e+01   4.3000000e+01   0.0000000e+00   0.0000000e+00
   2.0170000e+03   8.0000000e+00   1.8000000e+01   1.8000000e+01   4.4000000e+01   0.0000000e+00   1.1000000e-01
   2.0170000e+03   8.0000000e+00   1.8000000e+01   1.8000000e+01   4.5000000e+01   0.0000000e+00   4.8999999e-01
   2.0170000e+03   8.0000000e+00   1.8000000e+01   1.8000000e+01   4.6000000e+01   0.0000000e+00   0.0000000e+00
   2.0170000e+03   8.0000000e+00   1.8000000e+01   1.8000000e+01   4.7000000e+01   0.0000000e+00   0.0000000e+00
   2.0170000e+03   8.0000000e+00   1.8000000e+01   1.8000000e+01   4.8000000e+01   0.0000000e+00   0.0000000e+00
   2.0170000e+03   8.0000000e+00   1.8000000e+01   1.8000000e+01   4.9000000e+01   0.0000000e+00   0.0000000e+00
   2.0170000e+03   8.0000000e+00   1.8000000e+01   1.8000000e+01   5.0000000e+01   0.0000000e+00   0.0000000e+00
   2.0170000e+03   8.0000000e+00   1.8000000e+01   1.8000000e+01   5.1000000e+01   0.0000000e+00   0.0000000e+00
   2.0170000e+03   8.0000000e+00   1.8000000e+01   1.8000000e+01   5.2000000e+01   0.0000000e+00   0.0000000e+00
   2.0170000e+03   8.0000000e+00   1.8000000e+01   1.8000000e+01   5.3000000e+01   0.0000000e+00   1.1000000e-01
   2.0170000e+03   8.0000000e+00   1.8000000e+01   1.8000000e+01   5.4000000e+01   0.0000000e+00   4.9000000e-01
   2.0170000e+03   8.0000000e+00   1.8000000e+01   1.8000000e+01   5.5000000e+01   0.0000000e+00   0.0000000e+00
   2.0170000e+03   8.0000000e+00   1.8000000e+01   1.8000000e+01   5.6000000e+01   0.0000000e+00   0.0000000e+00
   2.0170000e+03   8.0000000e+00   1.8000000e+01   1.8000000e+01   5.7000000e+01   0.0000000e+00   0.0000000e+00
   2.0170000e+03   8.0000000e+00   1.8000000e+01   1.8000000e+01   5.8000000e+01   0.0000000e+00   0.0000000e+00
   2.0170000e+03   8.0000000e+00   1.8000000e+01   1.8000000e+01   5.9000000e+01   0.0000000e+00   0.0000000e+00
   2.0170000e+03   8.0000000e+00   1.8000000e+01   1.9000000e+01   0.0000000e+00   0.0000000e+00   0.0000000e+00
   2.0170000e+03   8.0000000e+00   1.8000000e+01   1.9000000e+01   1.0000000e+00   0.0000000e+00   0.0000000e+00
   2.0170000e+03   8.0000000e+00   1.8000000e+01   1.9000000e+01   2.0000000e+00   0.0000000e+00   0.0000000e+00
   2.0170000e+03   8.0000000e+00   1.8000000e+01   1.9000000e+01   3.0000000e+00   0.0000000e+00   1.1000006e-01
   2.0170000e+03   8.0000000e+00   1.8000000e+01   1.9000000e+01   4.0000000e+00   0.0000000e+00   4.9000000e-01
   2.0170000e+03   8.0000000e+00   1.8000000e+01   1.9000000e+01   5.0000000e+00   0.0000000e+00   0.0000000e+00
   2.0170000e+03   8.0000000e+00   1.8000000e+01   1.9000000e+01   6.0000000e+00   0.0000000e+00   0.0000000e+00
   2.0170000e+03   8.0000000e+00   1.8000000e+01   1.9000000e+01   7.0000000e+00   0.0000000e+00   0.0000000e+00
   2.0170000e+03   8.0000000e+00   1.8000000e+01   1.9000000e+01   8.0000000e+00   0.0000000e+00   0.0000000e+00
   2.0170000e+03   8.0000000e+00   1.8000000e+01   1.9000000e+01   9.0000000e+00   0.0000000e+00   0.0000000e+00
   2.0170000e+03   8.0000000e+00   1.8000000e+01   1.9000000e+01   1.0000000e+01   0.0000000e+00   0.0000000e+00
   2.0170000e+03   8.0000000e+00   1.8000000e+01   1.9000000e+01   1.1000000e+01   0.0000000e+00   0.0000000e+00
   2.0170000e+03   8.0000000e+00   1.8000000e+01   1.9000000e+01   1.2000000e+01   0.0000000e+00   0.0000000e+00
   2.0170000e+03   8.0000000e+00   1.8000000e+01   1.9000000e+01   1.3000000e+01   0.0000000e+00   0.0000000e+00
   2.0170000e+03   8.0000000e+00   1.8000000e+01   1.9000000e+01   1.4000000e+01   0.0000000e+00   0.0000000e+00
   2.0170000e+03   8.0000000e+00   1.8000000e+01   1.9000000e+01   1.5000000e+01   0.0000000e+00   0.0000000e+00
   2.0170000e+03   8.0000000e+00   1.8000000e+01   1.9000000e+01   1.6000000e+01   0.0000000e+00   0.0000000e+00
   2.0170000e+03   8.0000000e+00   1.8000000e+01   1.9000000e+01   1.7000000e+01   0.0000000e+00   0.0000000e+00
   2.0170000e+03   8.0000000e+00   1.8000000e+01   1.9000000e+01   1.8000000e+01   0.0000000e+00   1.1000000e-01
   2.0170000e+03   8.0000000e+00   1.8000000e+01   1.9000000e+01   1.9000000e+01   0.0000000e+00   4.8999999e-01
   2.0170000e+03   8.0000000e+00   1.8000000e+01   1.9000000e+01   2.0000000e+01   0.0000000e+00   0.0000000e+00
   2.0170000e+03   8.0000000e+00   1.8000000e+01   1.9000000e+01   2.1000000e+01   0.0000000e+00   0.0000000e+00
   2.0170000e+03   8.0000000e+00   1.8000000e+01   1.9000000e+01   2.2000000e+01   0.0000000e+00   0.0000000e+00
   2.0170000e+03   8.0000000e+00   1.8000000e+01   1.9000000e+01   2.3000000e+01   0.0000000e+00   0.0000000e+00
   2.0170000e+03   8.0000000e+00   1.8000000e+01   1.9000000e+01   2.4000000e+01   0.0000000e+00   0.0000000e+00
   2.0170000e+03   8.0000000e+00   1.8000000e+01   1.9000000e+01   2.5000000e+01   0.0000000e+00   0.0000000e+00
   2.0170000e+03   8.0000000e+00   1.8000000e+01   1.9000000e+01   2.6000000e+01   0.0000000e+00   0.0000000e+00
   2.0170000e+03   8.0000000e+00   1.8000000e+01   1.9000000e+01   2.7000000e+01   0.0000000e+00   0.0000000e+00
   2.0170000e+03   8.0000000e+00   1.8000000e+01   1.9000000e+01   2.8000000e+01   0.0000000e+00   0.0000000e+00
   2.0170000e+03   8.0000000e+00   1.8000000e+01   1.9000000e+01   2.9000000e+01   0.0000000e+00   0.0000000e+00
   2.0170000e+03   8.0000000e+00   1.8000000e+01   1.9000000e+01   3.0000000e+01   0.0000000e+00   0.0000000e+00
   2.0170000e+03   8.0000000e+00   1.8000000e+01   1.9000000e+01   3.1000000e+01   0.0000000e+00   0.0000000e+00
   2.0170000e+03   8.0000000e+00   1.8000000e+01   1.9000000e+01   3.2000000e+01   0.0000000e+00   0.0000000e+00
   2.0170000e+03   8.0000000e+00   1.8000000e+01   1.9000000e+01   3.3000000e+01   0.0000000e+00   0.0000000e+00
   2.0170000e+03   8.0000000e+00   1.8000000e+01   1.9000000e+01   3.4000000e+01   0.0000000e+00   0.0000000e+00
   2.0170000e+03   8.0000000e+00   1.8000000e+01   1.9000000e+01   3.5000000e+01   0.0000000e+00   0.0000000e+00
   2.0170000e+03   8.0000000e+00   1.8000000e+01   1.9000000e+01   3.6000000e+01   0.0000000e+00   0.0000000e+00
   2.0170000e+03   8.0000000e+00   1.8000000e+01   1.9000000e+01   3.7000000e+01   0.0000000e+00   1.0999994e-01
   2.0170000e+03   8.0000000e+00   1.8000000e+01   1.9000000e+01   3.8000000e+01   0.0000000e+00   4.9000000e-01
   2.0170000e+03   8.0000000e+00   1.8000000e+01   1.9000000e+01   3.9000000e+01   0.0000000e+00   0.0000000e+00
   2.0170000e+03   8.0000000e+00   1.8000000e+01   1.9000000e+01   4.0000000e+01   0.0000000e+00   0.0000000e+00
   2.0170000e+03   8.0000000e+00   1.8000000e+01   1.9000000e+01   4.1000000e+01   0.0000000e+00   0.0000000e+00
   2.0170000e+03   8.0000000e+00   1.8000000e+01   1.9000000e+01   4.2000000e+01   0.0000000e+00   0.0000000e+00
   2.0170000e+03   8.0000000e+00   1.8000000e+01   1.9000000e+01   4.3000000e+01   0.0000000e+00   0.0000000e+00
   2.0170000e+03   8.0000000e+00   1.8000000e+01   1.9000000e+01   4.4000000e+01   0.0000000e+00   0.0000000e+00
   2.0170000e+03   8.0000000e+00   1.8000000e+01   1.9000000e+01   4.5000000e+01   0.0000000e+00   0.0000000e+00
   2.0170000e+03   8.0000000e+00   1.8000000e+01   1.9000000e+01   4.6000000e+01   0.0000000e+00   0.0000000e+00
   2.0170000e+03   8.0000000e+00   1.8000000e+01   1.9000000e+01   4.7000000e+01   0.0000000e+00   0.0000000e+00
   2.0170000e+03   8.0000000e+00   1.8000000e+01   1.9000000e+01   4.8000000e+01   0.0000000e+00   1.1000006e-01
   2.0170000e+03   8.0000000e+00   1.8000000e+01   1.9000000e+01   4.9000000e+01   0.0000000e+00   6.0000000e-01
   2.0170000e+03   8.0000000e+00   1.8000000e+01   1.9000000e+01   5.0000000e+01   0.0000000e+00   7.0999999e-01
   2.0170000e+03   8.0000000e+00   1.8000000e+01   1.9000000e+01   5.1000000e+01   0.0000000e+00   1.6399998e+00
   2.0170000e+03   8.0000000e+00   1.8000000e+01   1.9000000e+01   5.2000000e+01   0.0000000e+00   4.0400000e+00
   2.0170000e+03   8.0000000e+00   1.8000000e+01   1.9000000e+01   5.3000000e+01   0.0000000e+00   6.8799999e+00
   2.0170000e+03   8.0000000e+00   1.8000000e+01   1.9000000e+01   5.4000000e+01   0.0000000e+00   1.0250000e+01
   2.0170000e+03   8.0000000e+00   1.8000000e+01   1.9000000e+01   5.5000000e+01   0.0000000e+00   7.3600000e+00
   2.0170000e+03   8.0000000e+00   1.8000000e+01   1.9000000e+01   5.6000000e+01   0.0000000e+00   5.2900000e+00
   2.0170000e+03   8.0000000e+00   1.8000000e+01   1.9000000e+01   5.7000000e+01   0.0000000e+00   4.8000000e+00
   2.0170000e+03   8.0000000e+00   1.8000000e+01   1.9000000e+01   5.8000000e+01   0.0000000e+00   5.0200000e+00
   2.0170000e+03   8.0000000e+00   1.8000000e+01   1.9000000e+01   5.9000000e+01   0.0000000e+00   6.3300000e+00
   2.0170000e+03   8.0000000e+00   1.8000000e+01   2.0000000e+01   0.0000000e+00   0.0000000e+00   8.5700000e+00
   2.0170000e+03   8.0000000e+00   1.8000000e+01   2.0000000e+01   1.0000000e+00   0.0000000e+00   1.2880000e+01
   2.0170000e+03   8.0000000e+00   1.8000000e+01   2.0000000e+01   2.0000000e+00   0.0000000e+00   1.7680000e+01
   2.0170000e+03   8.0000000e+00   1.8000000e+01   2.0000000e+01   3.0000000e+00   0.0000000e+00   2.1380000e+01
   2.0170000e+03   8.0000000e+00   1.8000000e+01   2.0000000e+01   4.0000000e+00   0.0000000e+00   1.9080000e+01
   2.0170000e+03   8.0000000e+00   1.8000000e+01   2.0000000e+01   5.0000000e+00   0.0000000e+00   1.2209999e+01
   2.0170000e+03   8.0000000e+00   1.8000000e+01   2.0000000e+01   6.0000000e+00   0.0000000e+00   8.1300000e+00
   2.0170000e+03   8.0000000e+00   1.8000000e+01   2.0000000e+01   7.0000000e+00   0.0000000e+00   1.1470000e+01
   2.0170000e+03   8.0000000e+00   1.8000000e+01   2.0000000e+01   8.0000000e+00   0.0000000e+00   2.1999999e+01
   2.0170000e+03   8.0000000e+00   1.8000000e+01   2.0000000e+01   9.0000000e+00   0.0000000e+00   3.1030000e+01
   2.0170000e+03   8.0000000e+00   1.8000000e+01   2.0000000e+01   1.0000000e+01   0.0000000e+00   2.7050000e+01
   2.0170000e+03   8.0000000e+00   1.8000000e+01   2.0000000e+01   1.1000000e+01   0.0000000e+00   2.3830000e+01
   2.0170000e+03   8.0000000e+00   1.8000000e+01   2.0000000e+01   1.2000000e+01   0.0000000e+00   1.8420000e+01
   2.0170000e+03   8.0000000e+00   1.8000000e+01   2.0000000e+01   1.3000000e+01   0.0000000e+00   8.7200000e+00
   2.0170000e+03   8.0000000e+00   1.8000000e+01   2.0000000e+01   1.4000000e+01   0.0000000e+00   5.7900000e+00
   2.0170000e+03   8.0000000e+00   1.8000000e+01   2.0000000e+01   1.5000000e+01   0.0000000e+00   1.0310000e+01
   2.0170000e+03   8.0000000e+00   1.8000000e+01   2.0000000e+01   1.6000000e+01   0.0000000e+00   1.1240000e+01
   2.0170000e+03   8.0000000e+00   1.8000000e+01   2.0000000e+01   1.7000000e+01   0.0000000e+00   1.1550000e+01
   2.0170000e+03   8.0000000e+00   1.8000000e+01   2.0000000e+01   1.8000000e+01   0.0000000e+00   4.7499999e+00
   2.0170000e+03   8.0000000e+00   1.8000000e+01   2.0000000e+01   1.9000000e+01   0.0000000e+00   7.0900001e+00
   2.0170000e+03   8.0000000e+00   1.8000000e+01   2.0000000e+01   2.0000000e+01   0.0000000e+00   6.4900000e+00
   2.0170000e+03   8.0000000e+00   1.8000000e+01   2.0000000e+01   2.1000000e+01   0.0000000e+00   5.4500001e+00
   2.0170000e+03   8.0000000e+00   1.8000000e+01   2.0000000e+01   2.2000000e+01   0.0000000e+00   3.0000000e+00
   2.0170000e+03   8.0000000e+00   1.8000000e+01   2.0000000e+01   2.3000000e+01   0.0000000e+00   2.8900000e+00
   2.0170000e+03   8.0000000e+00   1.8000000e+01   2.0000000e+01   2.4000000e+01   0.0000000e+00   2.2900000e+00
   2.0170000e+03   8.0000000e+00   1.8000000e+01   2.0000000e+01   2.5000000e+01   0.0000000e+00   1.5800000e+00
   2.0170000e+03   8.0000000e+00   1.8000000e+01   2.0000000e+01   2.6000000e+01   0.0000000e+00   6.0000000e-01
   2.0170000e+03   8.0000000e+00   1.8000000e+01   2.0000000e+01   2.7000000e+01   0.0000000e+00   6.0000000e-01
   2.0170000e+03   8.0000000e+00   1.8000000e+01   2.0000000e+01   2.8000000e+01   0.0000000e+00   4.9000000e-01
   2.0170000e+03   8.0000000e+00   1.8000000e+01   2.0000000e+01   2.9000000e+01   0.0000000e+00   1.1000001e-01
   2.0170000e+03   8.0000000e+00   1.8000000e+01   2.0000000e+01   3.0000000e+01   0.0000000e+00   4.8999994e-01
   2.0170000e+03   8.0000000e+00   1.8000000e+01   2.0000000e+01   3.1000000e+01   0.0000000e+00   0.0000000e+00
   2.0170000e+03   8.0000000e+00   1.8000000e+01   2.0000000e+01   3.2000000e+01   0.0000000e+00   0.0000000e+00
   2.0170000e+03   8.0000000e+00   1.8000000e+01   2.0000000e+01   3.3000000e+01   0.0000000e+00   1.1000006e-01
   2.0170000e+03   8.0000000e+00   1.8000000e+01   2.0000000e+01   3.4000000e+01   0.0000000e+00   4.9000000e-01
   2.0170000e+03   8.0000000e+00   1.8000000e+01   2.0000000e+01   3.5000000e+01   0.0000000e+00   0.0000000e+00
   2.0170000e+03   8.0000000e+00   1.8000000e+01   2.0000000e+01   3.6000000e+01   0.0000000e+00   2.1999988e-01
   2.0170000e+03   8.0000000e+00   1.8000000e+01   2.0000000e+01   3.7000000e+01   0.0000000e+00   1.0900000e+00
   2.0170000e+03   8.0000000e+00   1.8000000e+01   2.0000000e+01   3.8000000e+01   0.0000000e+00   4.9000001e-01
   2.0170000e+03   8.0000000e+00   1.8000000e+01   2.0000000e+01   3.9000000e+01   0.0000000e+00   1.0999994e-01
   2.0170000e+03   8.0000000e+00   1.8000000e+01   2.0000000e+01   4.0000000e+01   0.0000000e+00   4.9000000e-01
   2.0170000e+03   8.0000000e+00   1.8000000e+01   2.0000000e+01   4.1000000e+01   0.0000000e+00   1.1000000e-01
   2.0170000e+03   8.0000000e+00   1.8000000e+01   2.0000000e+01   4.2000000e+01   0.0000000e+00   4.9000000e-01
   2.0170000e+03   8.0000000e+00   1.8000000e+01   2.0000000e+01   4.3000000e+01   0.0000000e+00   0.0000000e+00
   2.0170000e+03   8.0000000e+00   1.8000000e+01   2.0000000e+01   4.4000000e+01   0.0000000e+00   0.0000000e+00
   2.0170000e+03   8.0000000e+00   1.8000000e+01   2.0000000e+01   4.5000000e+01   0.0000000e+00   0.0000000e+00
   2.0170000e+03   8.0000000e+00   1.8000000e+01   2.0000000e+01   4.6000000e+01   0.0000000e+00   0.0000000e+00
   2.0170000e+03   8.0000000e+00   1.8000000e+01   2.0000000e+01   4.7000000e+01   0.0000000e+00   0.0000000e+00
   2.0170000e+03   8.0000000e+00   1.8000000e+01   2.0000000e+01   4.8000000e+01   0.0000000e+00   0.0000000e+00
   2.0170000e+03   8.0000000e+00   1.8000000e+01   2.0000000e+01   4.9000000e+01   0.0000000e+00   1.1000001e-01
   2.0170000e+03   8.0000000e+00   1.8000000e+01   2.0000000e+01   5.0000000e+01   0.0000000e+00   4.8999994e-01
   2.0170000e+03   8.0000000e+00   1.8000000e+01   2.0000000e+01   5.1000000e+01   0.0000000e+00   0.0000000e+00
   2.0170000e+03   8.0000000e+00   1.8000000e+01   2.0000000e+01   5.2000000e+01   0.0000000e+00   0.0000000e+00
   2.0170000e+03   8.0000000e+00   1.8000000e+01   2.0000000e+01   5.3000000e+01   0.0000000e+00   0.0000000e+00
   2.0170000e+03   8.0000000e+00   1.8000000e+01   2.0000000e+01   5.4000000e+01   0.0000000e+00   0.0000000e+00
   2.0170000e+03   8.0000000e+00   1.8000000e+01   2.0000000e+01   5.5000000e+01   0.0000000e+00   0.0000000e+00
   2.0170000e+03   8.0000000e+00   1.8000000e+01   2.0000000e+01   5.6000000e+01   0.0000000e+00   0.0000000e+00
   2.0170000e+03   8.0000000e+00   1.8000000e+01   2.0000000e+01   5.7000000e+01   0.0000000e+00   0.0000000e+00
   2.0170000e+03   8.0000000e+00   1.8000000e+01   2.0000000e+01   5.8000000e+01   0.0000000e+00   0.0000000e+00
   2.0170000e+03   8.0000000e+00   1.8000000e+01   2.0000000e+01   5.9000000e+01   0.0000000e+00   0.0000000e+00
   2.0170000e+03   8.0000000e+00   1.8000000e+01   2.1000000e+01   0.0000000e+00   0.0000000e+00   0.0000000e+00
   2.0170000e+03   8.0000000e+00   1.8000000e+01   2.1000000e+01   1.0000000e+00   0.0000000e+00   0.0000000e+00
   2.0170000e+03   8.0000000e+00   1.8000000e+01   2.1000000e+01   2.0000000e+00   0.0000000e+00   0.0000000e+00
   2.0170000e+03   8.0000000e+00   1.8000000e+01   2.1000000e+01   3.0000000e+00   0.0000000e+00   0.0000000e+00
   2.0170000e+03   8.0000000e+00   1.8000000e+01   2.1000000e+01   4.0000000e+00   0.0000000e+00   0.0000000e+00
   2.0170000e+03   8.0000000e+00   1.8000000e+01   2.1000000e+01   5.0000000e+00   0.0000000e+00   0.0000000e+00
   2.0170000e+03   8.0000000e+00   1.8000000e+01   2.1000000e+01   6.0000000e+00   0.0000000e+00   0.0000000e+00
   2.0170000e+03   8.0000000e+00   1.8000000e+01   2.1000000e+01   7.0000000e+00   0.0000000e+00   1.0999994e-01
   2.0170000e+03   8.0000000e+00   1.8000000e+01   2.1000000e+01   8.0000000e+00   0.0000000e+00   4.9000000e-01
   2.0170000e+03   8.0000000e+00   1.8000000e+01   2.1000000e+01   9.0000000e+00   0.0000000e+00   0.0000000e+00
   2.0170000e+03   8.0000000e+00   1.8000000e+01   2.1000000e+01   1.0000000e+01   0.0000000e+00   1.1000000e-01
   2.0170000e+03   8.0000000e+00   1.8000000e+01   2.1000000e+01   1.1000000e+01   0.0000000e+00   8.2000000e-01
   2.0170000e+03   8.0000000e+00   1.8000000e+01   2.1000000e+01   1.2000000e+01   0.0000000e+00   1.6900000e+00
   2.0170000e+03   8.0000000e+00   1.8000000e+01   2.1000000e+01   1.3000000e+01   0.0000000e+00   1.3100000e+00
   2.0170000e+03   8.0000000e+00   1.8000000e+01   2.1000000e+01   1.4000000e+01   0.0000000e+00   1.6900000e+00
   2.0170000e+03   8.0000000e+00   1.8000000e+01   2.1000000e+01   1.5000000e+01   0.0000000e+00   1.2000000e+00
   2.0170000e+03   8.0000000e+00   1.8000000e+01   2.1000000e+01   1.6000000e+01   0.0000000e+00   1.0900000e+00
   2.0170000e+03   8.0000000e+00   1.8000000e+01   2.1000000e+01   1.7000000e+01   0.0000000e+00   7.1000001e-01
   2.0170000e+03   8.0000000e+00   1.8000000e+01   2.1000000e+01   1.8000000e+01   0.0000000e+00   1.0899999e+00
   2.0170000e+03   8.0000000e+00   1.8000000e+01   2.1000000e+01   1.9000000e+01   0.0000000e+00   6.0000000e-01
   2.0170000e+03   8.0000000e+00   1.8000000e+01   2.1000000e+01   2.0000000e+01   0.0000000e+00   4.9000001e-01
   2.0170000e+03   8.0000000e+00   1.8000000e+01   2.1000000e+01   2.1000000e+01   0.0000000e+00   1.0999994e-01
   2.0170000e+03   8.0000000e+00   1.8000000e+01   2.1000000e+01   2.2000000e+01   0.0000000e+00   4.9000000e-01
   2.0170000e+03   8.0000000e+00   1.8000000e+01   2.1000000e+01   2.3000000e+01   0.0000000e+00   0.0000000e+00
   2.0170000e+03   8.0000000e+00   1.8000000e+01   2.1000000e+01   2.4000000e+01   0.0000000e+00   0.0000000e+00
   2.0170000e+03   8.0000000e+00   1.8000000e+01   2.1000000e+01   2.5000000e+01   0.0000000e+00   1.1000000e-01
   2.0170000e+03   8.0000000e+00   1.8000000e+01   2.1000000e+01   2.6000000e+01   0.0000000e+00   4.9000000e-01
   2.0170000e+03   8.0000000e+00   1.8000000e+01   2.1000000e+01   2.7000000e+01   0.0000000e+00   0.0000000e+00
   2.0170000e+03   8.0000000e+00   1.8000000e+01   2.1000000e+01   2.8000000e+01   0.0000000e+00   1.1000000e-01
   2.0170000e+03   8.0000000e+00   1.8000000e+01   2.1000000e+01   2.9000000e+01   0.0000000e+00   4.9000000e-01
   2.0170000e+03   8.0000000e+00   1.8000000e+01   2.1000000e+01   3.0000000e+01   0.0000000e+00   0.0000000e+00
   2.0170000e+03   8.0000000e+00   1.8000000e+01   2.1000000e+01   3.1000000e+01   0.0000000e+00   1.1000001e-01
   2.0170000e+03   8.0000000e+00   1.8000000e+01   2.1000000e+01   3.2000000e+01   0.0000000e+00   6.0000000e-01
   2.0170000e+03   8.0000000e+00   1.8000000e+01   2.1000000e+01   3.3000000e+01   0.0000000e+00   8.2000000e-01
   2.0170000e+03   8.0000000e+00   1.8000000e+01   2.1000000e+01   3.4000000e+01   0.0000000e+00   2.0200000e+00
   2.0170000e+03   8.0000000e+00   1.8000000e+01   2.1000000e+01   3.5000000e+01   0.0000000e+00   2.8899999e+00
   2.0170000e+03   8.0000000e+00   1.8000000e+01   2.1000000e+01   3.6000000e+01   0.0000000e+00   2.4000000e+00
   2.0170000e+03   8.0000000e+00   1.8000000e+01   2.1000000e+01   3.7000000e+01   0.0000000e+00   2.6200000e+00
   2.0170000e+03   8.0000000e+00   1.8000000e+01   2.1000000e+01   3.8000000e+01   0.0000000e+00   3.6000000e+00
   2.0170000e+03   8.0000000e+00   1.8000000e+01   2.1000000e+01   3.9000000e+01   0.0000000e+00   3.4900000e+00
   2.0170000e+03   8.0000000e+00   1.8000000e+01   2.1000000e+01   4.0000000e+01   0.0000000e+00   2.8900000e+00
   2.0170000e+03   8.0000000e+00   1.8000000e+01   2.1000000e+01   4.1000000e+01   0.0000000e+00   2.4000000e+00
   2.0170000e+03   8.0000000e+00   1.8000000e+01   2.1000000e+01   4.2000000e+01   0.0000000e+00   2.2900000e+00
   2.0170000e+03   8.0000000e+00   1.8000000e+01   2.1000000e+01   4.3000000e+01   0.0000000e+00   1.8000000e+00
   2.0170000e+03   8.0000000e+00   1.8000000e+01   2.1000000e+01   4.4000000e+01   0.0000000e+00   1.5800000e+00
   2.0170000e+03   8.0000000e+00   1.8000000e+01   2.1000000e+01   4.5000000e+01   0.0000000e+00   6.0000000e-01
   2.0170000e+03   8.0000000e+00   1.8000000e+01   2.1000000e+01   4.6000000e+01   0.0000000e+00   6.0000000e-01
   2.0170000e+03   8.0000000e+00   1.8000000e+01   2.1000000e+01   4.7000000e+01   0.0000000e+00   4.9000000e-01
   2.0170000e+03   8.0000000e+00   1.8000000e+01   2.1000000e+01   4.8000000e+01   0.0000000e+00   1.0999999e-01
   2.0170000e+03   8.0000000e+00   1.8000000e+01   2.1000000e+01   4.9000000e+01   0.0000000e+00   4.9000006e-01
   2.0170000e+03   8.0000000e+00   1.8000000e+01   2.1000000e+01   5.0000000e+01   0.0000000e+00   0.0000000e+00
   2.0170000e+03   8.0000000e+00   1.8000000e+01   2.1000000e+01   5.1000000e+01   0.0000000e+00   0.0000000e+00
   2.0170000e+03   8.0000000e+00   1.8000000e+01   2.1000000e+01   5.2000000e+01   0.0000000e+00   0.0000000e+00
   2.0170000e+03   8.0000000e+00   1.8000000e+01   2.1000000e+01   5.3000000e+01   0.0000000e+00   1.1000000e-01
   2.0170000e+03   8.0000000e+00   1.8000000e+01   2.1000000e+01   5.4000000e+01   0.0000000e+00   4.9000000e-01
   2.0170000e+03   8.0000000e+00   1.8000000e+01   2.1000000e+01   5.5000000e+01   0.0000000e+00   0.0000000e+00
   2.0170000e+03   8.0000000e+00   1.8000000e+01   2.1000000e+01   5.6000000e+01   0.0000000e+00   0.0000000e+00
   2.0170000e+03   8.0000000e+00   1.8000000e+01   2.1000000e+01   5.7000000e+01   0.0000000e+00   0.0000000e+00
   2.0170000e+03   8.0000000e+00   1.8000000e+01   2.1000000e+01   5.8000000e+01   0.0000000e+00   0.0000000e+00
   2.0170000e+03   8.0000000e+00   1.8000000e+01   2.1000000e+01   5.9000000e+01   0.0000000e+00   0.0000000e+00
   2.0170000e+03   8.0000000e+00   1.8000000e+01   2.2000000e+01   0.0000000e+00   0.0000000e+00   1.1000006e-01
   2.0170000e+03   8.0000000e+00   1.8000000e+01   2.2000000e+01   1.0000000e+00   0.0000000e+00   4.9000000e-01
   2.0170000e+03   8.0000000e+00   1.8000000e+01   2.2000000e+01   2.0000000e+00   0.0000000e+00   0.0000000e+00
   2.0170000e+03   8.0000000e+00   1.8000000e+01   2.2000000e+01   3.0000000e+00   0.0000000e+00   0.0000000e+00
   2.0170000e+03   8.0000000e+00   1.8000000e+01   2.2000000e+01   4.0000000e+00   0.0000000e+00   1.1000000e-01
   2.0170000e+03   8.0000000e+00   1.8000000e+01   2.2000000e+01   5.0000000e+00   0.0000000e+00   4.9000001e-01
   2.0170000e+03   8.0000000e+00   1.8000000e+01   2.2000000e+01   6.0000000e+00   0.0000000e+00   0.0000000e+00
   2.0170000e+03   8.0000000e+00   1.8000000e+01   2.2000000e+01   7.0000000e+00   0.0000000e+00   1.1000000e-01
   2.0170000e+03   8.0000000e+00   1.8000000e+01   2.2000000e+01   8.0000000e+00   0.0000000e+00   6.0000000e-01
   2.0170000e+03   8.0000000e+00   1.8000000e+01   2.2000000e+01   9.0000000e+00   0.0000000e+00   4.9000006e-01
   2.0170000e+03   8.0000000e+00   1.8000000e+01   2.2000000e+01   1.0000000e+01   0.0000000e+00   0.0000000e+00
   2.0170000e+03   8.0000000e+00   1.8000000e+01   2.2000000e+01   1.1000000e+01   0.0000000e+00   1.1000000e-01
   2.0170000e+03   8.0000000e+00   1.8000000e+01   2.2000000e+01   1.2000000e+01   0.0000000e+00   6.0000000e-01
   2.0170000e+03   8.0000000e+00   1.8000000e+01   2.2000000e+01   1.3000000e+01   0.0000000e+00   6.0000000e-01
   2.0170000e+03   8.0000000e+00   1.8000000e+01   2.2000000e+01   1.4000000e+01   0.0000000e+00   6.0000000e-01
   2.0170000e+03   8.0000000e+00   1.8000000e+01   2.2000000e+01   1.5000000e+01   0.0000000e+00   4.9000000e-01
   2.0170000e+03   8.0000000e+00   1.8000000e+01   2.2000000e+01   1.6000000e+01   0.0000000e+00   1.1000001e-01
   2.0170000e+03   8.0000000e+00   1.8000000e+01   2.2000000e+01   1.7000000e+01   0.0000000e+00   4.8999994e-01
   2.0170000e+03   8.0000000e+00   1.8000000e+01   2.2000000e+01   1.8000000e+01   0.0000000e+00   0.0000000e+00
   2.0170000e+03   8.0000000e+00   1.8000000e+01   2.2000000e+01   1.9000000e+01   0.0000000e+00   1.1000001e-01
   2.0170000e+03   8.0000000e+00   1.8000000e+01   2.2000000e+01   2.0000000e+01   0.0000000e+00   4.8999994e-01
   2.0170000e+03   8.0000000e+00   1.8000000e+01   2.2000000e+01   2.1000000e+01   0.0000000e+00   0.0000000e+00
   2.0170000e+03   8.0000000e+00   1.8000000e+01   2.2000000e+01   2.2000000e+01   0.0000000e+00   0.0000000e+00
   2.0170000e+03   8.0000000e+00   1.8000000e+01   2.2000000e+01   2.3000000e+01   0.0000000e+00   1.0999994e-01
   2.0170000e+03   8.0000000e+00   1.8000000e+01   2.2000000e+01   2.4000000e+01   0.0000000e+00   4.9000000e-01
   2.0170000e+03   8.0000000e+00   1.8000000e+01   2.2000000e+01   2.5000000e+01   0.0000000e+00   1.1000000e-01
   2.0170000e+03   8.0000000e+00   1.8000000e+01   2.2000000e+01   2.6000000e+01   0.0000000e+00   4.9000000e-01
   2.0170000e+03   8.0000000e+00   1.8000000e+01   2.2000000e+01   2.7000000e+01   0.0000000e+00   1.1000000e-01
   2.0170000e+03   8.0000000e+00   1.8000000e+01   2.2000000e+01   2.8000000e+01   0.0000000e+00   6.0000000e-01
   2.0170000e+03   8.0000000e+00   1.8000000e+01   2.2000000e+01   2.9000000e+01   0.0000000e+00   7.1000000e-01
   2.0170000e+03   8.0000000e+00   1.8000000e+01   2.2000000e+01   3.0000000e+01   0.0000000e+00   1.3100000e+00
   2.0170000e+03   8.0000000e+00   1.8000000e+01   2.2000000e+01   3.1000000e+01   0.0000000e+00   1.5799999e+00
   2.0170000e+03   8.0000000e+00   1.8000000e+01   2.2000000e+01   3.2000000e+01   0.0000000e+00   6.0000000e-01
   2.0170000e+03   8.0000000e+00   1.8000000e+01   2.2000000e+01   3.3000000e+01   0.0000000e+00   4.9000001e-01
   2.0170000e+03   8.0000000e+00   1.8000000e+01   2.2000000e+01   3.4000000e+01   0.0000000e+00   1.0999994e-01
   2.0170000e+03   8.0000000e+00   1.8000000e+01   2.2000000e+01   3.5000000e+01   0.0000000e+00   6.0000000e-01
   2.0170000e+03   8.0000000e+00   1.8000000e+01   2.2000000e+01   3.6000000e+01   0.0000000e+00   4.9000001e-01
   2.0170000e+03   8.0000000e+00   1.8000000e+01   2.2000000e+01   3.7000000e+01   0.0000000e+00   1.0999994e-01
   2.0170000e+03   8.0000000e+00   1.8000000e+01   2.2000000e+01   3.8000000e+01   0.0000000e+00   6.0000000e-01
   2.0170000e+03   8.0000000e+00   1.8000000e+01   2.2000000e+01   3.9000000e+01   0.0000000e+00   4.9000000e-01
   2.0170000e+03   8.0000000e+00   1.8000000e+01   2.2000000e+01   4.0000000e+01   0.0000000e+00   1.1000000e-01
   2.0170000e+03   8.0000000e+00   1.8000000e+01   2.2000000e+01   4.1000000e+01   0.0000000e+00   4.9000000e-01
   2.0170000e+03   8.0000000e+00   1.8000000e+01   2.2000000e+01   4.2000000e+01   0.0000000e+00   1.1000000e-01
   2.0170000e+03   8.0000000e+00   1.8000000e+01   2.2000000e+01   4.3000000e+01   0.0000000e+00   6.0000000e-01
   2.0170000e+03   8.0000000e+00   1.8000000e+01   2.2000000e+01   4.4000000e+01   0.0000000e+00   4.8999999e-01
   2.0170000e+03   8.0000000e+00   1.8000000e+01   2.2000000e+01   4.5000000e+01   0.0000000e+00   0.0000000e+00
   2.0170000e+03   8.0000000e+00   1.8000000e+01   2.2000000e+01   4.6000000e+01   0.0000000e+00   1.1000000e-01
   2.0170000e+03   8.0000000e+00   1.8000000e+01   2.2000000e+01   4.7000000e+01   0.0000000e+00   4.8999999e-01
   2.0170000e+03   8.0000000e+00   1.8000000e+01   2.2000000e+01   4.8000000e+01   0.0000000e+00   0.0000000e+00
   2.0170000e+03   8.0000000e+00   1.8000000e+01   2.2000000e+01   4.9000000e+01   0.0000000e+00   1.1000000e-01
   2.0170000e+03   8.0000000e+00   1.8000000e+01   2.2000000e+01   5.0000000e+01   0.0000000e+00   6.0000000e-01
   2.0170000e+03   8.0000000e+00   1.8000000e+01   2.2000000e+01   5.1000000e+01   0.0000000e+00   6.0000000e-01
   2.0170000e+03   8.0000000e+00   1.8000000e+01   2.2000000e+01   5.2000000e+01   0.0000000e+00   6.0000000e-01
   2.0170000e+03   8.0000000e+00   1.8000000e+01   2.2000000e+01   5.3000000e+01   0.0000000e+00   7.0999999e-01
   2.0170000e+03   8.0000000e+00   1.8000000e+01   2.2000000e+01   5.4000000e+01   0.0000000e+00   1.0900001e+00
   2.0170000e+03   8.0000000e+00   1.8000000e+01   2.2000000e+01   5.5000000e+01   0.0000000e+00   4.9000000e-01
   2.0170000e+03   8.0000000e+00   1.8000000e+01   2.2000000e+01   5.6000000e+01   0.0000000e+00   1.1000000e-01
   2.0170000e+03   8.0000000e+00   1.8000000e+01   2.2000000e+01   5.7000000e+01   0.0000000e+00   8.2000000e-01
   2.0170000e+03   8.0000000e+00   1.8000000e+01   2.2000000e+01   5.8000000e+01   0.0000000e+00   1.8000000e+00
   2.0170000e+03   8.0000000e+00   1.8000000e+01   2.2000000e+01   5.9000000e+01   0.0000000e+00   1.5800000e+00
   2.0170000e+03   8.0000000e+00   1.8000000e+01   2.3000000e+01   0.0000000e+00   0.0000000e+00   7.1000000e-01
   2.0170000e+03   8.0000000e+00   1.8000000e+01   2.3000000e+01   1.0000000e+00   0.0000000e+00   1.2000000e+00
   2.0170000e+03   8.0000000e+00   1.8000000e+01   2.3000000e+01   2.0000000e+00   0.0000000e+00   1.0899999e+00
   2.0170000e+03   8.0000000e+00   1.8000000e+01   2.3000000e+01   3.0000000e+00   0.0000000e+00   6.0000000e-01
   2.0170000e+03   8.0000000e+00   1.8000000e+01   2.3000000e+01   4.0000000e+00   0.0000000e+00   7.1000001e-01
   2.0170000e+03   8.0000000e+00   1.8000000e+01   2.3000000e+01   5.0000000e+00   0.0000000e+00   1.2000000e+00
   2.0170000e+03   8.0000000e+00   1.8000000e+01   2.3000000e+01   6.0000000e+00   0.0000000e+00   1.3100000e+00
   2.0170000e+03   8.0000000e+00   1.8000000e+01   2.3000000e+01   7.0000000e+00   0.0000000e+00   1.8000000e+00
   2.0170000e+03   8.0000000e+00   1.8000000e+01   2.3000000e+01   8.0000000e+00   0.0000000e+00   1.6900001e+00
   2.0170000e+03   8.0000000e+00   1.8000000e+01   2.3000000e+01   9.0000000e+00   0.0000000e+00   1.3100000e+00
   2.0170000e+03   8.0000000e+00   1.8000000e+01   2.3000000e+01   1.0000000e+01   0.0000000e+00   1.6900000e+00
   2.0170000e+03   8.0000000e+00   1.8000000e+01   2.3000000e+01   1.1000000e+01   0.0000000e+00   1.2000000e+00
   2.0170000e+03   8.0000000e+00   1.8000000e+01   2.3000000e+01   1.2000000e+01   0.0000000e+00   1.4200000e+00
   2.0170000e+03   8.0000000e+00   1.8000000e+01   2.3000000e+01   1.3000000e+01   0.0000000e+00   2.4000000e+00
   2.0170000e+03   8.0000000e+00   1.8000000e+01   2.3000000e+01   1.4000000e+01   0.0000000e+00   2.2900000e+00
   2.0170000e+03   8.0000000e+00   1.8000000e+01   2.3000000e+01   1.5000000e+01   0.0000000e+00   1.8000000e+00
   2.0170000e+03   8.0000000e+00   1.8000000e+01   2.3000000e+01   1.6000000e+01   0.0000000e+00   1.9100001e+00
   2.0170000e+03   8.0000000e+00   1.8000000e+01   2.3000000e+01   1.7000000e+01   0.0000000e+00   2.4000000e+00
   2.0170000e+03   8.0000000e+00   1.8000000e+01   2.3000000e+01   1.8000000e+01   0.0000000e+00   3.0599999e+00
   2.0170000e+03   8.0000000e+00   1.8000000e+01   2.3000000e+01   1.9000000e+01   0.0000000e+00   7.2099993e+00
   2.0170000e+03   8.0000000e+00   1.8000000e+01   2.3000000e+01   2.0000000e+01   0.0000000e+00   1.2380000e+01
   2.0170000e+03   8.0000000e+00   1.8000000e+01   2.3000000e+01   2.1000000e+01   0.0000000e+00   1.0520000e+01
   2.0170000e+03   8.0000000e+00   1.8000000e+01   2.3000000e+01   2.2000000e+01   0.0000000e+00   5.8300004e+00
   2.0170000e+03   8.0000000e+00   1.8000000e+01   2.3000000e+01   2.3000000e+01   0.0000000e+00   2.1800000e+00
   2.0170000e+03   8.0000000e+00   1.8000000e+01   2.3000000e+01   2.4000000e+01   0.0000000e+00   1.0900000e+00
   2.0170000e+03   8.0000000e+00   1.8000000e+01   2.3000000e+01   2.5000000e+01   0.0000000e+00   6.0000000e-01
   2.0170000e+03   8.0000000e+00   1.8000000e+01   2.3000000e+01   2.6000000e+01   0.0000000e+00   6.0000000e-01
   2.0170000e+03   8.0000000e+00   1.8000000e+01   2.3000000e+01   2.7000000e+01   0.0000000e+00   6.0000000e-01
   2.0170000e+03   8.0000000e+00   1.8000000e+01   2.3000000e+01   2.8000000e+01   0.0000000e+00   6.0000000e-01
   2.0170000e+03   8.0000000e+00   1.8000000e+01   2.3000000e+01   2.9000000e+01   0.0000000e+00   6.0000000e-01
   2.0170000e+03   8.0000000e+00   1.8000000e+01   2.3000000e+01   3.0000000e+01   0.0000000e+00   4.8999994e-01
   2.0170000e+03   8.0000000e+00   1.8000000e+01   2.3000000e+01   3.1000000e+01   0.0000000e+00   1.1000000e-01
   2.0170000e+03   8.0000000e+00   1.8000000e+01   2.3000000e+01   3.2000000e+01   0.0000000e+00   6.0000000e-01
   2.0170000e+03   8.0000000e+00   1.8000000e+01   2.3000000e+01   3.3000000e+01   0.0000000e+00   6.0000000e-01
   2.0170000e+03   8.0000000e+00   1.8000000e+01   2.3000000e+01   3.4000000e+01   0.0000000e+00   6.0000000e-01
   2.0170000e+03   8.0000000e+00   1.8000000e+01   2.3000000e+01   3.5000000e+01   0.0000000e+00   4.9000001e-01
   2.0170000e+03   8.0000000e+00   1.8000000e+01   2.3000000e+01   3.6000000e+01   0.0000000e+00   1.0999994e-01
   2.0170000e+03   8.0000000e+00   1.8000000e+01   2.3000000e+01   3.7000000e+01   0.0000000e+00   4.9000000e-01
   2.0170000e+03   8.0000000e+00   1.8000000e+01   2.3000000e+01   3.8000000e+01   0.0000000e+00   1.0999999e-01
   2.0170000e+03   8.0000000e+00   1.8000000e+01   2.3000000e+01   3.9000000e+01   0.0000000e+00   4.9000006e-01
   2.0170000e+03   8.0000000e+00   1.8000000e+01   2.3000000e+01   4.0000000e+01   0.0000000e+00   1.1000000e-01
   2.0170000e+03   8.0000000e+00   1.8000000e+01   2.3000000e+01   4.1000000e+01   0.0000000e+00   6.0000000e-01
   2.0170000e+03   8.0000000e+00   1.8000000e+01   2.3000000e+01   4.2000000e+01   0.0000000e+00   4.9000000e-01
   2.0170000e+03   8.0000000e+00   1.8000000e+01   2.3000000e+01   4.3000000e+01   0.0000000e+00   1.1000000e-01
   2.0170000e+03   8.0000000e+00   1.8000000e+01   2.3000000e+01   4.4000000e+01   0.0000000e+00   4.9000000e-01
   2.0170000e+03   8.0000000e+00   1.8000000e+01   2.3000000e+01   4.5000000e+01   0.0000000e+00   3.3000000e-01
   2.0170000e+03   8.0000000e+00   1.8000000e+01   2.3000000e+01   4.6000000e+01   0.0000000e+00   1.9100000e+00
   2.0170000e+03   8.0000000e+00   1.8000000e+01   2.3000000e+01   4.7000000e+01   0.0000000e+00   2.1799999e+00
   2.0170000e+03   8.0000000e+00   1.8000000e+01   2.3000000e+01   4.8000000e+01   0.0000000e+00   1.2000000e+00
   2.0170000e+03   8.0000000e+00   1.8000000e+01   2.3000000e+01   4.9000000e+01   0.0000000e+00   1.0900000e+00
   2.0170000e+03   8.0000000e+00   1.8000000e+01   2.3000000e+01   5.0000000e+01   0.0000000e+00   6.0000000e-01
   2.0170000e+03   8.0000000e+00   1.8000000e+01   2.3000000e+01   5.1000000e+01   0.0000000e+00   8.2000000e-01
   2.0170000e+03   8.0000000e+00   1.8000000e+01   2.3000000e+01   5.2000000e+01   0.0000000e+00   1.8000000e+00
   2.0170000e+03   8.0000000e+00   1.8000000e+01   2.3000000e+01   5.3000000e+01   0.0000000e+00   1.6900001e+00
   2.0170000e+03   8.0000000e+00   1.8000000e+01   2.3000000e+01   5.4000000e+01   0.0000000e+00   1.2000000e+00
   2.0170000e+03   8.0000000e+00   1.8000000e+01   2.3000000e+01   5.5000000e+01   0.0000000e+00   1.0900000e+00
   2.0170000e+03   8.0000000e+00   1.8000000e+01   2.3000000e+01   5.6000000e+01   0.0000000e+00   4.9000000e-01
   2.0170000e+03   8.0000000e+00   1.8000000e+01   2.3000000e+01   5.7000000e+01   0.0000000e+00   1.1000000e-01
   2.0170000e+03   8.0000000e+00   1.8000000e+01   2.3000000e+01   5.8000000e+01   0.0000000e+00   6.0000000e-01
   2.0170000e+03   8.0000000e+00   1.8000000e+01   2.3000000e+01   5.9000000e+01   0.0000000e+00   6.0000000e-01
   2.0170000e+03   8.0000000e+00   1.9000000e+01   0.0000000e+00   0.0000000e+00   0.0000000e+00   6.0000000e-01
   2.0170000e+03   8.0000000e+00   1.9000000e+01   0.0000000e+00   1.0000000e+00   0.0000000e+00   6.0000000e-01
   2.0170000e+03   8.0000000e+00   1.9000000e+01   0.0000000e+00   2.0000000e+00   0.0000000e+00   4.9000000e-01
   2.0170000e+03   8.0000000e+00   1.9000000e+01   0.0000000e+00   3.0000000e+00   0.0000000e+00   1.0999999e-01
   2.0170000e+03   8.0000000e+00   1.9000000e+01   0.0000000e+00   4.0000000e+00   0.0000000e+00   4.9000006e-01
   2.0170000e+03   8.0000000e+00   1.9000000e+01   0.0000000e+00   5.0000000e+00   0.0000000e+00   0.0000000e+00
   2.0170000e+03   8.0000000e+00   1.9000000e+01   0.0000000e+00   6.0000000e+00   0.0000000e+00   1.0999999e-01
   2.0170000e+03   8.0000000e+00   1.9000000e+01   0.0000000e+00   7.0000000e+00   0.0000000e+00   6.0000000e-01
   2.0170000e+03   8.0000000e+00   1.9000000e+01   0.0000000e+00   8.0000000e+00   0.0000000e+00   4.9000000e-01
   2.0170000e+03   8.0000000e+00   1.9000000e+01   0.0000000e+00   9.0000000e+00   0.0000000e+00   1.1000000e-01
   2.0170000e+03   8.0000000e+00   1.9000000e+01   0.0000000e+00   1.0000000e+01   0.0000000e+00   6.0000000e-01
   2.0170000e+03   8.0000000e+00   1.9000000e+01   0.0000000e+00   1.1000000e+01   0.0000000e+00   6.0000000e-01
   2.0170000e+03   8.0000000e+00   1.9000000e+01   0.0000000e+00   1.2000000e+01   0.0000000e+00   4.9000000e-01
   2.0170000e+03   8.0000000e+00   1.9000000e+01   0.0000000e+00   1.3000000e+01   0.0000000e+00   1.1000000e-01
   2.0170000e+03   8.0000000e+00   1.9000000e+01   0.0000000e+00   1.4000000e+01   0.0000000e+00   8.2000003e-01
   2.0170000e+03   8.0000000e+00   1.9000000e+01   0.0000000e+00   1.5000000e+01   0.0000000e+00   1.9100001e+00
   2.0170000e+03   8.0000000e+00   1.9000000e+01   0.0000000e+00   1.6000000e+01   0.0000000e+00   2.4000000e+00
   2.0170000e+03   8.0000000e+00   1.9000000e+01   0.0000000e+00   1.7000000e+01   0.0000000e+00   2.1800000e+00
   2.0170000e+03   8.0000000e+00   1.9000000e+01   0.0000000e+00   1.8000000e+01   0.0000000e+00   1.3100001e+00
   2.0170000e+03   8.0000000e+00   1.9000000e+01   0.0000000e+00   1.9000000e+01   0.0000000e+00   1.6900000e+00
   2.0170000e+03   8.0000000e+00   1.9000000e+01   0.0000000e+00   2.0000000e+01   0.0000000e+00   1.2000000e+00
   2.0170000e+03   8.0000000e+00   1.9000000e+01   0.0000000e+00   2.1000000e+01   0.0000000e+00   1.4199999e+00
   2.0170000e+03   8.0000000e+00   1.9000000e+01   0.0000000e+00   2.2000000e+01   0.0000000e+00   2.5100000e+00
   2.0170000e+03   8.0000000e+00   1.9000000e+01   0.0000000e+00   2.3000000e+01   0.0000000e+00   2.7800000e+00
   2.0170000e+03   8.0000000e+00   1.9000000e+01   0.0000000e+00   2.4000000e+01   0.0000000e+00   1.8000000e+00
   2.0170000e+03   8.0000000e+00   1.9000000e+01   0.0000000e+00   2.5000000e+01   0.0000000e+00   1.6900000e+00
   2.0170000e+03   8.0000000e+00   1.9000000e+01   0.0000000e+00   2.6000000e+01   0.0000000e+00   1.2000000e+00
   2.0170000e+03   8.0000000e+00   1.9000000e+01   0.0000000e+00   2.7000000e+01   0.0000000e+00   1.2000000e+00
   2.0170000e+03   8.0000000e+00   1.9000000e+01   0.0000000e+00   2.8000000e+01   0.0000000e+00   1.2000000e+00
   2.0170000e+03   8.0000000e+00   1.9000000e+01   0.0000000e+00   2.9000000e+01   0.0000000e+00   1.2000000e+00
   2.0170000e+03   8.0000000e+00   1.9000000e+01   0.0000000e+00   3.0000000e+01   0.0000000e+00   1.2000000e+00
   2.0170000e+03   8.0000000e+00   1.9000000e+01   0.0000000e+00   3.1000000e+01   0.0000000e+00   1.0900000e+00
   2.0170000e+03   8.0000000e+00   1.9000000e+01   0.0000000e+00   3.2000000e+01   0.0000000e+00   6.0000000e-01
   2.0170000e+03   8.0000000e+00   1.9000000e+01   0.0000000e+00   3.3000000e+01   0.0000000e+00   8.2000000e-01
   2.0170000e+03   8.0000000e+00   1.9000000e+01   0.0000000e+00   3.4000000e+01   0.0000000e+00   1.8000000e+00
   2.0170000e+03   8.0000000e+00   1.9000000e+01   0.0000000e+00   3.5000000e+01   0.0000000e+00   1.8000000e+00
   2.0170000e+03   8.0000000e+00   1.9000000e+01   0.0000000e+00   3.6000000e+01   0.0000000e+00   2.1300000e+00
   2.0170000e+03   8.0000000e+00   1.9000000e+01   0.0000000e+00   3.7000000e+01   0.0000000e+00   3.7100000e+00
   2.0170000e+03   8.0000000e+00   1.9000000e+01   0.0000000e+00   3.8000000e+01   0.0000000e+00   3.9800001e+00
   2.0170000e+03   8.0000000e+00   1.9000000e+01   0.0000000e+00   3.9000000e+01   0.0000000e+00   2.8900000e+00
   2.0170000e+03   8.0000000e+00   1.9000000e+01   0.0000000e+00   4.0000000e+01   0.0000000e+00   2.4000000e+00
   2.0170000e+03   8.0000000e+00   1.9000000e+01   0.0000000e+00   4.1000000e+01   0.0000000e+00   2.2900000e+00
   2.0170000e+03   8.0000000e+00   1.9000000e+01   0.0000000e+00   4.2000000e+01   0.0000000e+00   1.6900000e+00
   2.0170000e+03   8.0000000e+00   1.9000000e+01   0.0000000e+00   4.3000000e+01   0.0000000e+00   1.0900000e+00
   2.0170000e+03   8.0000000e+00   1.9000000e+01   0.0000000e+00   4.4000000e+01   0.0000000e+00   6.0000000e-01
   2.0170000e+03   8.0000000e+00   1.9000000e+01   0.0000000e+00   4.5000000e+01   0.0000000e+00   6.0000000e-01
   2.0170000e+03   8.0000000e+00   1.9000000e+01   0.0000000e+00   4.6000000e+01   0.0000000e+00   6.0000000e-01
   2.0170000e+03   8.0000000e+00   1.9000000e+01   0.0000000e+00   4.7000000e+01   0.0000000e+00   6.0000000e-01
   2.0170000e+03   8.0000000e+00   1.9000000e+01   0.0000000e+00   4.8000000e+01   0.0000000e+00   4.9000001e-01
   2.0170000e+03   8.0000000e+00   1.9000000e+01   0.0000000e+00   4.9000000e+01   0.0000000e+00   0.0000000e+00
   2.0170000e+03   8.0000000e+00   1.9000000e+01   0.0000000e+00   5.0000000e+01   0.0000000e+00   0.0000000e+00
   2.0170000e+03   8.0000000e+00   1.9000000e+01   0.0000000e+00   5.1000000e+01   0.0000000e+00   0.0000000e+00
   2.0170000e+03   8.0000000e+00   1.9000000e+01   0.0000000e+00   5.2000000e+01   0.0000000e+00   0.0000000e+00
   2.0170000e+03   8.0000000e+00   1.9000000e+01   0.0000000e+00   5.3000000e+01   0.0000000e+00   1.1000000e-01
   2.0170000e+03   8.0000000e+00   1.9000000e+01   0.0000000e+00   5.4000000e+01   0.0000000e+00   4.9000000e-01
   2.0170000e+03   8.0000000e+00   1.9000000e+01   0.0000000e+00   5.5000000e+01   0.0000000e+00   0.0000000e+00
   2.0170000e+03   8.0000000e+00   1.9000000e+01   0.0000000e+00   5.6000000e+01   0.0000000e+00   0.0000000e+00
   2.0170000e+03   8.0000000e+00   1.9000000e+01   0.0000000e+00   5.7000000e+01   0.0000000e+00   0.0000000e+00
   2.0170000e+03   8.0000000e+00   1.9000000e+01   0.0000000e+00   5.8000000e+01   0.0000000e+00   0.0000000e+00
   2.0170000e+03   8.0000000e+00   1.9000000e+01   0.0000000e+00   5.9000000e+01   0.0000000e+00   0.0000000e+00
   2.0170000e+03   8.0000000e+00   1.9000000e+01   1.0000000e+00   0.0000000e+00   0.0000000e+00   0.0000000e+00
   2.0170000e+03   8.0000000e+00   1.9000000e+01   1.0000000e+00   1.0000000e+00   0.0000000e+00   0.0000000e+00
   2.0170000e+03   8.0000000e+00   1.9000000e+01   1.0000000e+00   2.0000000e+00   0.0000000e+00   0.0000000e+00
   2.0170000e+03   8.0000000e+00   1.9000000e+01   1.0000000e+00   3.0000000e+00   0.0000000e+00   0.0000000e+00
   2.0170000e+03   8.0000000e+00   1.9000000e+01   1.0000000e+00   4.0000000e+00   0.0000000e+00   1.1000000e-01
   2.0170000e+03   8.0000000e+00   1.9000000e+01   1.0000000e+00   5.0000000e+00   0.0000000e+00   4.9000001e-01
   2.0170000e+03   8.0000000e+00   1.9000000e+01   1.0000000e+00   6.0000000e+00   0.0000000e+00   0.0000000e+00
   2.0170000e+03   8.0000000e+00   1.9000000e+01   1.0000000e+00   7.0000000e+00   0.0000000e+00   0.0000000e+00
   2.0170000e+03   8.0000000e+00   1.9000000e+01   1.0000000e+00   8.0000000e+00   0.0000000e+00   0.0000000e+00
   2.0170000e+03   8.0000000e+00   1.9000000e+01   1.0000000e+00   9.0000000e+00   0.0000000e+00   0.0000000e+00
   2.0170000e+03   8.0000000e+00   1.9000000e+01   1.0000000e+00   1.0000000e+01   0.0000000e+00   0.0000000e+00
   2.0170000e+03   8.0000000e+00   1.9000000e+01   1.0000000e+00   1.1000000e+01   0.0000000e+00   0.0000000e+00
   2.0170000e+03   8.0000000e+00   1.9000000e+01   1.0000000e+00   1.2000000e+01   0.0000000e+00   0.0000000e+00
   2.0170000e+03   8.0000000e+00   1.9000000e+01   1.0000000e+00   1.3000000e+01   0.0000000e+00   0.0000000e+00
   2.0170000e+03   8.0000000e+00   1.9000000e+01   1.0000000e+00   1.4000000e+01   0.0000000e+00   0.0000000e+00
   2.0170000e+03   8.0000000e+00   1.9000000e+01   1.0000000e+00   1.5000000e+01   0.0000000e+00   0.0000000e+00
   2.0170000e+03   8.0000000e+00   1.9000000e+01   1.0000000e+00   1.6000000e+01   0.0000000e+00   0.0000000e+00
   2.0170000e+03   8.0000000e+00   1.9000000e+01   1.0000000e+00   1.7000000e+01   0.0000000e+00   0.0000000e+00
   2.0170000e+03   8.0000000e+00   1.9000000e+01   1.0000000e+00   1.8000000e+01   0.0000000e+00   0.0000000e+00
   2.0170000e+03   8.0000000e+00   1.9000000e+01   1.0000000e+00   1.9000000e+01   0.0000000e+00   1.1000001e-01
   2.0170000e+03   8.0000000e+00   1.9000000e+01   1.0000000e+00   2.0000000e+01   0.0000000e+00   4.8999994e-01
   2.0170000e+03   8.0000000e+00   1.9000000e+01   1.0000000e+00   2.1000000e+01   0.0000000e+00   0.0000000e+00
   2.0170000e+03   8.0000000e+00   1.9000000e+01   1.0000000e+00   2.2000000e+01   0.0000000e+00   0.0000000e+00
   2.0170000e+03   8.0000000e+00   1.9000000e+01   1.0000000e+00   2.3000000e+01   0.0000000e+00   0.0000000e+00
   2.0170000e+03   8.0000000e+00   1.9000000e+01   1.0000000e+00   2.4000000e+01   0.0000000e+00   0.0000000e+00
   2.0170000e+03   8.0000000e+00   1.9000000e+01   1.0000000e+00   2.5000000e+01   0.0000000e+00   0.0000000e+00
   2.0170000e+03   8.0000000e+00   1.9000000e+01   1.0000000e+00   2.6000000e+01   0.0000000e+00   0.0000000e+00
   2.0170000e+03   8.0000000e+00   1.9000000e+01   1.0000000e+00   2.7000000e+01   0.0000000e+00   0.0000000e+00
   2.0170000e+03   8.0000000e+00   1.9000000e+01   1.0000000e+00   2.8000000e+01   0.0000000e+00   0.0000000e+00
   2.0170000e+03   8.0000000e+00   1.9000000e+01   1.0000000e+00   2.9000000e+01   0.0000000e+00   0.0000000e+00
   2.0170000e+03   8.0000000e+00   1.9000000e+01   1.0000000e+00   3.0000000e+01   0.0000000e+00   0.0000000e+00
   2.0170000e+03   8.0000000e+00   1.9000000e+01   1.0000000e+00   3.1000000e+01   0.0000000e+00   0.0000000e+00
   2.0170000e+03   8.0000000e+00   1.9000000e+01   1.0000000e+00   3.2000000e+01   0.0000000e+00   0.0000000e+00
   2.0170000e+03   8.0000000e+00   1.9000000e+01   1.0000000e+00   3.3000000e+01   0.0000000e+00   0.0000000e+00
   2.0170000e+03   8.0000000e+00   1.9000000e+01   1.0000000e+00   3.4000000e+01   0.0000000e+00   0.0000000e+00
   2.0170000e+03   8.0000000e+00   1.9000000e+01   1.0000000e+00   3.5000000e+01   0.0000000e+00   0.0000000e+00
   2.0170000e+03   8.0000000e+00   1.9000000e+01   1.0000000e+00   3.6000000e+01   0.0000000e+00   0.0000000e+00
   2.0170000e+03   8.0000000e+00   1.9000000e+01   1.0000000e+00   3.7000000e+01   0.0000000e+00   0.0000000e+00
   2.0170000e+03   8.0000000e+00   1.9000000e+01   1.0000000e+00   3.8000000e+01   0.0000000e+00   0.0000000e+00
   2.0170000e+03   8.0000000e+00   1.9000000e+01   1.0000000e+00   3.9000000e+01   0.0000000e+00   1.1000000e-01
   2.0170000e+03   8.0000000e+00   1.9000000e+01   1.0000000e+00   4.0000000e+01   0.0000000e+00   4.9000000e-01
   2.0170000e+03   8.0000000e+00   1.9000000e+01   1.0000000e+00   4.1000000e+01   0.0000000e+00   0.0000000e+00
   2.0170000e+03   8.0000000e+00   1.9000000e+01   1.0000000e+00   4.2000000e+01   0.0000000e+00   0.0000000e+00
   2.0170000e+03   8.0000000e+00   1.9000000e+01   1.0000000e+00   4.3000000e+01   0.0000000e+00   0.0000000e+00
   2.0170000e+03   8.0000000e+00   1.9000000e+01   1.0000000e+00   4.4000000e+01   0.0000000e+00   0.0000000e+00
   2.0170000e+03   8.0000000e+00   1.9000000e+01   1.0000000e+00   4.5000000e+01   0.0000000e+00   0.0000000e+00
   2.0170000e+03   8.0000000e+00   1.9000000e+01   1.0000000e+00   4.6000000e+01   0.0000000e+00   0.0000000e+00
   2.0170000e+03   8.0000000e+00   1.9000000e+01   1.0000000e+00   4.7000000e+01   0.0000000e+00   0.0000000e+00
   2.0170000e+03   8.0000000e+00   1.9000000e+01   1.0000000e+00   4.8000000e+01   0.0000000e+00   0.0000000e+00
   2.0170000e+03   8.0000000e+00   1.9000000e+01   1.0000000e+00   4.9000000e+01   0.0000000e+00   0.0000000e+00
   2.0170000e+03   8.0000000e+00   1.9000000e+01   1.0000000e+00   5.0000000e+01   0.0000000e+00   0.0000000e+00
   2.0170000e+03   8.0000000e+00   1.9000000e+01   1.0000000e+00   5.1000000e+01   0.0000000e+00   0.0000000e+00
   2.0170000e+03   8.0000000e+00   1.9000000e+01   1.0000000e+00   5.2000000e+01   0.0000000e+00   0.0000000e+00
   2.0170000e+03   8.0000000e+00   1.9000000e+01   1.0000000e+00   5.3000000e+01   0.0000000e+00   0.0000000e+00
   2.0170000e+03   8.0000000e+00   1.9000000e+01   1.0000000e+00   5.4000000e+01   0.0000000e+00   0.0000000e+00
   2.0170000e+03   8.0000000e+00   1.9000000e+01   1.0000000e+00   5.5000000e+01   0.0000000e+00   0.0000000e+00
   2.0170000e+03   8.0000000e+00   1.9000000e+01   1.0000000e+00   5.6000000e+01   0.0000000e+00   0.0000000e+00
   2.0170000e+03   8.0000000e+00   1.9000000e+01   1.0000000e+00   5.7000000e+01   0.0000000e+00   0.0000000e+00
   2.0170000e+03   8.0000000e+00   1.9000000e+01   1.0000000e+00   5.8000000e+01   0.0000000e+00   0.0000000e+00
   2.0170000e+03   8.0000000e+00   1.9000000e+01   1.0000000e+00   5.9000000e+01   0.0000000e+00   0.0000000e+00
   2.0170000e+03   8.0000000e+00   1.9000000e+01   2.0000000e+00   0.0000000e+00   0.0000000e+00   0.0000000e+00
   2.0170000e+03   8.0000000e+00   1.9000000e+01   2.0000000e+00   1.0000000e+00   0.0000000e+00   0.0000000e+00
   2.0170000e+03   8.0000000e+00   1.9000000e+01   2.0000000e+00   2.0000000e+00   0.0000000e+00   0.0000000e+00
   2.0170000e+03   8.0000000e+00   1.9000000e+01   2.0000000e+00   3.0000000e+00   0.0000000e+00   0.0000000e+00
   2.0170000e+03   8.0000000e+00   1.9000000e+01   2.0000000e+00   4.0000000e+00   0.0000000e+00   0.0000000e+00
   2.0170000e+03   8.0000000e+00   1.9000000e+01   2.0000000e+00   5.0000000e+00   0.0000000e+00   0.0000000e+00
   2.0170000e+03   8.0000000e+00   1.9000000e+01   2.0000000e+00   6.0000000e+00   0.0000000e+00   0.0000000e+00
   2.0170000e+03   8.0000000e+00   1.9000000e+01   2.0000000e+00   7.0000000e+00   0.0000000e+00   1.0999999e-01
   2.0170000e+03   8.0000000e+00   1.9000000e+01   2.0000000e+00   8.0000000e+00   0.0000000e+00   4.9000006e-01
   2.0170000e+03   8.0000000e+00   1.9000000e+01   2.0000000e+00   9.0000000e+00   0.0000000e+00   0.0000000e+00
   2.0170000e+03   8.0000000e+00   1.9000000e+01   2.0000000e+00   1.0000000e+01   0.0000000e+00   0.0000000e+00
   2.0170000e+03   8.0000000e+00   1.9000000e+01   2.0000000e+00   1.1000000e+01   0.0000000e+00   0.0000000e+00
   2.0170000e+03   8.0000000e+00   1.9000000e+01   2.0000000e+00   1.2000000e+01   0.0000000e+00   0.0000000e+00
   2.0170000e+03   8.0000000e+00   1.9000000e+01   2.0000000e+00   1.3000000e+01   0.0000000e+00   0.0000000e+00
   2.0170000e+03   8.0000000e+00   1.9000000e+01   2.0000000e+00   1.4000000e+01   0.0000000e+00   0.0000000e+00
   2.0170000e+03   8.0000000e+00   1.9000000e+01   2.0000000e+00   1.5000000e+01   0.0000000e+00   0.0000000e+00
   2.0170000e+03   8.0000000e+00   1.9000000e+01   2.0000000e+00   1.6000000e+01   0.0000000e+00   0.0000000e+00
   2.0170000e+03   8.0000000e+00   1.9000000e+01   2.0000000e+00   1.7000000e+01   0.0000000e+00   0.0000000e+00
   2.0170000e+03   8.0000000e+00   1.9000000e+01   2.0000000e+00   1.8000000e+01   0.0000000e+00   0.0000000e+00
   2.0170000e+03   8.0000000e+00   1.9000000e+01   2.0000000e+00   1.9000000e+01   0.0000000e+00   0.0000000e+00
   2.0170000e+03   8.0000000e+00   1.9000000e+01   2.0000000e+00   2.0000000e+01   0.0000000e+00   0.0000000e+00
   2.0170000e+03   8.0000000e+00   1.9000000e+01   2.0000000e+00   2.1000000e+01   0.0000000e+00   0.0000000e+00
   2.0170000e+03   8.0000000e+00   1.9000000e+01   2.0000000e+00   2.2000000e+01   0.0000000e+00   0.0000000e+00
   2.0170000e+03   8.0000000e+00   1.9000000e+01   2.0000000e+00   2.3000000e+01   0.0000000e+00   0.0000000e+00
   2.0170000e+03   8.0000000e+00   1.9000000e+01   2.0000000e+00   2.4000000e+01   0.0000000e+00   0.0000000e+00
   2.0170000e+03   8.0000000e+00   1.9000000e+01   2.0000000e+00   2.5000000e+01   0.0000000e+00   1.1000000e-01
   2.0170000e+03   8.0000000e+00   1.9000000e+01   2.0000000e+00   2.6000000e+01   0.0000000e+00   4.9000000e-01
   2.0170000e+03   8.0000000e+00   1.9000000e+01   2.0000000e+00   2.7000000e+01   0.0000000e+00   0.0000000e+00
   2.0170000e+03   8.0000000e+00   1.9000000e+01   2.0000000e+00   2.8000000e+01   0.0000000e+00   0.0000000e+00
   2.0170000e+03   8.0000000e+00   1.9000000e+01   2.0000000e+00   2.9000000e+01   0.0000000e+00   0.0000000e+00
   2.0170000e+03   8.0000000e+00   1.9000000e+01   2.0000000e+00   3.0000000e+01   0.0000000e+00   0.0000000e+00
   2.0170000e+03   8.0000000e+00   1.9000000e+01   2.0000000e+00   3.1000000e+01   0.0000000e+00   0.0000000e+00
   2.0170000e+03   8.0000000e+00   1.9000000e+01   2.0000000e+00   3.2000000e+01   0.0000000e+00   0.0000000e+00
   2.0170000e+03   8.0000000e+00   1.9000000e+01   2.0000000e+00   3.3000000e+01   0.0000000e+00   0.0000000e+00
   2.0170000e+03   8.0000000e+00   1.9000000e+01   2.0000000e+00   3.4000000e+01   0.0000000e+00   0.0000000e+00
   2.0170000e+03   8.0000000e+00   1.9000000e+01   2.0000000e+00   3.5000000e+01   0.0000000e+00   1.0999999e-01
   2.0170000e+03   8.0000000e+00   1.9000000e+01   2.0000000e+00   3.6000000e+01   0.0000000e+00   6.0000000e-01
   2.0170000e+03   8.0000000e+00   1.9000000e+01   2.0000000e+00   3.7000000e+01   0.0000000e+00   6.0000000e-01
   2.0170000e+03   8.0000000e+00   1.9000000e+01   2.0000000e+00   3.8000000e+01   0.0000000e+00   4.9000001e-01
   2.0170000e+03   8.0000000e+00   1.9000000e+01   2.0000000e+00   3.9000000e+01   0.0000000e+00   1.0999994e-01
   2.0170000e+03   8.0000000e+00   1.9000000e+01   2.0000000e+00   4.0000000e+01   0.0000000e+00   6.0000000e-01
   2.0170000e+03   8.0000000e+00   1.9000000e+01   2.0000000e+00   4.1000000e+01   0.0000000e+00   8.2000000e-01
   2.0170000e+03   8.0000000e+00   1.9000000e+01   2.0000000e+00   4.2000000e+01   0.0000000e+00   1.8000000e+00
   2.0170000e+03   8.0000000e+00   1.9000000e+01   2.0000000e+00   4.3000000e+01   0.0000000e+00   1.9100000e+00
   2.0170000e+03   8.0000000e+00   1.9000000e+01   2.0000000e+00   4.4000000e+01   0.0000000e+00   2.1800000e+00
   2.0170000e+03   8.0000000e+00   1.9000000e+01   2.0000000e+00   4.5000000e+01   0.0000000e+00   1.0900000e+00
   2.0170000e+03   8.0000000e+00   1.9000000e+01   2.0000000e+00   4.6000000e+01   0.0000000e+00   6.0000000e-01
   2.0170000e+03   8.0000000e+00   1.9000000e+01   2.0000000e+00   4.7000000e+01   0.0000000e+00   6.0000000e-01
   2.0170000e+03   8.0000000e+00   1.9000000e+01   2.0000000e+00   4.8000000e+01   0.0000000e+00   6.0000000e-01
   2.0170000e+03   8.0000000e+00   1.9000000e+01   2.0000000e+00   4.9000000e+01   0.0000000e+00   7.1000001e-01
   2.0170000e+03   8.0000000e+00   1.9000000e+01   2.0000000e+00   5.0000000e+01   0.0000000e+00   1.0899999e+00
   2.0170000e+03   8.0000000e+00   1.9000000e+01   2.0000000e+00   5.1000000e+01   0.0000000e+00   7.1000000e-01
   2.0170000e+03   8.0000000e+00   1.9000000e+01   2.0000000e+00   5.2000000e+01   0.0000000e+00   1.2000000e+00
   2.0170000e+03   8.0000000e+00   1.9000000e+01   2.0000000e+00   5.3000000e+01   0.0000000e+00   1.4199999e+00
   2.0170000e+03   8.0000000e+00   1.9000000e+01   2.0000000e+00   5.4000000e+01   0.0000000e+00   2.6200000e+00
   2.0170000e+03   8.0000000e+00   1.9000000e+01   2.0000000e+00   5.5000000e+01   0.0000000e+00   3.1600000e+00
   2.0170000e+03   8.0000000e+00   1.9000000e+01   2.0000000e+00   5.6000000e+01   0.0000000e+00   1.2000000e+00
   2.0170000e+03   8.0000000e+00   1.9000000e+01   2.0000000e+00   5.7000000e+01   0.0000000e+00   1.0900000e+00
   2.0170000e+03   8.0000000e+00   1.9000000e+01   2.0000000e+00   5.8000000e+01   0.0000000e+00   6.0000000e-01
   2.0170000e+03   8.0000000e+00   1.9000000e+01   2.0000000e+00   5.9000000e+01   0.0000000e+00   4.9000000e-01
   2.0170000e+03   8.0000000e+00   1.9000000e+01   3.0000000e+00   0.0000000e+00   0.0000000e+00   2.2000003e-01
   2.0170000e+03   8.0000000e+00   1.9000000e+01   3.0000000e+00   1.0000000e+00   0.0000000e+00   1.2000000e+00
   2.0170000e+03   8.0000000e+00   1.9000000e+01   3.0000000e+00   2.0000000e+00   0.0000000e+00   1.0900000e+00
   2.0170000e+03   8.0000000e+00   1.9000000e+01   3.0000000e+00   3.0000000e+00   0.0000000e+00   6.0000000e-01
   2.0170000e+03   8.0000000e+00   1.9000000e+01   3.0000000e+00   4.0000000e+00   0.0000000e+00   6.0000000e-01
   2.0170000e+03   8.0000000e+00   1.9000000e+01   3.0000000e+00   5.0000000e+00   0.0000000e+00   7.1000000e-01
   2.0170000e+03   8.0000000e+00   1.9000000e+01   3.0000000e+00   6.0000000e+00   0.0000000e+00   1.0900000e+00
   2.0170000e+03   8.0000000e+00   1.9000000e+01   3.0000000e+00   7.0000000e+00   0.0000000e+00   7.0999994e-01
   2.0170000e+03   8.0000000e+00   1.9000000e+01   3.0000000e+00   8.0000000e+00   0.0000000e+00   9.8000000e-01
   2.0170000e+03   8.0000000e+00   1.9000000e+01   3.0000000e+00   9.0000000e+00   0.0000000e+00   0.0000000e+00
   2.0170000e+03   8.0000000e+00   1.9000000e+01   3.0000000e+00   1.0000000e+01   0.0000000e+00   1.1000000e-01
   2.0170000e+03   8.0000000e+00   1.9000000e+01   3.0000000e+00   1.1000000e+01   0.0000000e+00   4.9000000e-01
   2.0170000e+03   8.0000000e+00   1.9000000e+01   3.0000000e+00   1.2000000e+01   0.0000000e+00   0.0000000e+00
   2.0170000e+03   8.0000000e+00   1.9000000e+01   3.0000000e+00   1.3000000e+01   0.0000000e+00   0.0000000e+00
   2.0170000e+03   8.0000000e+00   1.9000000e+01   3.0000000e+00   1.4000000e+01   0.0000000e+00   1.1000001e-01
   2.0170000e+03   8.0000000e+00   1.9000000e+01   3.0000000e+00   1.5000000e+01   0.0000000e+00   4.8999994e-01
   2.0170000e+03   8.0000000e+00   1.9000000e+01   3.0000000e+00   1.6000000e+01   0.0000000e+00   0.0000000e+00
   2.0170000e+03   8.0000000e+00   1.9000000e+01   3.0000000e+00   1.7000000e+01   0.0000000e+00   0.0000000e+00
   2.0170000e+03   8.0000000e+00   1.9000000e+01   3.0000000e+00   1.8000000e+01   0.0000000e+00   0.0000000e+00
   2.0170000e+03   8.0000000e+00   1.9000000e+01   3.0000000e+00   1.9000000e+01   0.0000000e+00   0.0000000e+00
   2.0170000e+03   8.0000000e+00   1.9000000e+01   3.0000000e+00   2.0000000e+01   0.0000000e+00   0.0000000e+00
   2.0170000e+03   8.0000000e+00   1.9000000e+01   3.0000000e+00   2.1000000e+01   0.0000000e+00   1.0999994e-01
   2.0170000e+03   8.0000000e+00   1.9000000e+01   3.0000000e+00   2.2000000e+01   0.0000000e+00   4.9000000e-01
   2.0170000e+03   8.0000000e+00   1.9000000e+01   3.0000000e+00   2.3000000e+01   0.0000000e+00   0.0000000e+00
   2.0170000e+03   8.0000000e+00   1.9000000e+01   3.0000000e+00   2.4000000e+01   0.0000000e+00   0.0000000e+00
   2.0170000e+03   8.0000000e+00   1.9000000e+01   3.0000000e+00   2.5000000e+01   0.0000000e+00   0.0000000e+00
   2.0170000e+03   8.0000000e+00   1.9000000e+01   3.0000000e+00   2.6000000e+01   0.0000000e+00   0.0000000e+00
   2.0170000e+03   8.0000000e+00   1.9000000e+01   3.0000000e+00   2.7000000e+01   0.0000000e+00   0.0000000e+00
   2.0170000e+03   8.0000000e+00   1.9000000e+01   3.0000000e+00   2.8000000e+01   0.0000000e+00   0.0000000e+00
   2.0170000e+03   8.0000000e+00   1.9000000e+01   3.0000000e+00   2.9000000e+01   0.0000000e+00   0.0000000e+00
   2.0170000e+03   8.0000000e+00   1.9000000e+01   3.0000000e+00   3.0000000e+01   0.0000000e+00   0.0000000e+00